万得代码,交易所代码,自然日,时间,成交价,成交量,成交额,成交笔数,IOPV,成交标志,BS标志,当日累计成交量,当日成交额,最高价,最低价,开盘价,前收盘,申卖价1,申卖价2,申卖价3,申卖价4,申卖价5,申卖价6,申卖价7,申卖价8,申卖价9,申卖价10,申卖量1,申卖量2,申卖量3,申卖量4,申卖量5,申卖量6,申卖量7,申卖量8,申卖量9,申卖量10,申买价1,申买价2,申买价3,申买价4,申买价5,申买价6,申买价7,申买价8,申买价9,申买价10,申买量1,申买量2,申买量3,申买量4,申买量5,申买量6,申买量7,申买量8,申买量9,申买量10,加权平均叫卖价,加权平均叫买价,叫卖总量,叫买总量,不加权指数,品种总数,上涨品种数,下跌品种数,持平品种数,
600036.SH,600036,20251209,84512000,0,0,0,0,0,,,0,0,0,0,0,431800,0,0,0,0,0,0,0,0,0,0,0,0,0,0,0,0,0,0,0,0,0,0,0,0,0,0,0,0,0,0,0,0,0,0,0,0,0,0,0,0,0,0,0,0,0,0,0,0,0,
600036.SH,600036,20251209,91400000,0,0,0,0,0,,,0,0,0,0,0,431800,0,0,0,0,0,0,0,0,0,0,0,0,0,0,0,0,0,0,0,0,0,0,0,0,0,0,0,0,0,0,0,0,0,0,0,0,0,0,0,0,0,0,0,0,0,0,0,0,0,
600036.SH,600036,20251209,91503000,0,0,0,0,0,,,0,0,0,0,0,431800,431800,0,0,0,0,0,0,0,0,0,300,4200,0,0,0,0,0,0,0,0,431800,0,0,0,0,0,0,0,0,0,300,0,0,0,0,0,0,0,0,0,440140,424560,87200,36800,0,0,0,0,0,
600036.SH,600036,20251209,91506000,0,0,0,0,0,,,0,0,0,0,0,431800,431800,0,0,0,0,0,0,0,0,0,1800,3900,0,0,0,0,0,0,0,0,431800,0,0,0,0,0,0,0,0,0,1800,0,0,0,0,0,0,0,0,0,442420,422800,379601,137600,0,0,0,0,0,
600036.SH,600036,20251209,91509000,0,0,0,0,0,,,0,0,0,0,0,431800,431900,0,0,0,0,0,0,0,0,0,7000,0,0,0,0,0,0,0,0,0,431900,0,0,0,0,0,0,0,0,0,7000,1000,0,0,0,0,0,0,0,0,442640,423970,606601,315300,0,0,0,0,0,
600036.SH,600036,20251209,91512000,0,0,0,0,0,,,0,0,0,0,0,431800,431900,0,0,0,0,0,0,0,0,0,7500,0,0,0,0,0,0,0,0,0,431900,0,0,0,0,0,0,0,0,0,7500,700,0,0,0,0,0,0,0,0,441220,425130,1053801,570800,0,0,0,0,0,
600036.SH,600036,20251209,91515000,0,0,0,0,0,,,0,0,0,0,0,431800,431800,0,0,0,0,0,0,0,0,0,10200,5800,0,0,0,0,0,0,0,0,431800,0,0,0,0,0,0,0,0,0,10200,0,0,0,0,0,0,0,0,0,441820,424940,1559501,685600,0,0,0,0,0,
600036.SH,600036,20251209,91518000,0,0,0,0,0,,,0,0,0,0,0,431800,431800,0,0,0,0,0,0,0,0,0,11600,4500,0,0,0,0,0,0,0,0,431800,0,0,0,0,0,0,0,0,0,11600,0,0,0,0,0,0,0,0,0,440180,426140,2463230,1170000,0,0,0,0,0,
600036.SH,600036,20251209,91521000,0,0,0,0,0,,,0,0,0,0,0,431800,431700,0,0,0,0,0,0,0,0,0,13900,4200,0,0,0,0,0,0,0,0,431700,0,0,0,0,0,0,0,0,0,13900,0,0,0,0,0,0,0,0,0,439610,426910,3346219,1628900,0,0,0,0,0,
600036.SH,600036,20251209,91524000,0,0,0,0,0,,,0,0,0,0,0,431800,431700,0,0,0,0,0,0,0,0,0,14900,3200,0,0,0,0,0,0,0,0,431700,0,0,0,0,0,0,0,0,0,14900,0,0,0,0,0,0,0,0,0,439600,426600,3748719,1907200,0,0,0,0,0,
600036.SH,600036,20251209,91527000,0,0,0,0,0,,,0,0,0,0,0,431800,431700,0,0,0,0,0,0,0,0,0,16900,1200,0,0,0,0,0,0,0,0,431700,0,0,0,0,0,0,0,0,0,16900,0,0,0,0,0,0,0,0,0,439710,426660,3879119,2064300,0,0,0,0,0,
600036.SH,600036,20251209,91530000,0,0,0,0,0,,,0,0,0,0,0,431800,431700,0,0,0,0,0,0,0,0,0,16900,1200,0,0,0,0,0,0,0,0,431700,0,0,0,0,0,0,0,0,0,16900,0,0,0,0,0,0,0,0,0,439720,426650,3881219,2066000,0,0,0,0,0,
600036.SH,600036,20251209,91533000,0,0,0,0,0,,,0,0,0,0,0,431800,431700,0,0,0,0,0,0,0,0,0,17300,800,0,0,0,0,0,0,0,0,431700,0,0,0,0,0,0,0,0,0,17300,0,0,0,0,0,0,0,0,0,439720,426650,3882219,2068400,0,0,0,0,0,
600036.SH,600036,20251209,91536000,0,0,0,0,0,,,0,0,0,0,0,431800,431700,0,0,0,0,0,0,0,0,0,17300,800,0,0,0,0,0,0,0,0,431700,0,0,0,0,0,0,0,0,0,17300,0,0,0,0,0,0,0,0,0,439720,426650,3883519,2069400,0,0,0,0,0,
600036.SH,600036,20251209,91539000,0,0,0,0,0,,,0,0,0,0,0,431800,431700,0,0,0,0,0,0,0,0,0,17300,800,0,0,0,0,0,0,0,0,431700,0,0,0,0,0,0,0,0,0,17300,0,0,0,0,0,0,0,0,0,439720,426650,3887819,2070600,0,0,0,0,0,
600036.SH,600036,20251209,91542000,0,0,0,0,0,,,0,0,0,0,0,431800,431700,0,0,0,0,0,0,0,0,0,17300,800,0,0,0,0,0,0,0,0,431700,0,0,0,0,0,0,0,0,0,17300,0,0,0,0,0,0,0,0,0,439720,426650,3889219,2072000,0,0,0,0,0,
600036.SH,600036,20251209,91545000,0,0,0,0,0,,,0,0,0,0,0,431800,431700,0,0,0,0,0,0,0,0,0,17300,800,0,0,0,0,0,0,0,0,431700,0,0,0,0,0,0,0,0,0,17300,0,0,0,0,0,0,0,0,0,439720,426640,3890019,2074600,0,0,0,0,0,
600036.SH,600036,20251209,91548000,0,0,0,0,0,,,0,0,0,0,0,431800,431700,0,0,0,0,0,0,0,0,0,18100,0,0,0,0,0,0,0,0,0,431700,0,0,0,0,0,0,0,0,0,18100,200,0,0,0,0,0,0,0,0,439720,426630,3894419,2079100,0,0,0,0,0,
600036.SH,600036,20251209,91551000,0,0,0,0,0,,,0,0,0,0,0,431800,431700,0,0,0,0,0,0,0,0,0,18100,0,0,0,0,0,0,0,0,0,431700,0,0,0,0,0,0,0,0,0,18100,200,0,0,0,0,0,0,0,0,439720,426620,3898019,2082000,0,0,0,0,0,
600036.SH,600036,20251209,91554000,0,0,0,0,0,,,0,0,0,0,0,431800,431700,0,0,0,0,0,0,0,0,0,18100,0,0,0,0,0,0,0,0,0,431700,0,0,0,0,0,0,0,0,0,18100,200,0,0,0,0,0,0,0,0,439710,426620,3924419,2082900,0,0,0,0,0,
600036.SH,600036,20251209,91557000,0,0,0,0,0,,,0,0,0,0,0,431800,431700,0,0,0,0,0,0,0,0,0,18100,0,0,0,0,0,0,0,0,0,431700,0,0,0,0,0,0,0,0,0,18100,200,0,0,0,0,0,0,0,0,439710,426600,3928319,2086200,0,0,0,0,0,
600036.SH,600036,20251209,91600000,0,0,0,0,0,,,0,0,0,0,0,431800,431700,0,0,0,0,0,0,0,0,0,18100,0,0,0,0,0,0,0,0,0,431700,0,0,0,0,0,0,0,0,0,18100,200,0,0,0,0,0,0,0,0,439710,426600,3930419,2088600,0,0,0,0,0,
600036.SH,600036,20251209,91603000,0,0,0,0,0,,,0,0,0,0,0,431800,431700,0,0,0,0,0,0,0,0,0,18100,0,0,0,0,0,0,0,0,0,431700,0,0,0,0,0,0,0,0,0,18100,200,0,0,0,0,0,0,0,0,439720,426600,3930819,2090200,0,0,0,0,0,
600036.SH,600036,20251209,91606000,0,0,0,0,0,,,0,0,0,0,0,431800,431700,0,0,0,0,0,0,0,0,0,18100,0,0,0,0,0,0,0,0,0,431700,0,0,0,0,0,0,0,0,0,18100,400,0,0,0,0,0,0,0,0,439740,426600,3971019,2091300,0,0,0,0,0,
600036.SH,600036,20251209,91609000,0,0,0,0,0,,,0,0,0,0,0,431800,431700,0,0,0,0,0,0,0,0,0,18100,0,0,0,0,0,0,0,0,0,431700,0,0,0,0,0,0,0,0,0,18100,400,0,0,0,0,0,0,0,0,439750,426600,3975619,2092400,0,0,0,0,0,
600036.SH,600036,20251209,91612000,0,0,0,0,0,,,0,0,0,0,0,431800,431800,0,0,0,0,0,0,0,0,0,18700,22500,0,0,0,0,0,0,0,0,431800,0,0,0,0,0,0,0,0,0,18700,0,0,0,0,0,0,0,0,0,439750,426620,3976119,2095000,0,0,0,0,0,
600036.SH,600036,20251209,91615000,0,0,0,0,0,,,0,0,0,0,0,431800,431800,0,0,0,0,0,0,0,0,0,18700,22700,0,0,0,0,0,0,0,0,431800,0,0,0,0,0,0,0,0,0,18700,0,0,0,0,0,0,0,0,0,439760,426620,3979319,2095800,0,0,0,0,0,
600036.SH,600036,20251209,91618000,0,0,0,0,0,,,0,0,0,0,0,431800,431800,0,0,0,0,0,0,0,0,0,18700,22700,0,0,0,0,0,0,0,0,431800,0,0,0,0,0,0,0,0,0,18700,0,0,0,0,0,0,0,0,0,439760,426620,3979519,2095900,0,0,0,0,0,
600036.SH,600036,20251209,91621000,0,0,0,0,0,,,0,0,0,0,0,431800,431800,0,0,0,0,0,0,0,0,0,18700,22700,0,0,0,0,0,0,0,0,431800,0,0,0,0,0,0,0,0,0,18700,0,0,0,0,0,0,0,0,0,439760,426630,3980519,2100200,0,0,0,0,0,
600036.SH,600036,20251209,91624000,0,0,0,0,0,,,0,0,0,0,0,431800,431800,0,0,0,0,0,0,0,0,0,18700,22700,0,0,0,0,0,0,0,0,431800,0,0,0,0,0,0,0,0,0,18700,0,0,0,0,0,0,0,0,0,439760,426630,3981219,2100300,0,0,0,0,0,
600036.SH,600036,20251209,91627000,0,0,0,0,0,,,0,0,0,0,0,431800,431800,0,0,0,0,0,0,0,0,0,19400,22000,0,0,0,0,0,0,0,0,431800,0,0,0,0,0,0,0,0,0,19400,0,0,0,0,0,0,0,0,0,439760,426630,3985219,2101900,0,0,0,0,0,
600036.SH,600036,20251209,91630000,0,0,0,0,0,,,0,0,0,0,0,431800,431800,0,0,0,0,0,0,0,0,0,19500,21900,0,0,0,0,0,0,0,0,431800,0,0,0,0,0,0,0,0,0,19500,0,0,0,0,0,0,0,0,0,439760,426630,3986219,2102500,0,0,0,0,0,
600036.SH,600036,20251209,91633000,0,0,0,0,0,,,0,0,0,0,0,431800,431800,0,0,0,0,0,0,0,0,0,19500,21900,0,0,0,0,0,0,0,0,431800,0,0,0,0,0,0,0,0,0,19500,0,0,0,0,0,0,0,0,0,439760,426630,3986419,2102600,0,0,0,0,0,
600036.SH,600036,20251209,91636000,0,0,0,0,0,,,0,0,0,0,0,431800,431800,0,0,0,0,0,0,0,0,0,19500,22000,0,0,0,0,0,0,0,0,431800,0,0,0,0,0,0,0,0,0,19500,0,0,0,0,0,0,0,0,0,439760,426630,3989019,2102600,0,0,0,0,0,
600036.SH,600036,20251209,91639000,0,0,0,0,0,,,0,0,0,0,0,431800,431800,0,0,0,0,0,0,0,0,0,19500,22000,0,0,0,0,0,0,0,0,431800,0,0,0,0,0,0,0,0,0,19500,0,0,0,0,0,0,0,0,0,439760,426630,3989119,2102900,0,0,0,0,0,
600036.SH,600036,20251209,91642000,0,0,0,0,0,,,0,0,0,0,0,431800,431700,0,0,0,0,0,0,0,0,0,20100,900,0,0,0,0,0,0,0,0,431700,0,0,0,0,0,0,0,0,0,20100,0,0,0,0,0,0,0,0,0,439750,426630,3993219,2102900,0,0,0,0,0,
600036.SH,600036,20251209,91645000,0,0,0,0,0,,,0,0,0,0,0,431800,431700,0,0,0,0,0,0,0,0,0,20100,900,0,0,0,0,0,0,0,0,431700,0,0,0,0,0,0,0,0,0,20100,0,0,0,0,0,0,0,0,0,439750,426630,3993719,2104900,0,0,0,0,0,
600036.SH,600036,20251209,91648000,0,0,0,0,0,,,0,0,0,0,0,431800,431700,0,0,0,0,0,0,0,0,0,20100,900,0,0,0,0,0,0,0,0,431700,0,0,0,0,0,0,0,0,0,20100,0,0,0,0,0,0,0,0,0,439750,426630,3995919,2104900,0,0,0,0,0,
600036.SH,600036,20251209,91651000,0,0,0,0,0,,,0,0,0,0,0,431800,431700,0,0,0,0,0,0,0,0,0,20100,900,0,0,0,0,0,0,0,0,431700,0,0,0,0,0,0,0,0,0,20100,0,0,0,0,0,0,0,0,0,439750,426630,3999119,2105200,0,0,0,0,0,
600036.SH,600036,20251209,91654000,0,0,0,0,0,,,0,0,0,0,0,431800,431700,0,0,0,0,0,0,0,0,0,20400,600,0,0,0,0,0,0,0,0,431700,0,0,0,0,0,0,0,0,0,20400,0,0,0,0,0,0,0,0,0,439750,426630,3999319,2106500,0,0,0,0,0,
600036.SH,600036,20251209,91657000,0,0,0,0,0,,,0,0,0,0,0,431800,431700,0,0,0,0,0,0,0,0,0,20400,800,0,0,0,0,0,0,0,0,431700,0,0,0,0,0,0,0,0,0,20400,0,0,0,0,0,0,0,0,0,439750,426630,4000519,2104500,0,0,0,0,0,
600036.SH,600036,20251209,91700000,0,0,0,0,0,,,0,0,0,0,0,431800,431700,0,0,0,0,0,0,0,0,0,20300,900,0,0,0,0,0,0,0,0,431700,0,0,0,0,0,0,0,0,0,20300,0,0,0,0,0,0,0,0,0,439750,426630,4002219,2104200,0,0,0,0,0,
600036.SH,600036,20251209,91703000,0,0,0,0,0,,,0,0,0,0,0,431800,431700,0,0,0,0,0,0,0,0,0,20300,900,0,0,0,0,0,0,0,0,431700,0,0,0,0,0,0,0,0,0,20300,0,0,0,0,0,0,0,0,0,439750,426630,4003019,2107300,0,0,0,0,0,
600036.SH,600036,20251209,91706000,0,0,0,0,0,,,0,0,0,0,0,431800,431700,0,0,0,0,0,0,0,0,0,20400,1200,0,0,0,0,0,0,0,0,431700,0,0,0,0,0,0,0,0,0,20400,0,0,0,0,0,0,0,0,0,439750,426630,4003719,2107500,0,0,0,0,0,
600036.SH,600036,20251209,91709000,0,0,0,0,0,,,0,0,0,0,0,431800,431700,0,0,0,0,0,0,0,0,0,20400,1200,0,0,0,0,0,0,0,0,431700,0,0,0,0,0,0,0,0,0,20400,0,0,0,0,0,0,0,0,0,439750,426640,4004219,2097800,0,0,0,0,0,
600036.SH,600036,20251209,91712000,0,0,0,0,0,,,0,0,0,0,0,431800,431700,0,0,0,0,0,0,0,0,0,21600,0,0,0,0,0,0,0,0,0,431700,0,0,0,0,0,0,0,0,0,21600,0,0,0,0,0,0,0,0,0,439720,426640,4056719,2102000,0,0,0,0,0,
600036.SH,600036,20251209,91715000,0,0,0,0,0,,,0,0,0,0,0,431800,431700,0,0,0,0,0,0,0,0,0,21600,0,0,0,0,0,0,0,0,0,431700,0,0,0,0,0,0,0,0,0,21600,0,0,0,0,0,0,0,0,0,439720,426650,4057119,2103000,0,0,0,0,0,
600036.SH,600036,20251209,91718000,0,0,0,0,0,,,0,0,0,0,0,431800,431700,0,0,0,0,0,0,0,0,0,21600,0,0,0,0,0,0,0,0,0,431700,0,0,0,0,0,0,0,0,0,21600,0,0,0,0,0,0,0,0,0,439720,426650,4058119,2103200,0,0,0,0,0,
600036.SH,600036,20251209,91721000,0,0,0,0,0,,,0,0,0,0,0,431800,431700,0,0,0,0,0,0,0,0,0,21600,0,0,0,0,0,0,0,0,0,431700,0,0,0,0,0,0,0,0,0,21600,0,0,0,0,0,0,0,0,0,439720,426650,4061419,2104500,0,0,0,0,0,
600036.SH,600036,20251209,91724000,0,0,0,0,0,,,0,0,0,0,0,431800,431700,0,0,0,0,0,0,0,0,0,21600,0,0,0,0,0,0,0,0,0,431700,0,0,0,0,0,0,0,0,0,21600,0,0,0,0,0,0,0,0,0,439710,426650,4074419,2105600,0,0,0,0,0,
600036.SH,600036,20251209,91727000,0,0,0,0,0,,,0,0,0,0,0,431800,431700,0,0,0,0,0,0,0,0,0,21600,0,0,0,0,0,0,0,0,0,431700,0,0,0,0,0,0,0,0,0,21600,0,0,0,0,0,0,0,0,0,439710,426650,4076919,2106300,0,0,0,0,0,
600036.SH,600036,20251209,91730000,0,0,0,0,0,,,0,0,0,0,0,431800,431700,0,0,0,0,0,0,0,0,0,21600,2300,0,0,0,0,0,0,0,0,431700,0,0,0,0,0,0,0,0,0,21600,0,0,0,0,0,0,0,0,0,439700,426650,4080019,2106500,0,0,0,0,0,
600036.SH,600036,20251209,91733000,0,0,0,0,0,,,0,0,0,0,0,431800,431700,0,0,0,0,0,0,0,0,0,21600,2300,0,0,0,0,0,0,0,0,431700,0,0,0,0,0,0,0,0,0,21600,0,0,0,0,0,0,0,0,0,439710,426650,4080719,2107200,0,0,0,0,0,
600036.SH,600036,20251209,91736000,0,0,0,0,0,,,0,0,0,0,0,431800,431700,0,0,0,0,0,0,0,0,0,21200,2700,0,0,0,0,0,0,0,0,431700,0,0,0,0,0,0,0,0,0,21200,0,0,0,0,0,0,0,0,0,439710,426650,4080619,2107500,0,0,0,0,0,
600036.SH,600036,20251209,91739000,0,0,0,0,0,,,0,0,0,0,0,431800,431700,0,0,0,0,0,0,0,0,0,21200,2700,0,0,0,0,0,0,0,0,431700,0,0,0,0,0,0,0,0,0,21200,0,0,0,0,0,0,0,0,0,439700,426650,4083619,2110300,0,0,0,0,0,
600036.SH,600036,20251209,91742000,0,0,0,0,0,,,0,0,0,0,0,431800,431700,0,0,0,0,0,0,0,0,0,21200,2700,0,0,0,0,0,0,0,0,431700,0,0,0,0,0,0,0,0,0,21200,0,0,0,0,0,0,0,0,0,439680,426650,4104119,2110300,0,0,0,0,0,
600036.SH,600036,20251209,91745000,0,0,0,0,0,,,0,0,0,0,0,431800,431700,0,0,0,0,0,0,0,0,0,21200,2700,0,0,0,0,0,0,0,0,431700,0,0,0,0,0,0,0,0,0,21200,0,0,0,0,0,0,0,0,0,439690,426650,4114819,2110300,0,0,0,0,0,
600036.SH,600036,20251209,91748000,0,0,0,0,0,,,0,0,0,0,0,431800,431700,0,0,0,0,0,0,0,0,0,21200,2800,0,0,0,0,0,0,0,0,431700,0,0,0,0,0,0,0,0,0,21200,0,0,0,0,0,0,0,0,0,439690,426650,4114919,2111300,0,0,0,0,0,
600036.SH,600036,20251209,91751000,0,0,0,0,0,,,0,0,0,0,0,431800,431700,0,0,0,0,0,0,0,0,0,22100,1900,0,0,0,0,0,0,0,0,431700,0,0,0,0,0,0,0,0,0,22100,0,0,0,0,0,0,0,0,0,439690,426660,4115319,2112200,0,0,0,0,0,
600036.SH,600036,20251209,91754000,0,0,0,0,0,,,0,0,0,0,0,431800,431700,0,0,0,0,0,0,0,0,0,22100,1900,0,0,0,0,0,0,0,0,431700,0,0,0,0,0,0,0,0,0,22100,0,0,0,0,0,0,0,0,0,439690,426660,4116519,2113400,0,0,0,0,0,
600036.SH,600036,20251209,91757000,0,0,0,0,0,,,0,0,0,0,0,431800,431700,0,0,0,0,0,0,0,0,0,22100,5100,0,0,0,0,0,0,0,0,431700,0,0,0,0,0,0,0,0,0,22100,0,0,0,0,0,0,0,0,0,439680,426660,4120319,2113400,0,0,0,0,0,
600036.SH,600036,20251209,91800000,0,0,0,0,0,,,0,0,0,0,0,431800,431700,0,0,0,0,0,0,0,0,0,22100,5100,0,0,0,0,0,0,0,0,431700,0,0,0,0,0,0,0,0,0,22100,0,0,0,0,0,0,0,0,0,439680,426660,4125919,2115000,0,0,0,0,0,
600036.SH,600036,20251209,91803000,0,0,0,0,0,,,0,0,0,0,0,431800,431700,0,0,0,0,0,0,0,0,0,22100,5100,0,0,0,0,0,0,0,0,431700,0,0,0,0,0,0,0,0,0,22100,0,0,0,0,0,0,0,0,0,439680,426670,4125919,2120600,0,0,0,0,0,
600036.SH,600036,20251209,91809000,0,0,0,0,0,,,0,0,0,0,0,431800,431700,0,0,0,0,0,0,0,0,0,22200,5000,0,0,0,0,0,0,0,0,431700,0,0,0,0,0,0,0,0,0,22200,0,0,0,0,0,0,0,0,0,439680,426670,4125919,2120700,0,0,0,0,0,
600036.SH,600036,20251209,91812000,0,0,0,0,0,,,0,0,0,0,0,431800,431700,0,0,0,0,0,0,0,0,0,22500,4700,0,0,0,0,0,0,0,0,431700,0,0,0,0,0,0,0,0,0,22500,0,0,0,0,0,0,0,0,0,439680,426670,4128019,2121600,0,0,0,0,0,
600036.SH,600036,20251209,91815000,0,0,0,0,0,,,0,0,0,0,0,431800,431700,0,0,0,0,0,0,0,0,0,22500,4700,0,0,0,0,0,0,0,0,431700,0,0,0,0,0,0,0,0,0,22500,0,0,0,0,0,0,0,0,0,439680,426670,4128219,2123500,0,0,0,0,0,
600036.SH,600036,20251209,91818000,0,0,0,0,0,,,0,0,0,0,0,431800,431700,0,0,0,0,0,0,0,0,0,22500,4700,0,0,0,0,0,0,0,0,431700,0,0,0,0,0,0,0,0,0,22500,0,0,0,0,0,0,0,0,0,439680,426660,4131219,2124900,0,0,0,0,0,
600036.SH,600036,20251209,91821000,0,0,0,0,0,,,0,0,0,0,0,431800,431700,0,0,0,0,0,0,0,0,0,22500,4700,0,0,0,0,0,0,0,0,431700,0,0,0,0,0,0,0,0,0,22500,0,0,0,0,0,0,0,0,0,439680,426660,4132519,2125200,0,0,0,0,0,
600036.SH,600036,20251209,91824000,0,0,0,0,0,,,0,0,0,0,0,431800,431700,0,0,0,0,0,0,0,0,0,22500,4700,0,0,0,0,0,0,0,0,431700,0,0,0,0,0,0,0,0,0,22500,0,0,0,0,0,0,0,0,0,439680,426670,4132719,2126100,0,0,0,0,0,
600036.SH,600036,20251209,91827000,0,0,0,0,0,,,0,0,0,0,0,431800,431700,0,0,0,0,0,0,0,0,0,22500,4700,0,0,0,0,0,0,0,0,431700,0,0,0,0,0,0,0,0,0,22500,0,0,0,0,0,0,0,0,0,439680,426670,4134019,2127000,0,0,0,0,0,
600036.SH,600036,20251209,91830000,0,0,0,0,0,,,0,0,0,0,0,431800,431700,0,0,0,0,0,0,0,0,0,22500,4700,0,0,0,0,0,0,0,0,431700,0,0,0,0,0,0,0,0,0,22500,0,0,0,0,0,0,0,0,0,439680,426670,4134619,2128100,0,0,0,0,0,
600036.SH,600036,20251209,91833000,0,0,0,0,0,,,0,0,0,0,0,431800,431700,0,0,0,0,0,0,0,0,0,22500,4700,0,0,0,0,0,0,0,0,431700,0,0,0,0,0,0,0,0,0,22500,0,0,0,0,0,0,0,0,0,439680,426670,4136119,2129800,0,0,0,0,0,
600036.SH,600036,20251209,91836000,0,0,0,0,0,,,0,0,0,0,0,431800,431700,0,0,0,0,0,0,0,0,0,22500,4700,0,0,0,0,0,0,0,0,431700,0,0,0,0,0,0,0,0,0,22500,0,0,0,0,0,0,0,0,0,439680,426680,4136519,2130800,0,0,0,0,0,
600036.SH,600036,20251209,91839000,0,0,0,0,0,,,0,0,0,0,0,431800,431700,0,0,0,0,0,0,0,0,0,22500,4700,0,0,0,0,0,0,0,0,431700,0,0,0,0,0,0,0,0,0,22500,0,0,0,0,0,0,0,0,0,439680,426680,4136519,2135500,0,0,0,0,0,
600036.SH,600036,20251209,91842000,0,0,0,0,0,,,0,0,0,0,0,431800,431700,0,0,0,0,0,0,0,0,0,22500,4700,0,0,0,0,0,0,0,0,431700,0,0,0,0,0,0,0,0,0,22500,0,0,0,0,0,0,0,0,0,439680,426680,4137119,2135600,0,0,0,0,0,
600036.SH,600036,20251209,91845000,0,0,0,0,0,,,0,0,0,0,0,431800,431700,0,0,0,0,0,0,0,0,0,22500,4700,0,0,0,0,0,0,0,0,431700,0,0,0,0,0,0,0,0,0,22500,0,0,0,0,0,0,0,0,0,439680,426680,4138219,2136200,0,0,0,0,0,
600036.SH,600036,20251209,91848000,0,0,0,0,0,,,0,0,0,0,0,431800,431700,0,0,0,0,0,0,0,0,0,22500,4700,0,0,0,0,0,0,0,0,431700,0,0,0,0,0,0,0,0,0,22500,0,0,0,0,0,0,0,0,0,439680,426680,4139619,2136200,0,0,0,0,0,
600036.SH,600036,20251209,91851000,0,0,0,0,0,,,0,0,0,0,0,431800,431700,0,0,0,0,0,0,0,0,0,22500,5300,0,0,0,0,0,0,0,0,431700,0,0,0,0,0,0,0,0,0,22500,0,0,0,0,0,0,0,0,0,439670,426680,4144719,2135700,0,0,0,0,0,
600036.SH,600036,20251209,91854000,0,0,0,0,0,,,0,0,0,0,0,431800,431700,0,0,0,0,0,0,0,0,0,22500,5300,0,0,0,0,0,0,0,0,431700,0,0,0,0,0,0,0,0,0,22500,0,0,0,0,0,0,0,0,0,439670,426670,4144919,2126000,0,0,0,0,0,
600036.SH,600036,20251209,91857000,0,0,0,0,0,,,0,0,0,0,0,431800,431700,0,0,0,0,0,0,0,0,0,22500,5300,0,0,0,0,0,0,0,0,431700,0,0,0,0,0,0,0,0,0,22500,0,0,0,0,0,0,0,0,0,439670,426670,4145319,2126100,0,0,0,0,0,
600036.SH,600036,20251209,91900000,0,0,0,0,0,,,0,0,0,0,0,431800,431700,0,0,0,0,0,0,0,0,0,22500,5300,0,0,0,0,0,0,0,0,431700,0,0,0,0,0,0,0,0,0,22500,0,0,0,0,0,0,0,0,0,439670,426670,4144919,2129400,0,0,0,0,0,
600036.SH,600036,20251209,91903000,0,0,0,0,0,,,0,0,0,0,0,431800,431700,0,0,0,0,0,0,0,0,0,22600,5200,0,0,0,0,0,0,0,0,431700,0,0,0,0,0,0,0,0,0,22600,0,0,0,0,0,0,0,0,0,439670,426670,4145219,2131900,0,0,0,0,0,
600036.SH,600036,20251209,91906000,0,0,0,0,0,,,0,0,0,0,0,431800,431700,0,0,0,0,0,0,0,0,0,22700,5500,0,0,0,0,0,0,0,0,431700,0,0,0,0,0,0,0,0,0,22700,0,0,0,0,0,0,0,0,0,439670,426670,4144819,2132500,0,0,0,0,0,
600036.SH,600036,20251209,91909000,0,0,0,0,0,,,0,0,0,0,0,431800,431700,0,0,0,0,0,0,0,0,0,22700,5500,0,0,0,0,0,0,0,0,431700,0,0,0,0,0,0,0,0,0,22700,0,0,0,0,0,0,0,0,0,439670,426680,4147119,2132800,0,0,0,0,0,
600036.SH,600036,20251209,91912000,0,0,0,0,0,,,0,0,0,0,0,431800,431700,0,0,0,0,0,0,0,0,0,23400,4800,0,0,0,0,0,0,0,0,431700,0,0,0,0,0,0,0,0,0,23400,0,0,0,0,0,0,0,0,0,439670,426690,4147119,2136700,0,0,0,0,0,
600036.SH,600036,20251209,91915000,0,0,0,0,0,,,0,0,0,0,0,431800,431700,0,0,0,0,0,0,0,0,0,23300,5400,0,0,0,0,0,0,0,0,431700,0,0,0,0,0,0,0,0,0,23300,0,0,0,0,0,0,0,0,0,439690,426690,4156019,2137200,0,0,0,0,0,
600036.SH,600036,20251209,91918000,0,0,0,0,0,,,0,0,0,0,0,431800,431700,0,0,0,0,0,0,0,0,0,23300,5400,0,0,0,0,0,0,0,0,431700,0,0,0,0,0,0,0,0,0,23300,0,0,0,0,0,0,0,0,0,439680,426700,4161419,2137500,0,0,0,0,0,
600036.SH,600036,20251209,91921000,0,0,0,0,0,,,0,0,0,0,0,431800,431700,0,0,0,0,0,0,0,0,0,23300,5400,0,0,0,0,0,0,0,0,431700,0,0,0,0,0,0,0,0,0,23300,0,0,0,0,0,0,0,0,0,439680,426690,4162119,2138200,0,0,0,0,0,
600036.SH,600036,20251209,91924000,0,0,0,0,0,,,0,0,0,0,0,431800,431700,0,0,0,0,0,0,0,0,0,23300,5400,0,0,0,0,0,0,0,0,431700,0,0,0,0,0,0,0,0,0,23300,0,0,0,0,0,0,0,0,0,439680,426700,4162119,2140500,0,0,0,0,0,
600036.SH,600036,20251209,91927000,0,0,0,0,0,,,0,0,0,0,0,431800,431700,0,0,0,0,0,0,0,0,0,23800,5200,0,0,0,0,0,0,0,0,431700,0,0,0,0,0,0,0,0,0,23800,0,0,0,0,0,0,0,0,0,439680,426690,4167719,2143900,0,0,0,0,0,
600036.SH,600036,20251209,91930000,0,0,0,0,0,,,0,0,0,0,0,431800,431700,0,0,0,0,0,0,0,0,0,23900,5100,0,0,0,0,0,0,0,0,431700,0,0,0,0,0,0,0,0,0,23900,0,0,0,0,0,0,0,0,0,439680,426690,4168419,2144600,0,0,0,0,0,
600036.SH,600036,20251209,91933000,0,0,0,0,0,,,0,0,0,0,0,431800,431700,0,0,0,0,0,0,0,0,0,23900,5300,0,0,0,0,0,0,0,0,431700,0,0,0,0,0,0,0,0,0,23900,0,0,0,0,0,0,0,0,0,439680,426690,4167819,2144600,0,0,0,0,0,
600036.SH,600036,20251209,91936000,0,0,0,0,0,,,0,0,0,0,0,431800,431700,0,0,0,0,0,0,0,0,0,23600,5600,0,0,0,0,0,0,0,0,431700,0,0,0,0,0,0,0,0,0,23600,0,0,0,0,0,0,0,0,0,439680,426690,4168319,2144400,0,0,0,0,0,
600036.SH,600036,20251209,91939000,0,0,0,0,0,,,0,0,0,0,0,431800,431700,0,0,0,0,0,0,0,0,0,23600,5600,0,0,0,0,0,0,0,0,431700,0,0,0,0,0,0,0,0,0,23600,0,0,0,0,0,0,0,0,0,439680,426640,4170319,2147600,0,0,0,0,0,
600036.SH,600036,20251209,91942000,0,0,0,0,0,,,0,0,0,0,0,431800,431700,0,0,0,0,0,0,0,0,0,23600,5600,0,0,0,0,0,0,0,0,431700,0,0,0,0,0,0,0,0,0,23600,0,0,0,0,0,0,0,0,0,439690,426640,4176019,2147600,0,0,0,0,0,
600036.SH,600036,20251209,91945000,0,0,0,0,0,,,0,0,0,0,0,431800,431700,0,0,0,0,0,0,0,0,0,23900,5300,0,0,0,0,0,0,0,0,431700,0,0,0,0,0,0,0,0,0,23900,0,0,0,0,0,0,0,0,0,439690,426640,4177619,2148800,0,0,0,0,0,
600036.SH,600036,20251209,91948000,0,0,0,0,0,,,0,0,0,0,0,431800,431700,0,0,0,0,0,0,0,0,0,23900,5300,0,0,0,0,0,0,0,0,431700,0,0,0,0,0,0,0,0,0,23900,0,0,0,0,0,0,0,0,0,439690,426640,4188619,2149800,0,0,0,0,0,
600036.SH,600036,20251209,91951000,0,0,0,0,0,,,0,0,0,0,0,431800,431700,0,0,0,0,0,0,0,0,0,23900,5300,0,0,0,0,0,0,0,0,431700,0,0,0,0,0,0,0,0,0,23900,0,0,0,0,0,0,0,0,0,439690,426640,4189719,2150000,0,0,0,0,0,
600036.SH,600036,20251209,91954000,0,0,0,0,0,,,0,0,0,0,0,431800,431700,0,0,0,0,0,0,0,0,0,23900,5300,0,0,0,0,0,0,0,0,431700,0,0,0,0,0,0,0,0,0,23900,0,0,0,0,0,0,0,0,0,439690,426650,4190719,2153600,0,0,0,0,0,
600036.SH,600036,20251209,91957000,0,0,0,0,0,,,0,0,0,0,0,431800,431700,0,0,0,0,0,0,0,0,0,23900,5300,0,0,0,0,0,0,0,0,431700,0,0,0,0,0,0,0,0,0,23900,0,0,0,0,0,0,0,0,0,439690,426650,4196619,2155300,0,0,0,0,0,
600036.SH,600036,20251209,92000000,0,0,0,0,0,,,0,0,0,0,0,431800,431700,0,0,0,0,0,0,0,0,0,25200,4100,0,0,0,0,0,0,0,0,431700,0,0,0,0,0,0,0,0,0,25200,0,0,0,0,0,0,0,0,0,439690,426670,4197219,2159000,0,0,0,0,0,
600036.SH,600036,20251209,92003000,0,0,0,0,0,,,0,0,0,0,0,431800,431700,0,0,0,0,0,0,0,0,0,25600,4700,0,0,0,0,0,0,0,0,431700,0,0,0,0,0,0,0,0,0,25600,0,0,0,0,0,0,0,0,0,439680,426690,4200419,2167700,0,0,0,0,0,
600036.SH,600036,20251209,92006000,0,0,0,0,0,,,0,0,0,0,0,431800,431700,0,0,0,0,0,0,0,0,0,25600,4700,0,0,0,0,0,0,0,0,431700,0,0,0,0,0,0,0,0,0,25600,0,0,0,0,0,0,0,0,0,439680,426690,4201219,2168000,0,0,0,0,0,
600036.SH,600036,20251209,92009000,0,0,0,0,0,,,0,0,0,0,0,431800,431700,0,0,0,0,0,0,0,0,0,25600,4700,0,0,0,0,0,0,0,0,431700,0,0,0,0,0,0,0,0,0,25600,0,0,0,0,0,0,0,0,0,439680,426690,4202119,2168000,0,0,0,0,0,
600036.SH,600036,20251209,92012000,0,0,0,0,0,,,0,0,0,0,0,431800,431700,0,0,0,0,0,0,0,0,0,25600,4700,0,0,0,0,0,0,0,0,431700,0,0,0,0,0,0,0,0,0,25600,0,0,0,0,0,0,0,0,0,439680,426690,4204219,2168000,0,0,0,0,0,
600036.SH,600036,20251209,92015000,0,0,0,0,0,,,0,0,0,0,0,431800,431700,0,0,0,0,0,0,0,0,0,25600,7500,0,0,0,0,0,0,0,0,431700,0,0,0,0,0,0,0,0,0,25600,0,0,0,0,0,0,0,0,0,439670,426690,4207719,2171200,0,0,0,0,0,
600036.SH,600036,20251209,92018000,0,0,0,0,0,,,0,0,0,0,0,431800,431700,0,0,0,0,0,0,0,0,0,25600,7500,0,0,0,0,0,0,0,0,431700,0,0,0,0,0,0,0,0,0,25600,0,0,0,0,0,0,0,0,0,439670,426690,4208219,2171200,0,0,0,0,0,
600036.SH,600036,20251209,92021000,0,0,0,0,0,,,0,0,0,0,0,431800,431700,0,0,0,0,0,0,0,0,0,25600,7500,0,0,0,0,0,0,0,0,431700,0,0,0,0,0,0,0,0,0,25600,0,0,0,0,0,0,0,0,0,439670,426690,4209319,2173500,0,0,0,0,0,
600036.SH,600036,20251209,92024000,0,0,0,0,0,,,0,0,0,0,0,431800,431700,0,0,0,0,0,0,0,0,0,25600,7500,0,0,0,0,0,0,0,0,431700,0,0,0,0,0,0,0,0,0,25600,0,0,0,0,0,0,0,0,0,439670,426690,4212619,2173500,0,0,0,0,0,
600036.SH,600036,20251209,92027000,0,0,0,0,0,,,0,0,0,0,0,431800,431700,0,0,0,0,0,0,0,0,0,25600,7500,0,0,0,0,0,0,0,0,431700,0,0,0,0,0,0,0,0,0,25600,0,0,0,0,0,0,0,0,0,439670,427270,4213619,2637700,0,0,0,0,0,
600036.SH,600036,20251209,92030000,0,0,0,0,0,,,0,0,0,0,0,431800,431700,0,0,0,0,0,0,0,0,0,25600,7500,0,0,0,0,0,0,0,0,431700,0,0,0,0,0,0,0,0,0,25600,0,0,0,0,0,0,0,0,0,439910,427270,4244019,2638100,0,0,0,0,0,
600036.SH,600036,20251209,92033000,0,0,0,0,0,,,0,0,0,0,0,431800,431700,0,0,0,0,0,0,0,0,0,25700,10300,0,0,0,0,0,0,0,0,431700,0,0,0,0,0,0,0,0,0,25700,0,0,0,0,0,0,0,0,0,439850,427270,4278419,2639300,0,0,0,0,0,
600036.SH,600036,20251209,92036000,0,0,0,0,0,,,0,0,0,0,0,431800,431700,0,0,0,0,0,0,0,0,0,25700,10300,0,0,0,0,0,0,0,0,431700,0,0,0,0,0,0,0,0,0,25700,0,0,0,0,0,0,0,0,0,439840,427270,4280919,2640300,0,0,0,0,0,
600036.SH,600036,20251209,92039000,0,0,0,0,0,,,0,0,0,0,0,431800,431700,0,0,0,0,0,0,0,0,0,25700,10300,0,0,0,0,0,0,0,0,431700,0,0,0,0,0,0,0,0,0,25700,0,0,0,0,0,0,0,0,0,439840,427280,4281719,2644000,0,0,0,0,0,
600036.SH,600036,20251209,92042000,0,0,0,0,0,,,0,0,0,0,0,431800,431700,0,0,0,0,0,0,0,0,0,25700,13700,0,0,0,0,0,0,0,0,431700,0,0,0,0,0,0,0,0,0,25700,0,0,0,0,0,0,0,0,0,439840,427280,4288119,2645300,0,0,0,0,0,
600036.SH,600036,20251209,92045000,0,0,0,0,0,,,0,0,0,0,0,431800,431700,0,0,0,0,0,0,0,0,0,25700,13700,0,0,0,0,0,0,0,0,431700,0,0,0,0,0,0,0,0,0,25700,0,0,0,0,0,0,0,0,0,439840,427280,4288519,2645800,0,0,0,0,0,
600036.SH,600036,20251209,92048000,0,0,0,0,0,,,0,0,0,0,0,431800,431700,0,0,0,0,0,0,0,0,0,25700,13700,0,0,0,0,0,0,0,0,431700,0,0,0,0,0,0,0,0,0,25700,0,0,0,0,0,0,0,0,0,439850,427280,4292819,2648000,0,0,0,0,0,
600036.SH,600036,20251209,92051000,0,0,0,0,0,,,0,0,0,0,0,431800,431700,0,0,0,0,0,0,0,0,0,25700,13700,0,0,0,0,0,0,0,0,431700,0,0,0,0,0,0,0,0,0,25700,0,0,0,0,0,0,0,0,0,439850,427280,4296019,2649100,0,0,0,0,0,
600036.SH,600036,20251209,92054000,0,0,0,0,0,,,0,0,0,0,0,431800,431700,0,0,0,0,0,0,0,0,0,25700,13700,0,0,0,0,0,0,0,0,431700,0,0,0,0,0,0,0,0,0,25700,0,0,0,0,0,0,0,0,0,439850,427280,4298419,2654300,0,0,0,0,0,
600036.SH,600036,20251209,92057000,0,0,0,0,0,,,0,0,0,0,0,431800,431700,0,0,0,0,0,0,0,0,0,25700,13700,0,0,0,0,0,0,0,0,431700,0,0,0,0,0,0,0,0,0,25700,0,0,0,0,0,0,0,0,0,439860,427280,4299019,2655500,0,0,0,0,0,
600036.SH,600036,20251209,92100000,0,0,0,0,0,,,0,0,0,0,0,431800,431700,0,0,0,0,0,0,0,0,0,25700,15700,0,0,0,0,0,0,0,0,431700,0,0,0,0,0,0,0,0,0,25700,0,0,0,0,0,0,0,0,0,439850,427280,4302919,2655600,0,0,0,0,0,
600036.SH,600036,20251209,92103000,0,0,0,0,0,,,0,0,0,0,0,431800,431700,0,0,0,0,0,0,0,0,0,25700,15700,0,0,0,0,0,0,0,0,431700,0,0,0,0,0,0,0,0,0,25700,0,0,0,0,0,0,0,0,0,439850,427280,4307119,2656000,0,0,0,0,0,
600036.SH,600036,20251209,92106000,0,0,0,0,0,,,0,0,0,0,0,431800,431700,0,0,0,0,0,0,0,0,0,26000,15400,0,0,0,0,0,0,0,0,431700,0,0,0,0,0,0,0,0,0,26000,0,0,0,0,0,0,0,0,0,439850,427290,4309219,2658100,0,0,0,0,0,
600036.SH,600036,20251209,92109000,0,0,0,0,0,,,0,0,0,0,0,431800,431700,0,0,0,0,0,0,0,0,0,26000,15400,0,0,0,0,0,0,0,0,431700,0,0,0,0,0,0,0,0,0,26000,0,0,0,0,0,0,0,0,0,439850,427290,4309419,2661200,0,0,0,0,0,
600036.SH,600036,20251209,92112000,0,0,0,0,0,,,0,0,0,0,0,431800,431700,0,0,0,0,0,0,0,0,0,26000,15400,0,0,0,0,0,0,0,0,431700,0,0,0,0,0,0,0,0,0,26000,0,0,0,0,0,0,0,0,0,439850,427290,4310519,2661400,0,0,0,0,0,
600036.SH,600036,20251209,92115000,0,0,0,0,0,,,0,0,0,0,0,431800,431700,0,0,0,0,0,0,0,0,0,26200,15500,0,0,0,0,0,0,0,0,431700,0,0,0,0,0,0,0,0,0,26200,0,0,0,0,0,0,0,0,0,439850,427290,4313319,2663600,0,0,0,0,0,
600036.SH,600036,20251209,92118000,0,0,0,0,0,,,0,0,0,0,0,431800,431700,0,0,0,0,0,0,0,0,0,26300,15400,0,0,0,0,0,0,0,0,431700,0,0,0,0,0,0,0,0,0,26300,0,0,0,0,0,0,0,0,0,439830,427290,4324219,2664200,0,0,0,0,0,
600036.SH,600036,20251209,92121000,0,0,0,0,0,,,0,0,0,0,0,431800,431400,0,0,0,0,0,0,0,0,0,28100,0,0,0,0,0,0,0,0,0,431400,0,0,0,0,0,0,0,0,0,28100,2200,0,0,0,0,0,0,0,0,439830,427290,4328119,2665000,0,0,0,0,0,
600036.SH,600036,20251209,92124000,0,0,0,0,0,,,0,0,0,0,0,431800,431300,0,0,0,0,0,0,0,0,0,30900,0,0,0,0,0,0,0,0,0,431300,0,0,0,0,0,0,0,0,0,30900,700,0,0,0,0,0,0,0,0,439820,427290,4332119,2665800,0,0,0,0,0,
600036.SH,600036,20251209,92127000,0,0,0,0,0,,,0,0,0,0,0,431800,431300,0,0,0,0,0,0,0,0,0,31500,0,0,0,0,0,0,0,0,0,431300,0,0,0,0,0,0,0,0,0,31500,300,0,0,0,0,0,0,0,0,439820,427290,4333519,2666100,0,0,0,0,0,
600036.SH,600036,20251209,92130000,0,0,0,0,0,,,0,0,0,0,0,431800,431300,0,0,0,0,0,0,0,0,0,31600,0,0,0,0,0,0,0,0,0,431300,0,0,0,0,0,0,0,0,0,31600,200,0,0,0,0,0,0,0,0,439980,427290,4353719,2667900,0,0,0,0,0,
600036.SH,600036,20251209,92133000,0,0,0,0,0,,,0,0,0,0,0,431800,431300,0,0,0,0,0,0,0,0,0,31600,0,0,0,0,0,0,0,0,0,431300,0,0,0,0,0,0,0,0,0,31600,200,0,0,0,0,0,0,0,0,439980,427290,4357419,2669300,0,0,0,0,0,
600036.SH,600036,20251209,92136000,0,0,0,0,0,,,0,0,0,0,0,431800,431300,0,0,0,0,0,0,0,0,0,31600,0,0,0,0,0,0,0,0,0,431300,0,0,0,0,0,0,0,0,0,31600,200,0,0,0,0,0,0,0,0,439980,427290,4360119,2670000,0,0,0,0,0,
600036.SH,600036,20251209,92139000,0,0,0,0,0,,,0,0,0,0,0,431800,431300,0,0,0,0,0,0,0,0,0,31600,0,0,0,0,0,0,0,0,0,431300,0,0,0,0,0,0,0,0,0,31600,300,0,0,0,0,0,0,0,0,439980,427290,4360619,2670400,0,0,0,0,0,
600036.SH,600036,20251209,92142000,0,0,0,0,0,,,0,0,0,0,0,431800,431200,0,0,0,0,0,0,0,0,0,32200,0,0,0,0,0,0,0,0,0,431200,0,0,0,0,0,0,0,0,0,32200,5600,0,0,0,0,0,0,0,0,439970,427290,4361719,2670800,0,0,0,0,0,
600036.SH,600036,20251209,92145000,0,0,0,0,0,,,0,0,0,0,0,431800,431200,0,0,0,0,0,0,0,0,0,32400,0,0,0,0,0,0,0,0,0,431200,0,0,0,0,0,0,0,0,0,32400,5500,0,0,0,0,0,0,0,0,439980,427290,4369219,2672900,0,0,0,0,0,
600036.SH,600036,20251209,92148000,0,0,0,0,0,,,0,0,0,0,0,431800,431200,0,0,0,0,0,0,0,0,0,32400,0,0,0,0,0,0,0,0,0,431200,0,0,0,0,0,0,0,0,0,32400,5500,0,0,0,0,0,0,0,0,439980,427290,4369419,2677000,0,0,0,0,0,
600036.SH,600036,20251209,92151000,0,0,0,0,0,,,0,0,0,0,0,431800,431300,0,0,0,0,0,0,0,0,0,32500,0,0,0,0,0,0,0,0,0,431300,0,0,0,0,0,0,0,0,0,32500,500,0,0,0,0,0,0,0,0,439980,427290,4369519,2678100,0,0,0,0,0,
600036.SH,600036,20251209,92154000,0,0,0,0,0,,,0,0,0,0,0,431800,431300,0,0,0,0,0,0,0,0,0,32500,0,0,0,0,0,0,0,0,0,431300,0,0,0,0,0,0,0,0,0,32500,500,0,0,0,0,0,0,0,0,439980,427290,4372019,2678100,0,0,0,0,0,
600036.SH,600036,20251209,92157000,0,0,0,0,0,,,0,0,0,0,0,431800,431300,0,0,0,0,0,0,0,0,0,32600,0,0,0,0,0,0,0,0,0,431300,0,0,0,0,0,0,0,0,0,32600,400,0,0,0,0,0,0,0,0,439980,427290,4372719,2680200,0,0,0,0,0,
600036.SH,600036,20251209,92200000,0,0,0,0,0,,,0,0,0,0,0,431800,431300,0,0,0,0,0,0,0,0,0,33000,5600,0,0,0,0,0,0,0,0,431300,0,0,0,0,0,0,0,0,0,33000,0,0,0,0,0,0,0,0,0,440010,427290,4386219,2680300,0,0,0,0,0,
600036.SH,600036,20251209,92203000,0,0,0,0,0,,,0,0,0,0,0,431800,431300,0,0,0,0,0,0,0,0,0,33000,5700,0,0,0,0,0,0,0,0,431300,0,0,0,0,0,0,0,0,0,33000,0,0,0,0,0,0,0,0,0,440000,427290,4391319,2683500,0,0,0,0,0,
600036.SH,600036,20251209,92206000,0,0,0,0,0,,,0,0,0,0,0,431800,431300,0,0,0,0,0,0,0,0,0,33600,5100,0,0,0,0,0,0,0,0,431300,0,0,0,0,0,0,0,0,0,33600,0,0,0,0,0,0,0,0,0,440000,427290,4393619,2684300,0,0,0,0,0,
600036.SH,600036,20251209,92209000,0,0,0,0,0,,,0,0,0,0,0,431800,431300,0,0,0,0,0,0,0,0,0,33600,5300,0,0,0,0,0,0,0,0,431300,0,0,0,0,0,0,0,0,0,33600,0,0,0,0,0,0,0,0,0,440000,427300,4394819,2687200,0,0,0,0,0,
600036.SH,600036,20251209,92212000,0,0,0,0,0,,,0,0,0,0,0,431800,431300,0,0,0,0,0,0,0,0,0,33600,5300,0,0,0,0,0,0,0,0,431300,0,0,0,0,0,0,0,0,0,33600,0,0,0,0,0,0,0,0,0,440000,427300,4396019,2687600,0,0,0,0,0,
600036.SH,600036,20251209,92215000,0,0,0,0,0,,,0,0,0,0,0,431800,431300,0,0,0,0,0,0,0,0,0,33600,5300,0,0,0,0,0,0,0,0,431300,0,0,0,0,0,0,0,0,0,33600,0,0,0,0,0,0,0,0,0,439980,427290,4409219,2690600,0,0,0,0,0,
600036.SH,600036,20251209,92218000,0,0,0,0,0,,,0,0,0,0,0,431800,431300,0,0,0,0,0,0,0,0,0,38500,600,0,0,0,0,0,0,0,0,431300,0,0,0,0,0,0,0,0,0,38500,0,0,0,0,0,0,0,0,0,439980,427300,4410819,2695700,0,0,0,0,0,
600036.SH,600036,20251209,92221000,0,0,0,0,0,,,0,0,0,0,0,431800,431200,0,0,0,0,0,0,0,0,0,44600,0,0,0,0,0,0,0,0,0,431200,0,0,0,0,0,0,0,0,0,44600,1300,0,0,0,0,0,0,0,0,439960,427300,4423719,2700500,0,0,0,0,0,
600036.SH,600036,20251209,92224000,0,0,0,0,0,,,0,0,0,0,0,431800,431200,0,0,0,0,0,0,0,0,0,45500,0,0,0,0,0,0,0,0,0,431200,0,0,0,0,0,0,0,0,0,45500,800,0,0,0,0,0,0,0,0,439960,427310,4426619,2704600,0,0,0,0,0,
600036.SH,600036,20251209,92227000,0,0,0,0,0,,,0,0,0,0,0,431800,431200,0,0,0,0,0,0,0,0,0,46500,9200,0,0,0,0,0,0,0,0,431200,0,0,0,0,0,0,0,0,0,46500,0,0,0,0,0,0,0,0,0,439930,427310,4441219,2711700,0,0,0,0,0,
600036.SH,600036,20251209,92230000,0,0,0,0,0,,,0,0,0,0,0,431800,431200,0,0,0,0,0,0,0,0,0,46500,9700,0,0,0,0,0,0,0,0,431200,0,0,0,0,0,0,0,0,0,46500,0,0,0,0,0,0,0,0,0,439930,427310,4442519,2711700,0,0,0,0,0,
600036.SH,600036,20251209,92233000,0,0,0,0,0,,,0,0,0,0,0,431800,431200,0,0,0,0,0,0,0,0,0,52500,3700,0,0,0,0,0,0,0,0,431200,0,0,0,0,0,0,0,0,0,52500,0,0,0,0,0,0,0,0,0,439930,427320,4442619,2720700,0,0,0,0,0,
600036.SH,600036,20251209,92236000,0,0,0,0,0,,,0,0,0,0,0,431800,431200,0,0,0,0,0,0,0,0,0,52800,4300,0,0,0,0,0,0,0,0,431200,0,0,0,0,0,0,0,0,0,52800,0,0,0,0,0,0,0,0,0,439920,427330,4448119,2723000,0,0,0,0,0,
600036.SH,600036,20251209,92239000,0,0,0,0,0,,,0,0,0,0,0,431800,431200,0,0,0,0,0,0,0,0,0,53500,5900,0,0,0,0,0,0,0,0,431200,0,0,0,0,0,0,0,0,0,53500,0,0,0,0,0,0,0,0,0,439920,427330,4450519,2731500,0,0,0,0,0,
600036.SH,600036,20251209,92242000,0,0,0,0,0,,,0,0,0,0,0,431800,431200,0,0,0,0,0,0,0,0,0,53500,6000,0,0,0,0,0,0,0,0,431200,0,0,0,0,0,0,0,0,0,53500,0,0,0,0,0,0,0,0,0,439920,427340,4452919,2743500,0,0,0,0,0,
600036.SH,600036,20251209,92245000,0,0,0,0,0,,,0,0,0,0,0,431800,431200,0,0,0,0,0,0,0,0,0,53500,6100,0,0,0,0,0,0,0,0,431200,0,0,0,0,0,0,0,0,0,53500,0,0,0,0,0,0,0,0,0,439920,427340,4453019,2745100,0,0,0,0,0,
600036.SH,600036,20251209,92248000,0,0,0,0,0,,,0,0,0,0,0,431800,431200,0,0,0,0,0,0,0,0,0,54500,5100,0,0,0,0,0,0,0,0,431200,0,0,0,0,0,0,0,0,0,54500,0,0,0,0,0,0,0,0,0,439920,427350,4455219,2749400,0,0,0,0,0,
600036.SH,600036,20251209,92251000,0,0,0,0,0,,,0,0,0,0,0,431800,431200,0,0,0,0,0,0,0,0,0,55500,4200,0,0,0,0,0,0,0,0,431200,0,0,0,0,0,0,0,0,0,55500,0,0,0,0,0,0,0,0,0,439920,427350,4457119,2751000,0,0,0,0,0,
600036.SH,600036,20251209,92254000,0,0,0,0,0,,,0,0,0,0,0,431800,431200,0,0,0,0,0,0,0,0,0,55500,4800,0,0,0,0,0,0,0,0,431200,0,0,0,0,0,0,0,0,0,55500,0,0,0,0,0,0,0,0,0,439910,427360,4469019,2756500,0,0,0,0,0,
600036.SH,600036,20251209,92257000,0,0,0,0,0,,,0,0,0,0,0,431800,431200,0,0,0,0,0,0,0,0,0,55700,4800,0,0,0,0,0,0,0,0,431200,0,0,0,0,0,0,0,0,0,55700,0,0,0,0,0,0,0,0,0,439920,427360,4471119,2757800,0,0,0,0,0,
600036.SH,600036,20251209,92300000,0,0,0,0,0,,,0,0,0,0,0,431800,431200,0,0,0,0,0,0,0,0,0,56100,4400,0,0,0,0,0,0,0,0,431200,0,0,0,0,0,0,0,0,0,56100,0,0,0,0,0,0,0,0,0,439920,427360,4472219,2764200,0,0,0,0,0,
600036.SH,600036,20251209,92303000,0,0,0,0,0,,,0,0,0,0,0,431800,431200,0,0,0,0,0,0,0,0,0,56500,4100,0,0,0,0,0,0,0,0,431200,0,0,0,0,0,0,0,0,0,56500,0,0,0,0,0,0,0,0,0,439920,427360,4475619,2770200,0,0,0,0,0,
600036.SH,600036,20251209,92306000,0,0,0,0,0,,,0,0,0,0,0,431800,431200,0,0,0,0,0,0,0,0,0,56600,6600,0,0,0,0,0,0,0,0,431200,0,0,0,0,0,0,0,0,0,56600,0,0,0,0,0,0,0,0,0,439910,427380,4478619,2809600,0,0,0,0,0,
600036.SH,600036,20251209,92309000,0,0,0,0,0,,,0,0,0,0,0,431800,431200,0,0,0,0,0,0,0,0,0,58200,5000,0,0,0,0,0,0,0,0,431200,0,0,0,0,0,0,0,0,0,58200,0,0,0,0,0,0,0,0,0,439910,427380,4481119,2814500,0,0,0,0,0,
600036.SH,600036,20251209,92312000,0,0,0,0,0,,,0,0,0,0,0,431800,431200,0,0,0,0,0,0,0,0,0,58300,5200,0,0,0,0,0,0,0,0,431200,0,0,0,0,0,0,0,0,0,58300,0,0,0,0,0,0,0,0,0,439910,427390,4484219,2820600,0,0,0,0,0,
600036.SH,600036,20251209,92315000,0,0,0,0,0,,,0,0,0,0,0,431800,431200,0,0,0,0,0,0,0,0,0,59500,4000,0,0,0,0,0,0,0,0,431200,0,0,0,0,0,0,0,0,0,59500,0,0,0,0,0,0,0,0,0,439910,427390,4485319,2824000,0,0,0,0,0,
600036.SH,600036,20251209,92318000,0,0,0,0,0,,,0,0,0,0,0,431800,431200,0,0,0,0,0,0,0,0,0,59700,4000,0,0,0,0,0,0,0,0,431200,0,0,0,0,0,0,0,0,0,59700,0,0,0,0,0,0,0,0,0,439910,427390,4486119,2826800,0,0,0,0,0,
600036.SH,600036,20251209,92321000,0,0,0,0,0,,,0,0,0,0,0,431800,431200,0,0,0,0,0,0,0,0,0,59700,4300,0,0,0,0,0,0,0,0,431200,0,0,0,0,0,0,0,0,0,59700,0,0,0,0,0,0,0,0,0,439910,427390,4488819,2829000,0,0,0,0,0,
600036.SH,600036,20251209,92324000,0,0,0,0,0,,,0,0,0,0,0,431800,431200,0,0,0,0,0,0,0,0,0,63800,200,0,0,0,0,0,0,0,0,431200,0,0,0,0,0,0,0,0,0,63800,0,0,0,0,0,0,0,0,0,439910,427390,4489419,2840200,0,0,0,0,0,
600036.SH,600036,20251209,92327000,0,0,0,0,0,,,0,0,0,0,0,431800,431200,0,0,0,0,0,0,0,0,0,64200,400,0,0,0,0,0,0,0,0,431200,0,0,0,0,0,0,0,0,0,64200,0,0,0,0,0,0,0,0,0,439910,427400,4490719,2841600,0,0,0,0,0,
600036.SH,600036,20251209,92330000,0,0,0,0,0,,,0,0,0,0,0,431800,431200,0,0,0,0,0,0,0,0,0,64200,1900,0,0,0,0,0,0,0,0,431200,0,0,0,0,0,0,0,0,0,64200,0,0,0,0,0,0,0,0,0,439870,427400,4512319,2842900,0,0,0,0,0,
600036.SH,600036,20251209,92333000,0,0,0,0,0,,,0,0,0,0,0,431800,431200,0,0,0,0,0,0,0,0,0,66100,0,0,0,0,0,0,0,0,0,431200,0,0,0,0,0,0,0,0,0,66100,1800,0,0,0,0,0,0,0,0,439880,427400,4515019,2852400,0,0,0,0,0,
600036.SH,600036,20251209,92336000,0,0,0,0,0,,,0,0,0,0,0,431800,431100,0,0,0,0,0,0,0,0,0,74700,0,0,0,0,0,0,0,0,0,431100,0,0,0,0,0,0,0,0,0,74700,48600,0,0,0,0,0,0,0,0,439820,427400,4552219,2853100,0,0,0,0,0,
600036.SH,600036,20251209,92339000,0,0,0,0,0,,,0,0,0,0,0,431800,431100,0,0,0,0,0,0,0,0,0,76000,0,0,0,0,0,0,0,0,0,431100,0,0,0,0,0,0,0,0,0,76000,47800,0,0,0,0,0,0,0,0,439820,427410,4553819,2854900,0,0,0,0,0,
600036.SH,600036,20251209,92342000,0,0,0,0,0,,,0,0,0,0,0,431800,431100,0,0,0,0,0,0,0,0,0,76200,0,0,0,0,0,0,0,0,0,431100,0,0,0,0,0,0,0,0,0,76200,47600,0,0,0,0,0,0,0,0,439820,427400,4554419,2856000,0,0,0,0,0,
600036.SH,600036,20251209,92345000,0,0,0,0,0,,,0,0,0,0,0,431800,431100,0,0,0,0,0,0,0,0,0,76400,0,0,0,0,0,0,0,0,0,431100,0,0,0,0,0,0,0,0,0,76400,47500,0,0,0,0,0,0,0,0,439820,427410,4555119,2867800,0,0,0,0,0,
600036.SH,600036,20251209,92348000,0,0,0,0,0,,,0,0,0,0,0,431800,431100,0,0,0,0,0,0,0,0,0,77400,0,0,0,0,0,0,0,0,0,431100,0,0,0,0,0,0,0,0,0,77400,46500,0,0,0,0,0,0,0,0,439810,427410,4564219,2870500,0,0,0,0,0,
600036.SH,600036,20251209,92351000,0,0,0,0,0,,,0,0,0,0,0,431800,431100,0,0,0,0,0,0,0,0,0,77600,0,0,0,0,0,0,0,0,0,431100,0,0,0,0,0,0,0,0,0,77600,47300,0,0,0,0,0,0,0,0,439810,427410,4565719,2874000,0,0,0,0,0,
600036.SH,600036,20251209,92354000,0,0,0,0,0,,,0,0,0,0,0,431800,431100,0,0,0,0,0,0,0,0,0,77600,0,0,0,0,0,0,0,0,0,431100,0,0,0,0,0,0,0,0,0,77600,47600,0,0,0,0,0,0,0,0,439810,427410,4565919,2876300,0,0,0,0,0,
600036.SH,600036,20251209,92357000,0,0,0,0,0,,,0,0,0,0,0,431800,431100,0,0,0,0,0,0,0,0,0,77600,0,0,0,0,0,0,0,0,0,431100,0,0,0,0,0,0,0,0,0,77600,51300,0,0,0,0,0,0,0,0,439810,427470,4566119,2880500,0,0,0,0,0,
600036.SH,600036,20251209,92400000,0,0,0,0,0,,,0,0,0,0,0,431800,431100,0,0,0,0,0,0,0,0,0,77600,0,0,0,0,0,0,0,0,0,431100,0,0,0,0,0,0,0,0,0,77600,54800,0,0,0,0,0,0,0,0,439800,427500,4574719,2886500,0,0,0,0,0,
600036.SH,600036,20251209,92403000,0,0,0,0,0,,,0,0,0,0,0,431800,431100,0,0,0,0,0,0,0,0,0,78100,0,0,0,0,0,0,0,0,0,431100,0,0,0,0,0,0,0,0,0,78100,54300,0,0,0,0,0,0,0,0,439780,427500,4589819,2887800,0,0,0,0,0,
600036.SH,600036,20251209,92406000,0,0,0,0,0,,,0,0,0,0,0,431800,431100,0,0,0,0,0,0,0,0,0,78300,0,0,0,0,0,0,0,0,0,431100,0,0,0,0,0,0,0,0,0,78300,54300,0,0,0,0,0,0,0,0,439780,427520,4601219,2909300,0,0,0,0,0,
600036.SH,600036,20251209,92409000,0,0,0,0,0,,,0,0,0,0,0,431800,431100,0,0,0,0,0,0,0,0,0,78400,0,0,0,0,0,0,0,0,0,431100,0,0,0,0,0,0,0,0,0,78400,55200,0,0,0,0,0,0,0,0,439770,427520,4608219,2912600,0,0,0,0,0,
600036.SH,600036,20251209,92412000,0,0,0,0,0,,,0,0,0,0,0,431800,431200,0,0,0,0,0,0,0,0,0,89700,0,0,0,0,0,0,0,0,0,431200,0,0,0,0,0,0,0,0,0,89700,1700,0,0,0,0,0,0,0,0,439770,427540,4609319,2938400,0,0,0,0,0,
600036.SH,600036,20251209,92415000,0,0,0,0,0,,,0,0,0,0,0,431800,431200,0,0,0,0,0,0,0,0,0,91600,0,0,0,0,0,0,0,0,0,431200,0,0,0,0,0,0,0,0,0,91600,400,0,0,0,0,0,0,0,0,439770,427550,4616419,2939500,0,0,0,0,0,
600036.SH,600036,20251209,92418000,0,0,0,0,0,,,0,0,0,0,0,431800,431200,0,0,0,0,0,0,0,0,0,91900,0,0,0,0,0,0,0,0,0,431200,0,0,0,0,0,0,0,0,0,91900,400,0,0,0,0,0,0,0,0,439760,427550,4623319,2941900,0,0,0,0,0,
600036.SH,600036,20251209,92421000,0,0,0,0,0,,,0,0,0,0,0,431800,431200,0,0,0,0,0,0,0,0,0,92900,0,0,0,0,0,0,0,0,0,431200,0,0,0,0,0,0,0,0,0,92900,15800,0,0,0,0,0,0,0,0,440080,427600,4674519,3000000,0,0,0,0,0,
600036.SH,600036,20251209,92424000,0,0,0,0,0,,,0,0,0,0,0,431800,431200,0,0,0,0,0,0,0,0,0,97000,0,0,0,0,0,0,0,0,0,431200,0,0,0,0,0,0,0,0,0,97000,11700,0,0,0,0,0,0,0,0,440080,427600,4680719,3000600,0,0,0,0,0,
600036.SH,600036,20251209,92427000,0,0,0,0,0,,,0,0,0,0,0,431800,431200,0,0,0,0,0,0,0,0,0,109300,3800,0,0,0,0,0,0,0,0,431200,0,0,0,0,0,0,0,0,0,109300,0,0,0,0,0,0,0,0,0,440040,427610,4698219,3001500,0,0,0,0,0,
600036.SH,600036,20251209,92430000,0,0,0,0,0,,,0,0,0,0,0,431800,431200,0,0,0,0,0,0,0,0,0,109900,5000,0,0,0,0,0,0,0,0,431200,0,0,0,0,0,0,0,0,0,109900,0,0,0,0,0,0,0,0,0,440020,427610,4714519,3008700,0,0,0,0,0,
600036.SH,600036,20251209,92433000,0,0,0,0,0,,,0,0,0,0,0,431800,431200,0,0,0,0,0,0,0,0,0,110100,5800,0,0,0,0,0,0,0,0,431200,0,0,0,0,0,0,0,0,0,110100,0,0,0,0,0,0,0,0,0,439970,427610,4743619,3011100,0,0,0,0,0,
600036.SH,600036,20251209,92436000,0,0,0,0,0,,,0,0,0,0,0,431800,431200,0,0,0,0,0,0,0,0,0,110100,6000,0,0,0,0,0,0,0,0,431200,0,0,0,0,0,0,0,0,0,110100,0,0,0,0,0,0,0,0,0,439970,427610,4743919,3021100,0,0,0,0,0,
600036.SH,600036,20251209,92439000,0,0,0,0,0,,,0,0,0,0,0,431800,431200,0,0,0,0,0,0,0,0,0,115300,800,0,0,0,0,0,0,0,0,431200,0,0,0,0,0,0,0,0,0,115300,0,0,0,0,0,0,0,0,0,439960,427620,4755619,3027400,0,0,0,0,0,
600036.SH,600036,20251209,92442000,0,0,0,0,0,,,0,0,0,0,0,431800,431200,0,0,0,0,0,0,0,0,0,115600,1200,0,0,0,0,0,0,0,0,431200,0,0,0,0,0,0,0,0,0,115600,0,0,0,0,0,0,0,0,0,439960,427620,4757119,3029400,0,0,0,0,0,
600036.SH,600036,20251209,92445000,0,0,0,0,0,,,0,0,0,0,0,431800,431200,0,0,0,0,0,0,0,0,0,115800,2500,0,0,0,0,0,0,0,0,431200,0,0,0,0,0,0,0,0,0,115800,0,0,0,0,0,0,0,0,0,439950,427620,4759619,3030000,0,0,0,0,0,
600036.SH,600036,20251209,92448000,0,0,0,0,0,,,0,0,0,0,0,431800,431200,0,0,0,0,0,0,0,0,0,120200,0,0,0,0,0,0,0,0,0,431200,0,0,0,0,0,0,0,0,0,120200,39200,0,0,0,0,0,0,0,0,439930,427780,4763019,3074100,0,0,0,0,0,
600036.SH,600036,20251209,92451000,0,0,0,0,0,,,0,0,0,0,0,431800,431300,0,0,0,0,0,0,0,0,0,127300,0,0,0,0,0,0,0,0,0,431300,0,0,0,0,0,0,0,0,0,127300,5800,0,0,0,0,0,0,0,0,439920,427970,4769919,3128900,0,0,0,0,0,
600036.SH,600036,20251209,92454000,0,0,0,0,0,,,0,0,0,0,0,431800,431500,0,0,0,0,0,0,0,0,0,153500,0,0,0,0,0,0,0,0,0,431500,0,0,0,0,0,0,0,0,0,153500,4600,0,0,0,0,0,0,0,0,439700,428500,4797419,3177800,0,0,0,0,0,
600036.SH,600036,20251209,92457000,0,0,0,0,0,,,0,0,0,0,0,431800,431800,0,0,0,0,0,0,0,0,0,230000,0,0,0,0,0,0,0,0,0,431800,0,0,0,0,0,0,0,0,0,230000,13500,0,0,0,0,0,0,0,0,439670,428970,4806719,3309500,0,0,0,0,0,
600036.SH,600036,20251209,92500000,0,0,0,0,0,,,0,0,0,0,0,431800,431800,0,0,0,0,0,0,0,0,0,252600,0,0,0,0,0,0,0,0,0,431800,0,0,0,0,0,0,0,0,0,252600,112400,0,0,0,0,0,0,0,0,439620,430200,4839419,3435400,0,0,0,0,0,
600036.SH,600036,20251209,92503000,431800,252600,10907268,260,0,,,252600,10907268,431800,431800,431800,431800,432100,432300,432400,432500,432600,432700,432800,432900,433000,433100,4000,1800,32000,2200,1000,11300,4500,4300,27900,25000,431800,431700,431600,431500,431400,431300,431200,431100,431000,430900,112400,2800,30500,12500,3900,18000,50200,58600,20300,5700,440360,427560,4586819,3182800,0,0,0,0,0,
600036.SH,600036,20251209,93000000,432100,9300,401917,269,0,,,261900,11309185,432300,431800,431800,431800,432100,432300,432400,432500,432600,432700,432800,432900,433000,433100,200,600,32000,2200,1000,11300,4500,4300,27900,25000,431800,431700,431600,431500,431400,431300,431200,431100,431000,430900,113400,3800,31500,12500,3900,18000,50200,58600,20300,5600,440370,427560,4583119,3185700,0,0,0,0,0,
600036.SH,600036,20251209,93003000,431800,27500,1188236,325,0,,,289400,12497421,432400,431800,431800,431800,432400,432500,432600,432700,432800,432900,433000,433100,433200,433300,22300,2200,1000,11300,4500,4300,27900,25000,11100,10700,432300,432100,431900,431800,431700,431600,431500,431400,431300,431200,900,400,100,104500,4300,31500,12500,3900,18000,48800,440350,427580,4617519,3225100,0,0,0,0,0,
600036.SH,600036,20251209,93006000,432400,36000,1555823,386,0,,,325400,14053244,432400,431800,431800,431800,432400,432500,432600,432700,432800,432900,433000,433100,433200,433300,7100,2200,1000,11300,4600,4300,28300,25000,11100,10700,432300,432200,432100,432000,431900,431800,431700,431600,431500,431400,200,200,200,500,2100,95800,5400,33800,12500,3900,440490,427580,4665019,3245100,0,0,0,0,0,
600036.SH,600036,20251209,93009000,432300,32000,1383112,472,0,,,357400,15436356,432600,431800,431800,431800,432300,432700,432800,432900,433000,433100,433200,433300,433400,433500,600,11300,7100,4300,28300,25000,11100,12700,17800,33000,431900,431800,431700,431600,431500,431400,431300,431200,431100,431000,9300,97800,5400,33800,12500,3600,19100,41200,61800,24700,440340,427610,4859019,3289000,0,0,0,0,0,
600036.SH,600036,20251209,93012000,432100,45900,1984088,533,0,,,403300,17420444,432700,431800,431800,431800,432700,432800,432900,433000,433100,433200,433300,433400,433500,433600,100,7100,8700,28300,25000,11100,12700,17800,33000,24100,432400,431900,431800,431700,431600,431500,431400,431300,431200,431100,1500,5700,102400,4200,34500,12500,3600,20600,41200,62500,440340,427610,4947319,3323700,0,0,0,0,0,
600036.SH,600036,20251209,93015000,432100,56000,2418606,608,0,,,459300,19839050,432700,431800,431800,431800,432100,432200,432300,432400,432800,432900,433000,433100,433200,433300,29300,300,400,500,7100,8700,30400,25000,11100,12700,431900,431800,431700,431600,431500,431400,431300,431200,431100,431000,100,76800,4200,34500,13000,3600,22100,42000,62800,25600,440400,427550,5073019,3328800,0,0,0,0,0,
600036.SH,600036,20251209,93018000,432300,38100,1645829,695,0,,,497400,21484879,432700,431800,431800,431800,432300,432400,432600,432700,432800,432900,433000,433100,433200,433300,5200,600,40300,200,8400,12200,30400,34800,11100,14900,431900,431800,431700,431600,431500,431400,431300,431200,431100,431000,300,65600,4200,34500,13900,3800,22100,42000,62800,25600,440310,427520,5161519,3358200,0,0,0,0,0,
600036.SH,600036,20251209,93021000,432400,50500,2181164,759,0,,,547900,23666043,432700,431800,431800,431800,432400,432500,432600,432700,432800,432900,433000,433100,433200,433300,1800,5300,40600,200,8400,13200,31300,34800,12100,14900,432300,432100,432000,431800,431700,431600,431500,431400,431300,431200,1500,1800,100,30800,4200,34500,13900,3800,22200,42200,440340,427490,5213719,3345500,0,0,0,0,0,
600036.SH,600036,20251209,93024000,432100,28200,1218893,823,0,,,576100,24884936,432700,431800,431800,431800,432200,432300,432500,432600,432700,432800,432900,433000,433100,433200,400,100,1800,40800,200,8400,13500,31300,35200,12100,432100,432000,431900,431800,431700,431600,431500,431400,431300,431200,19600,500,1700,31000,19200,34500,15200,3800,22200,42500,440390,427470,5249219,3411000,0,0,0,0,0,
600036.SH,600036,20251209,93027000,431800,108400,4681581,941,0,,,684500,29566517,432700,431800,431800,431800,432200,432300,432400,432500,432600,432700,432800,432900,433000,433100,10000,700,9700,1500,41600,400,8400,15900,31400,35200,432000,431800,431700,431600,431500,431400,431300,431200,431100,431000,100,114700,19200,36000,15200,4400,23800,43100,63900,26100,440340,427560,5311819,3490600,0,0,0,0,0,
600036.SH,600036,20251209,93030000,432200,48100,2078632,1056,0,,,732600,31645149,432700,431800,431800,431800,432300,432500,432600,432700,432800,432900,433000,433100,433200,433300,600,3700,42200,200,10800,16400,31400,35200,12100,13900,432200,432100,431900,431800,431700,431600,431500,431400,431300,431200,1200,300,500,99600,19500,37500,14000,4400,23800,43200,440350,427530,5340019,3485100,0,0,0,0,0,
600036.SH,600036,20251209,93033000,432000,35400,1529008,1165,0,,,768000,33174157,432700,431800,431800,431800,432000,432300,432400,432500,432600,432700,432800,432900,433000,433100,2800,1800,1600,3800,43800,300,10800,16400,31400,35200,431800,431700,431600,431500,431400,431300,431200,431100,431000,430900,82300,19900,37300,14000,4400,23900,43400,64500,26300,10900,440330,427510,5395419,3476300,0,0,0,0,0,
600036.SH,600036,20251209,93036000,432000,77100,3332167,1296,0,,,845100,36506324,432700,431800,431800,431800,432000,432200,432400,432600,432700,432800,432900,433000,433100,433200,1400,400,2000,26600,700,7800,17200,31400,35400,12100,431800,431700,431600,431500,431400,431300,431200,431100,431000,430900,80300,19900,37300,14600,5300,23900,43200,64500,26900,11000,440360,427510,5384219,3479700,0,0,0,0,0,
600036.SH,600036,20251209,93039000,432000,49100,2120233,1330,0,,,894200,38626557,432700,431800,431800,431800,432000,432200,432300,432400,432500,432600,432700,432800,432900,433000,600,2600,700,4900,1300,26700,700,7800,17800,31900,431800,431700,431600,431500,431400,431300,431200,431100,431000,430900,38300,19700,37300,14400,5300,23900,43200,64500,26900,11500,440350,427460,5397719,3440000,0,0,0,0,0,
600036.SH,600036,20251209,93042000,432400,36200,1563457,1360,0,,,930400,40190014,432700,431800,431800,431800,432400,432500,432600,432700,432800,432900,433000,433100,433200,433300,5200,4300,26700,700,7800,17800,31900,35400,12100,16700,432000,431900,431800,431700,431600,431500,431400,431300,431200,431100,4800,3000,13200,19700,37300,14600,5300,24400,44600,64500,440350,427460,5401019,3457600,0,0,0,0,0,
600036.SH,600036,20251209,93045000,432000,11300,488199,1380,0,,,941700,40678213,432700,431800,431800,431800,432100,432200,432300,432400,432500,432600,432700,432800,432900,433000,300,6900,1500,5500,4400,26800,1000,7800,17800,31900,432000,431900,431800,431700,431600,431500,431400,431300,431200,431100,2200,5400,13400,19000,37300,14200,5300,24900,45400,64500,440330,427460,5418119,3462100,0,0,0,0,0,
600036.SH,600036,20251209,93048000,431600,113900,4918449,1494,0,,,1055600,45596662,432700,431600,431800,431800,431800,431900,432000,432100,432200,432300,432400,432500,432600,432700,5500,1000,8600,600,200,1800,11300,5600,27100,1100,431600,431500,431400,431300,431200,431100,431000,430900,430800,430700,20900,14200,5300,23400,44200,64500,27600,12000,19000,20400,440320,427380,5442119,3406100,0,0,0,0,0,
600036.SH,600036,20251209,93051000,431600,105800,4566213,1600,0,,,1161400,50162875,432700,431300,431800,431800,431600,431700,431800,432000,432100,432200,432300,432400,432500,432600,4990,2500,400,5900,1400,200,1800,5900,7800,27100,431300,431200,431100,431000,430900,430800,430700,430600,430500,430400,1900,45200,64500,27600,12000,19000,20400,9900,97800,2400,440320,427310,5442209,3346900,0,0,0,0,0,
600036.SH,600036,20251209,93054000,431300,12800,552414,1641,0,,,1174200,50715289,432700,431300,431800,431800,431300,431400,431500,431700,432000,432100,432200,432300,432400,432500,1400,100,1000,3900,5900,51400,200,1800,6600,7800,431200,431100,431000,430900,430800,430700,430600,430500,430400,430300,45200,64400,27600,12000,19000,20400,9900,97800,2400,46300,440260,427310,5502819,3345700,0,0,0,0,0,
600036.SH,600036,20251209,93057000,431300,19100,824037,1696,0,,,1193300,51539326,432700,431300,431800,431800,431700,431900,432000,432100,432200,432300,432400,432500,432600,432700,900,100,5900,51600,200,1100,6600,7800,28100,800,431300,431200,431100,431000,430900,430800,430700,430600,430500,430400,700,49100,64400,27600,12000,19000,20400,9900,98300,2400,440260,427320,5505919,3353200,0,0,0,0,0,
600036.SH,600036,20251209,93100000,431700,4000,172607,1714,0,,,1197300,51711933,432700,431300,431800,431800,431600,431700,431900,432000,432100,432200,432300,432400,432500,432600,100,700,100,5900,51600,200,1100,5600,7800,28100,431300,431200,431100,431000,430900,430800,430700,430600,430500,430400,7200,48300,64400,27100,12000,19000,20400,9900,98300,2400,440260,427320,5514019,3360400,0,0,0,0,0,
600036.SH,600036,20251209,93103000,431200,64400,2777388,1827,0,,,1261700,54489321,432700,431200,431800,431800,431700,431900,432000,432100,432200,432300,432400,432500,432600,432700,2700,100,5900,51600,200,1100,5600,8600,28100,1400,431600,431200,431100,431000,430900,430800,430700,430600,430500,430400,100,19800,64400,27100,12000,19000,20400,9900,98300,2400,440250,427290,5518819,3330900,0,0,0,0,0,
600036.SH,600036,20251209,93106000,431600,34067,1469133,1899,0,,,1295767,55958454,432700,431100,431800,431800,431700,431900,432000,432100,432200,432300,432400,432500,432600,432700,600,300,5900,51700,200,2300,6400,7300,26800,1400,431600,431200,431100,431000,430900,430800,430700,430600,430500,430400,700,500,56833,28100,12000,19000,20400,9900,98300,2400,440250,427260,5521919,3307233,0,0,0,0,0,
600036.SH,600036,20251209,93109000,431300,15500,668802,1957,0,,,1311267,56627256,432700,431100,431800,431800,431700,431800,431900,432000,432100,432200,432300,432400,432500,432600,4200,100,300,7100,51700,200,2300,6400,7300,26800,431300,431100,431000,430900,430800,430700,430600,430500,430400,430300,700,56233,28100,12000,19000,20400,9900,98300,2400,48300,440240,427260,5539719,3310033,0,0,0,0,0,
600036.SH,600036,20251209,93112000,431400,14500,626136,1991,0,,,1325767,57253392,432700,431100,431800,431800,431600,431700,432000,432100,432200,432300,432400,432500,432600,432700,800,300,900,51700,1200,2300,6900,6300,26800,1400,431400,431300,431200,431100,431000,430900,430800,430700,430600,430500,800,12300,2600,59433,28100,12000,19000,20400,10400,97900,440250,427280,5535819,3332433,0,0,0,0,0,
600036.SH,600036,20251209,93115000,431400,12200,526334,2034,0,,,1337967,57779726,432700,431100,431800,431800,431400,431700,432000,432100,432200,432300,432400,432500,432600,432700,400,700,2600,51700,1200,7100,6900,6300,26800,1400,431300,431200,431100,431000,430900,430800,430700,430600,430500,430400,8300,4000,59433,28900,12100,19000,20100,10500,97900,3600,440230,427280,5550619,3334933,0,0,0,0,0,
600036.SH,600036,20251209,93118000,431300,56300,2428709,2082,0,,,1394267,60208435,432700,431100,431800,431800,431400,431600,431700,432000,432100,432200,432300,432400,432500,432600,500,400,1500,800,51000,1200,7100,9900,6300,26500,431300,431200,431100,431000,430900,430800,430700,430600,430500,430400,70600,4000,59633,29600,12100,19000,20300,10500,99000,3600,440220,427360,5558519,3402633,0,0,0,0,0,
600036.SH,600036,20251209,93121000,431300,219700,9472127,2275,0,,,1613967,69680562,432700,430800,431800,431800,431400,432100,432200,432300,432400,432500,432600,432700,432800,432900,300,48900,1200,7100,9900,6300,26500,1400,8000,16800,431300,430700,430600,430500,430400,430300,430200,430100,430000,429900,1533,20300,10500,99000,3600,48300,39200,175400,630200,66000,440220,427140,5572519,3212733,0,0,0,0,0,
600036.SH,600036,20251209,93124000,431200,11833,510268,2315,0,,,1625800,70190830,432700,430800,431800,431800,431300,431400,431700,431900,432000,432100,432200,432300,432400,432500,2967,200,100,200,1200,48900,1200,7100,9900,6300,431200,431100,430800,430700,430600,430500,430400,430300,430200,430100,400,82000,1500,20300,11000,98900,3600,48300,39200,176700,440190,427220,5594186,3298900,0,0,0,0,0,
600036.SH,600036,20251209,93127000,431400,5267,227178,2337,0,,,1631067,70418008,432700,430800,431800,431800,431700,431900,432000,432100,432200,432300,432400,432500,432600,432700,100,200,1200,48900,1200,7100,9900,6300,26300,1300,431400,431300,431200,431100,431000,430800,430700,430600,430500,430400,2400,8400,1900,82500,700,1600,19900,11000,98900,3600,440200,427240,5592319,3314300,0,0,0,0,0,
600036.SH,600036,20251209,93130000,431400,14500,625618,2356,0,,,1645567,71043626,432700,430800,431800,431800,431700,431900,432000,432100,432200,432300,432400,432500,432600,432700,3500,200,3800,48900,1200,7100,9900,6300,27800,1300,431500,431400,431300,431200,431100,431000,430900,430800,430700,430600,200,1300,9900,2700,82500,700,1400,3100,20400,11000,440170,427250,5619319,3322100,0,0,0,0,0,
600036.SH,600036,20251209,93133000,431300,7900,340879,2384,0,,,1653467,71384505,432700,430800,431800,431800,431400,431500,431700,431800,431900,432000,432100,432200,432300,432400,1500,1100,4300,1000,200,4100,48900,1200,7100,9900,431300,431200,431100,431000,430900,430800,430700,430600,430500,430400,7900,9100,82500,2700,3100,3300,20500,11000,99900,3600,440160,427250,5625719,3330300,0,0,0,0,0,
600036.SH,600036,20251209,93136000,431400,19000,819455,2420,0,,,1672467,72203960,432700,430800,431800,431800,431400,431500,431700,431800,431900,432000,432100,432200,432300,432400,1200,1300,4900,1000,200,5100,48900,1200,7100,9900,431300,431200,431100,431000,430900,430800,430700,430600,430500,430400,2500,5400,83000,2700,3100,3500,20500,11700,99900,3600,440160,427250,5631619,3324000,0,0,0,0,0,
600036.SH,600036,20251209,93139000,431300,20200,871550,2469,0,,,1692667,73075510,432700,430800,431800,431800,431300,431400,431500,431700,431900,432000,432100,432200,432300,432400,3800,2000,100,500,200,5100,48900,1200,7100,9900,431200,431100,431000,430900,430800,430700,430600,430500,430400,430300,5300,83000,2700,3200,3600,20600,11700,100400,3600,48300,440160,427240,5632019,3326000,0,0,0,0,0,
600036.SH,600036,20251209,93142000,431300,8700,375207,2499,0,,,1701367,73450717,432700,430800,431800,431800,431400,431500,431700,431800,431900,432000,432100,432200,432300,432400,2000,100,500,500,200,5100,48900,1200,7100,9900,431300,431200,431100,431000,430900,430800,430700,430600,430500,430400,33600,27500,83000,2700,3200,4600,20700,11100,101200,3600,440170,427310,5632519,3386100,0,0,0,0,0,
600036.SH,600036,20251209,93145000,431400,17700,763451,2512,0,,,1719067,74214168,432700,430800,431800,431800,431500,431700,431800,431900,432000,432100,432200,432300,432400,432500,100,500,500,400,5600,50900,1200,7100,10800,6200,431400,431300,431200,431100,431000,430900,430800,430700,430600,430500,2000,39100,29100,83000,4700,3200,4400,20700,11100,101200,440160,427340,5634619,3415700,0,0,0,0,0,
600036.SH,600036,20251209,93148000,431300,31900,1376005,2546,0,,,1750967,75590173,432700,430800,431800,431800,431500,431700,431800,431900,432000,432100,432200,432300,432400,432500,200,7100,4100,400,5600,57400,1200,7100,10800,6200,431300,431200,431100,431000,430900,430800,430700,430600,430500,430400,18600,19100,83000,7000,3700,4700,21200,12100,101300,3600,440160,427310,5682019,3390400,0,0,0,0,0,
600036.SH,600036,20251209,93151000,431300,102700,4431048,2621,0,,,1853667,80021221,432700,430800,431800,431800,431500,431600,431700,431800,431900,432000,432100,432200,432300,432400,4900,10000,6600,4100,400,5300,50900,1200,7100,10800,431400,431300,431200,431100,431000,430900,430800,430700,430600,430500,100,4500,17800,83000,8600,3700,4800,21200,13100,101900,440150,427280,5697819,3384000,0,0,0,0,0,
600036.SH,600036,20251209,93154000,431200,32200,1388841,2705,0,,,1885867,81410062,432700,430800,431800,431800,431400,431500,431600,431700,431800,431900,432000,432100,432200,432300,3000,2300,6900,3500,4100,400,5300,50900,1200,7100,431200,431100,431000,430900,430800,430700,430600,430500,430400,430300,15500,83000,11500,6800,7000,21200,13100,101900,3600,56900,440140,427290,5708519,3397900,0,0,0,0,0,
600036.SH,600036,20251209,93157000,431200,90600,3907509,2794,0,,,1976467,85317571,432700,430800,431800,431800,431600,431700,431800,431900,432000,432100,432200,432300,432400,432500,5000,2200,4100,400,5300,50900,1200,7100,10800,16500,431200,431100,431000,430900,430800,430700,430600,430500,430400,430300,11800,79600,12100,6900,8000,21100,13100,101500,3600,56400,440150,427280,5701319,3395000,0,0,0,0,0,
600036.SH,600036,20251209,93200000,431600,36700,1582529,2846,0,,,2013167,86900100,432700,430800,431800,431800,431600,431700,431800,431900,432000,432100,432200,432300,432400,432500,1600,2100,4100,400,5300,50900,1200,7100,10800,16700,431300,431200,431100,431000,430900,430800,430700,430600,430500,430400,1300,1300,69900,12100,6300,8700,21100,13600,103000,3900,440150,427270,5706719,3385000,0,0,0,0,0,
600036.SH,600036,20251209,93203000,431200,51000,2198845,2893,0,,,2064167,89098945,432700,430800,431800,431800,431400,431600,431700,431800,431900,432000,432100,432200,432300,432400,200,5700,2100,4100,400,5300,50900,1200,7100,10800,431200,431100,431000,430900,430800,430700,430600,430500,430400,430300,17300,35700,13700,7400,9700,21100,13600,103100,3900,56400,440150,427250,5712019,3368700,0,0,0,0,0,
600036.SH,600036,20251209,93206000,431200,18700,806764,2919,0,,,2082867,89905709,432700,430800,431800,431800,431400,431500,431600,431700,431800,431900,432000,432100,432200,432300,300,4300,6400,2100,4100,900,5300,50900,1200,7100,431200,431100,431000,430900,430800,430700,430600,430500,430400,430300,22200,35700,13700,7400,10700,21100,13600,102800,3900,56400,440140,427250,5719919,3377300,0,0,0,0,0,
600036.SH,600036,20251209,93209000,431200,4500,194049,2926,0,,,2087367,90099758,432700,430800,431800,431800,431400,431500,431600,431700,431800,431900,432000,432100,432200,432300,400,4300,4600,2100,4100,1400,10300,50900,1200,7100,431200,431100,431000,430900,430800,430700,430600,430500,430400,430300,24200,35700,14400,7800,10700,21100,13600,105300,3900,56400,440130,427260,5730519,3385600,0,0,0,0,0,
600036.SH,600036,20251209,93212000,431300,18900,814974,2954,0,,,2106267,90914732,432700,430800,431800,431800,431400,431500,431600,431700,431800,431900,432000,432100,432200,432300,24100,4400,5200,2100,4100,1400,10300,50900,1200,7100,431200,431100,431000,430900,430800,430700,430600,430500,430400,430300,14600,36000,16600,8200,10200,21800,13600,105700,3900,56400,440100,427270,5761119,3399600,0,0,0,0,0,
600036.SH,600036,20251209,93215000,431300,20300,875383,2982,0,,,2126567,91790115,432700,430800,431800,431800,431400,431500,431600,431700,431800,431900,432000,432100,432200,432300,24800,4400,5200,2100,3700,1400,10300,50900,1200,7100,431300,431200,431100,431000,430900,430800,430700,430600,430500,430400,11300,6600,36100,16600,8200,10300,23300,13600,105700,3900,440100,427270,5762619,3409500,0,0,0,0,0,
600036.SH,600036,20251209,93218000,431300,7400,319172,2998,0,,,2133967,92109287,432700,430800,431800,431800,431400,431500,431600,431700,431800,431900,432000,432100,432200,432300,27000,4400,4900,2100,3700,1400,10300,50900,1200,7100,431300,431200,431100,431000,430900,430800,430700,430600,430500,430400,8100,7000,36100,18600,8500,10300,22600,13700,105800,6900,440100,427290,5765919,3423900,0,0,0,0,0,
600036.SH,600036,20251209,93221000,431300,42400,1828975,3026,0,,,2176367,93938262,432700,430800,431800,431800,431300,431400,431500,431600,431700,431800,431900,432000,432100,432200,5200,2000,4800,4900,2100,3700,400,13200,50900,1200,431200,431100,431000,430900,430800,430700,430600,430500,430400,430300,8100,36100,19000,8500,10800,22600,13700,105900,6900,61400,440120,427300,5761419,3440600,0,0,0,0,0,
600036.SH,600036,20251209,93224000,431300,8600,370913,3055,0,,,2184967,94309175,432700,430800,431800,431800,431400,431500,431600,431700,431800,431900,432000,432100,432200,432300,2500,4800,4900,2100,53700,400,13200,2300,1200,7100,431300,431200,431100,431000,430900,430800,430700,430600,430500,430400,3700,10000,36100,21200,8500,11200,21600,13700,106000,6900,440110,427300,5765419,3450600,0,0,0,0,0,
600036.SH,600036,20251209,93227000,431300,3800,163896,3061,0,,,2188767,94473071,432700,430800,431800,431800,431400,431500,431600,431700,431800,431900,432000,432100,432200,432300,3600,4800,3800,2100,53700,400,13200,2300,1200,7100,431300,431200,431100,431000,430900,430800,430700,430600,430500,430400,2600,13000,36300,21700,10100,11600,22100,13700,106100,6900,440110,427310,5770519,3457200,0,0,0,0,0,
600036.SH,600036,20251209,93230000,431300,11500,496000,3084,0,,,2200267,94969071,432700,430800,431800,431800,431300,431400,431500,431600,431700,431800,431900,432000,432100,432200,4500,3900,4600,3800,2100,53700,400,13200,2300,1200,431200,431100,431000,430900,430800,430700,430600,430500,430400,430300,13100,37100,21700,10600,12000,22600,13700,105700,6900,61600,440110,427310,5775219,3458200,0,0,0,0,0,
600036.SH,600036,20251209,93233000,431300,15800,681354,3110,0,,,2216067,95650425,432700,430800,431800,431800,431300,431400,431500,431600,431700,431800,431900,432000,432100,432200,6500,3400,4600,3800,2100,53700,400,13200,2300,1200,431200,431100,431000,430900,430800,430700,430600,430500,430400,430300,4700,37100,23200,10600,12000,22600,13700,105700,6900,61600,440110,427300,5774019,3458500,0,0,0,0,0,
600036.SH,600036,20251209,93236000,431200,9800,422582,3135,0,,,2225867,96073007,432700,430800,431800,431800,431200,431300,431400,431500,431600,431700,431800,431900,432000,432100,500,1200,3800,4600,3800,2100,53700,400,13200,2300,431100,431000,430900,430800,430700,430600,430500,430400,430300,430200,37100,23700,10800,14300,22600,13700,105700,6900,61600,84900,440120,427290,5775619,3459500,0,0,0,0,0,
600036.SH,600036,20251209,93239000,431500,26800,1156265,3177,0,,,2252667,97229272,432700,430800,431800,431800,431500,431600,431700,431800,431900,432000,432100,432200,432300,432400,6600,10500,10800,56900,1100,13200,2300,1200,7100,10800,431200,431100,431000,430900,430800,430700,430600,430500,430400,430300,500,41800,26600,10200,14700,22600,13700,105700,6900,61600,440090,427300,5792419,3469900,0,0,0,0,0,
600036.SH,600036,20251209,93242000,431100,8400,362146,3187,0,,,2261067,97591418,432700,430800,431800,431800,431200,431300,431400,431500,431600,431700,431800,431900,432000,432100,5000,2000,400,7300,11500,10800,56900,1100,13200,2300,431100,431000,430900,430800,430700,430600,430500,430400,430300,430200,35600,26600,12700,14700,22600,13900,105700,7900,61600,85400,440070,427290,5807619,3468200,0,0,0,0,0,
600036.SH,600036,20251209,93245000,431400,7900,340682,3207,0,,,2268967,97932100,432700,430800,431800,431800,431400,431500,431600,431700,431800,431900,432000,432100,432200,432300,100,2600,11500,10800,56900,1600,13200,2300,1200,7100,431300,431200,431100,431000,430900,430800,430700,430600,430500,430400,2800,600,44500,26800,13200,20200,22600,13900,105700,7900,440100,427320,5795319,3501900,0,0,0,0,0,
600036.SH,600036,20251209,93248000,431400,3100,133724,3221,0,,,2272067,98065824,432700,430800,431800,431800,431500,431600,431700,431800,431900,432000,432100,432200,432300,432400,3200,4300,10800,56900,1500,12400,2300,1200,7100,10300,431300,431200,431100,431000,430900,430800,430700,430600,430500,430400,6800,1400,45900,26800,13700,20800,22900,13900,106900,7900,440110,427330,5794519,3513000,0,0,0,0,0,
600036.SH,600036,20251209,93251000,431400,4000,172558,3236,0,,,2276067,98238382,432700,430800,431800,431800,431400,431500,431600,431700,431800,431900,432000,432100,432200,432300,2000,2700,4300,10800,56800,1500,12400,2300,1200,7100,431300,431200,431100,431000,430900,430800,430700,430600,430500,430400,11700,6500,47400,27000,23800,20800,24100,13900,106900,7900,440100,427360,5796919,3538500,0,0,0,0,0,
600036.SH,600036,20251209,93254000,431300,13400,577982,3259,0,,,2289467,98816364,432700,430800,431800,431800,431400,431500,431600,431700,431800,431900,432000,432100,432200,432300,100,2400,4300,11100,56800,1500,12400,2300,1200,7100,431300,431200,431100,431000,430900,430800,430700,430600,430500,430400,5000,8500,47500,27600,23800,20800,24100,13900,106900,7900,440110,427360,5797219,3538300,0,0,0,0,0,
600036.SH,600036,20251209,93257000,431400,4300,185518,3271,0,,,2293767,99001882,432700,430800,431800,431800,431600,431700,431800,431900,432000,432100,432200,432300,432400,432500,9600,11100,55300,1500,12400,2300,1200,7100,10300,16500,431400,431300,431200,431100,431000,430900,430800,430700,430600,430500,2900,107700,9500,49600,27700,23900,20600,24100,13900,106900,440100,427480,5800419,3650900,0,0,0,0,0,
600036.SH,600036,20251209,93300000,431500,42500,1834670,3305,0,,,2336267,100836552,432700,430800,431800,431800,431800,431900,432000,432100,432200,432300,432400,432500,432600,432700,45400,1500,12400,2300,1200,7100,10300,18300,27600,1400,431600,431500,431400,431300,431200,431100,431000,430900,430800,430700,1200,9100,6100,107700,10100,49900,28700,23900,21000,24100,440140,427490,5792619,3663200,0,0,0,0,0,
600036.SH,600036,20251209,93303000,431700,50200,2167593,3380,0,,,2386467,103004145,432700,430800,431800,431800,431800,431900,432000,432100,432200,432300,432400,432500,432600,432700,32100,1500,12500,2300,1200,7100,10300,18300,27600,1400,431700,431600,431500,431400,431300,431200,431100,431000,430900,430800,6000,13600,300,6200,107100,10100,49900,29600,24000,20900,440160,427500,5785019,3675500,0,0,0,0,0,
600036.SH,600036,20251209,93306000,431700,118500,5116441,3511,0,,,2504967,108120586,432700,430800,431800,431800,431700,431800,431900,432000,432100,432200,432300,432400,432500,432600,10300,3300,900,14200,2600,1200,7100,10300,18300,27600,431600,431500,431400,431300,431200,431100,431000,430900,430800,430700,3100,100,7300,106600,10100,49900,30200,24000,21300,24100,440190,427490,5769919,3658100,0,0,0,0,0,
600036.SH,600036,20251209,93309000,431600,16400,707907,3538,0,,,2521367,108828493,432700,430800,431800,431800,431700,431800,431900,432000,432100,432200,432300,432400,432500,432600,7300,2400,900,12600,2300,1200,7100,10300,18300,27600,431500,431400,431300,431200,431100,431000,430900,430800,430700,430600,800,8300,106600,10100,48300,28200,24000,23500,24400,13700,440190,427490,5768719,3658200,0,0,0,0,0,
600036.SH,600036,20251209,93312000,431500,5800,250289,3558,0,,,2527167,109078782,432700,430800,431800,431800,431600,431700,431800,431900,432000,432100,432200,432300,432400,432500,1200,9400,2400,900,12100,2300,3200,7100,10300,18300,431400,431300,431200,431100,431000,430900,430800,430700,430600,430500,8200,106700,10100,48300,29600,23500,23700,24400,14300,106800,440190,427480,5779919,3680500,0,0,0,0,0,
600036.SH,600036,20251209,93315000,431500,3900,168265,3569,0,,,2531067,109247047,432700,430800,431800,431800,431500,431600,431700,431800,431900,432000,432100,432200,432300,432400,300,3900,5600,2400,500,12100,2300,3200,7100,10300,431400,431300,431200,431100,431000,430900,430800,430700,430600,430500,8400,106800,11600,49300,39100,23500,24100,24400,14300,106800,440190,427500,5778719,3695500,0,0,0,0,0,
600036.SH,600036,20251209,93318000,431500,1400,60405,3579,0,,,2532467,109307452,432700,430800,431800,431800,431600,431700,431800,432000,432100,432200,432300,432400,432500,432600,6600,5600,2400,12100,2800,3200,7100,10300,18300,27600,431500,431400,431300,431200,431100,431000,430900,430800,430700,430600,200,36400,108800,11900,49300,46100,23800,29600,24400,14300,440210,427550,5784119,3752200,0,0,0,0,0,
600036.SH,600036,20251209,93321000,431500,111200,4797677,3651,0,,,2643667,114105129,432700,430800,431800,431800,431600,431700,431800,431900,432000,432100,432200,432300,432400,432500,200,3100,21800,11400,700,3500,3200,7100,10300,18800,431400,431300,431200,431100,431000,430900,430800,430700,430600,430500,1700,36400,11900,48900,46200,23800,29600,24400,14300,107300,440190,427440,5809219,3648100,0,0,0,0,0,
600036.SH,600036,20251209,93324000,431400,29400,1268346,3708,0,,,2673067,115373475,432700,430800,431800,431800,431500,431600,431700,431800,431900,432000,432100,432200,432300,432400,1200,12100,1800,20400,11400,700,3500,3200,7100,10300,431400,431300,431200,431100,431000,430900,430800,430700,430600,430500,2500,29600,11400,48900,46500,23800,30900,24400,14300,107300,440170,427430,5822219,3643800,0,0,0,0,0,
600036.SH,600036,20251209,93327000,431300,11000,474537,3775,0,,,2684067,115848012,432700,430800,431800,431800,431400,431500,431600,431700,431800,431900,432000,432100,432200,432300,17400,2100,5900,1800,19800,12400,700,3500,3200,7100,431300,431200,431100,431000,430900,430800,430700,430600,430500,430400,29300,11100,49600,46800,23800,31000,25400,14500,107300,9000,440160,427430,5836219,3642700,0,0,0,0,0,
600036.SH,600036,20251209,93330000,431300,25800,1112770,3806,0,,,2709867,116960782,432700,430800,431800,431800,431400,431500,431600,431700,431800,431900,432000,432100,432200,432300,25500,3100,5400,1800,19800,12400,700,3500,3200,7100,431300,431200,431100,431000,430900,430800,430700,430600,430500,430400,20500,11800,48000,46800,23800,32500,25400,14500,107300,9000,440150,427420,5843919,3635900,0,0,0,0,0,
600036.SH,600036,20251209,93333000,431000,112700,4859029,3935,0,,,2822567,121819811,432700,430800,431800,431800,431100,431200,431300,431400,431500,431600,431700,431800,431900,432000,900,6100,7800,24400,3100,5500,1800,19800,12400,700,431000,430900,430800,430700,430600,430500,430400,430300,430200,430100,51500,23600,31900,25400,14500,107300,9000,58800,87900,183100,440120,427340,5861219,3554200,0,0,0,0,0,
600036.SH,600036,20251209,93336000,431100,21900,943986,3997,0,,,2844467,122763797,432700,430800,431800,431800,431100,431200,431300,431400,431500,431600,431700,431800,431900,432000,200,5800,6900,14700,2100,5000,1800,19800,12400,700,431000,430900,430800,430700,430600,430500,430400,430300,430200,430100,41600,23600,31900,25400,14500,107300,9000,58800,87900,183500,440150,427340,5848019,3556500,0,0,0,0,0,
600036.SH,600036,20251209,93339000,431000,39900,1720660,4051,0,,,2884367,124484457,432700,430800,431800,431800,431300,431400,431500,431600,431700,431800,431900,432000,432100,432200,100,10400,12400,6800,1800,18400,12000,700,3500,3200,431000,430900,430800,430700,430600,430500,430400,430300,430200,430100,33900,24200,31900,25400,14500,107300,9000,58800,87900,184500,440150,427330,5843319,3553500,0,0,0,0,0,
600036.SH,600036,20251209,93342000,431000,8600,370670,4069,0,,,2892967,124855127,432700,430800,431800,431800,431100,431200,431300,431400,431500,431600,431700,431800,431900,432000,1400,500,3200,10000,12400,6800,1800,18400,12000,700,431000,430900,430800,430700,430600,430500,430400,430300,430200,430100,27300,24200,32100,25400,14500,107300,9000,58800,88100,184500,440150,427320,5848819,3550900,0,0,0,0,0,
600036.SH,600036,20251209,93345000,431000,9000,387917,4084,0,,,2901967,125243044,432700,430800,431800,431800,431100,431200,431300,431400,431500,431600,431700,431800,431900,432000,3100,500,1100,4600,12400,6800,1800,18400,12000,700,431000,430900,430800,430700,430600,430500,430400,430300,430200,430100,25200,24200,32100,25400,14500,107300,9000,59100,88100,184500,440150,427320,5844319,3549900,0,0,0,0,0,
600036.SH,600036,20251209,93348000,431000,2200,94828,4088,0,,,2904167,125337872,432700,430800,431800,431800,431100,431200,431300,431400,431500,431600,431700,431800,431900,432000,4900,500,1100,4600,12400,6800,1800,18400,12000,700,431000,430900,430800,430700,430600,430500,430400,430300,430200,430100,26700,25200,32000,25400,14500,107300,9000,59700,88100,184600,440150,427320,5846219,3554900,0,0,0,0,0,
600036.SH,600036,20251209,93351000,431100,4100,176729,4098,0,,,2908267,125514601,432700,430800,431800,431800,431100,431200,431300,431400,431500,431600,431700,431800,431900,432000,6200,500,1100,4600,12400,6800,1800,18100,12500,900,431000,430900,430800,430700,430600,430500,430400,430300,430200,430100,26300,25200,32000,25200,14500,107700,9000,59700,88100,185100,440150,427320,5852219,3554400,0,0,0,0,0,
600036.SH,600036,20251209,93354000,431100,62500,2693697,4175,0,,,2970767,128208298,432700,430800,431800,431800,431100,431200,431300,431400,431500,431600,431700,431800,431900,432000,3600,100,21100,4600,12400,6700,2300,18100,12500,900,431000,430900,430800,430700,430600,430500,430400,430300,430200,430100,3300,17300,29900,25200,14200,107700,9000,59700,88100,185100,440120,427290,5870619,3521300,0,0,0,0,0,
600036.SH,600036,20251209,93357000,431000,13600,586120,4214,0,,,2984367,128794418,432700,430800,431800,431800,431000,431100,431200,431300,431400,431500,431600,431700,431800,431900,3700,8700,200,21100,4600,12400,6700,2300,18100,12500,430900,430800,430700,430600,430500,430400,430300,430200,430100,430000,13400,30000,25100,14200,107700,9000,59700,88100,186100,681400,440100,427280,5889319,3515500,0,0,0,0,0,
600036.SH,600036,20251209,93400000,431000,4300,185319,4230,0,,,2988667,128979737,432700,430800,431800,431800,431000,431100,431200,431300,431400,431500,431600,431700,431800,431900,1300,5900,200,21100,4600,12400,6700,2300,18100,12500,430900,430800,430700,430600,430500,430400,430300,430200,430100,430000,24800,32800,25800,15200,107700,9000,59700,88100,186100,682700,440110,427300,5888019,3538000,0,0,0,0,0,
600036.SH,600036,20251209,93403000,431000,6700,288750,4246,0,,,2995367,129268487,432700,430800,431800,431800,431100,431200,431300,431400,431500,431600,431700,431800,431900,432000,5900,200,21100,6300,12400,6700,2300,18100,12500,900,430900,430800,430700,430600,430500,430400,430300,430200,430100,430000,25200,33700,25800,65200,117700,9000,59700,88100,186300,684200,440100,427350,5894819,3602600,0,0,0,0,0,
600036.SH,600036,20251209,93406000,431100,3200,137933,4256,0,,,2998567,129406420,432700,430800,431800,431800,431100,431200,431300,431400,431500,431600,431700,431800,431900,432000,4900,200,21100,6300,6900,6700,2300,18100,12500,900,431000,430900,430800,430700,430600,430500,430400,430300,430200,430100,5100,27700,33800,25800,65200,117700,9000,58700,88100,186300,440110,427350,5889219,3613000,0,0,0,0,0,
600036.SH,600036,20251209,93409000,431100,6000,258660,4281,0,,,3004567,129665080,432700,430800,431800,431800,431100,431200,431300,431400,431500,431600,431700,431800,431900,432000,500,900,21100,6300,6900,6700,2300,18100,12500,900,431000,430900,430800,430700,430600,430500,430400,430300,430200,430100,26000,16700,33800,25800,65500,118600,9000,58700,88100,186700,440120,427370,5890519,3628900,0,0,0,0,0,
600036.SH,600036,20251209,93412000,431100,2400,103452,4293,0,,,3006967,129768532,432700,430800,431800,431800,431100,431200,431300,431400,431500,431600,431700,431800,431900,432000,100,900,21100,6300,6900,6700,2300,18100,12500,900,431000,430900,430800,430700,430600,430500,430400,430300,430200,430100,31200,17200,34200,26800,78100,126900,9000,58700,88100,186700,440120,427400,5891119,3661300,0,0,0,0,0,
600036.SH,600036,20251209,93415000,431000,6300,271549,4313,0,,,3013267,130040081,432700,430800,431800,431800,431200,431300,431400,431500,431600,431700,431800,431900,432000,432100,900,21100,6300,6900,6700,2300,18100,12500,900,2800,431000,430900,430800,430700,430600,430500,430400,430300,430200,430100,31700,17900,34500,26800,78900,126900,9000,58700,89600,186700,440120,427400,5891619,3665600,0,0,0,0,0,
600036.SH,600036,20251209,93418000,431100,1800,77598,4319,0,,,3015067,130117679,432700,430800,431800,431800,431200,431300,431400,431500,431600,431700,431800,431900,432000,432100,1000,21100,6300,6900,6700,2300,18100,12500,1900,2800,431100,431000,430900,430800,430700,430600,430500,430400,430300,430200,6800,80400,19900,36100,27800,79700,127100,9000,58700,89600,440120,427460,5894219,3730800,0,0,0,0,0,
600036.SH,600036,20251209,93421000,431500,31700,1367304,4339,0,,,3046767,131484983,432700,430800,431800,431800,431500,431600,431700,431800,431900,432000,432100,432200,432300,432400,6200,6700,2300,18100,12500,1900,2800,3400,6100,10000,431200,431100,431000,430900,430800,430700,430600,430500,430400,430300,80900,15200,39300,20400,34800,27800,79700,127800,9000,58900,440160,427510,5866319,3784600,0,0,0,0,0,
600036.SH,600036,20251209,93424000,431300,3600,155273,4355,0,,,3050367,131640256,432700,430800,431800,431800,431400,431500,431600,431700,431800,431900,432000,432100,432200,432300,1200,6600,6600,2300,18100,12500,1900,2800,4400,6100,431300,431200,431100,431000,430900,430800,430700,430600,430500,430400,7200,85400,7400,43600,20500,35300,27800,79700,129100,9000,440160,427520,5869019,3796600,0,0,0,0,0,
600036.SH,600036,20251209,93427000,431400,5000,215714,4364,0,,,3055367,131855970,432700,430800,431800,431800,431400,431500,431600,431700,431800,431900,432000,432100,432200,432300,700,2700,6600,2300,17800,12500,1900,2800,4400,6100,431300,431200,431100,431000,430900,430800,430700,430600,430500,430400,6800,80700,13400,45100,20800,35400,27800,79900,129200,9000,440160,427520,5865219,3802700,0,0,0,0,0,
600036.SH,600036,20251209,93430000,431400,2800,120800,4370,0,,,3058167,131976770,432700,430800,431800,431800,431400,431500,431600,431700,431800,431900,432000,432100,432200,432300,2100,6800,8100,2300,17800,12500,1900,2800,4400,6100,431300,431200,431100,431000,430900,430800,430700,430600,430500,430400,20700,80800,14900,52400,21400,35500,27800,79900,129500,9000,440160,427570,5873319,3868100,0,0,0,0,0,
600036.SH,600036,20251209,93433000,431400,5900,254492,4385,0,,,3064067,132231262,432700,430800,431800,431800,431400,431500,431600,431700,431800,431900,432000,432100,432200,432300,100,1300,8100,2300,17800,12500,1900,2800,4400,6100,431300,431200,431100,431000,430900,430800,430700,430600,430500,430400,18200,81100,15300,55800,21900,36500,27900,80100,129500,9000,440170,427570,5866219,3876400,0,0,0,0,0,
600036.SH,600036,20251209,93436000,431300,4000,172552,4401,0,,,3068067,132403814,432700,430800,431800,431800,431400,431500,431600,431700,431800,431900,432000,432100,432200,432300,300,6100,7500,2100,17800,12500,1900,2800,4400,6100,431300,431200,431100,431000,430900,430800,430700,430600,430500,430400,22500,81100,15300,57300,22900,37000,30000,80100,129500,9000,440160,427580,5872519,3885400,0,0,0,0,0,
600036.SH,600036,20251209,93439000,431300,20200,871241,4425,0,,,3088267,133275055,432700,430800,431800,431800,431300,431400,431500,431600,431700,431800,431900,432000,432100,432200,10400,17200,3300,7500,2100,17800,12500,2100,2800,4400,431200,431100,431000,430900,430800,430700,430600,430500,430400,430300,81100,15300,58100,23500,41000,30000,81100,129800,9000,58500,440120,427560,5899419,3868900,0,0,0,0,0,
600036.SH,600036,20251209,93442000,431200,103400,4458491,4472,0,,,3191667,137733546,432700,430800,431800,431800,431200,431300,431400,431500,431600,431700,431800,431900,432000,432100,5300,28200,600,2600,7400,2100,17800,12500,2100,2800,431000,430900,430800,430700,430600,430500,430400,430300,430200,430100,62400,23600,41200,30000,81100,129800,9000,58500,89600,188500,440110,427480,5906919,3780700,0,0,0,0,0,
600036.SH,600036,20251209,93445000,431200,11400,491373,4493,0,,,3203067,138224919,432700,430800,431800,431800,431200,431300,431400,431500,431600,431700,431800,431900,432000,432100,17900,1900,1000,2600,7400,2800,17800,12500,2100,2800,431100,431000,430900,430800,430700,430600,430500,430400,430300,430200,100,55500,23600,42600,30000,81100,129800,9000,58500,89600,440140,427470,5896619,3779200,0,0,0,0,0,
600036.SH,600036,20251209,93448000,431200,19000,818941,4523,0,,,3222067,139043860,432700,430800,431800,431800,431300,431400,431500,431600,431700,431800,431900,432000,432100,432200,8000,1000,2800,7400,2800,17800,12900,2100,2800,4400,431100,431000,430900,430800,430700,430600,430500,430400,430300,430200,100,38700,23800,42500,30400,81300,129800,9000,58500,89600,440150,427460,5887019,3766000,0,0,0,0,0,
600036.SH,600036,20251209,93451000,431100,3600,155176,4534,0,,,3225667,139199036,432700,430800,431800,431800,431200,431300,431400,431500,431600,431700,431800,431900,432000,432100,1900,9900,1000,2200,7400,2800,17800,12900,2100,2800,431000,430900,430800,430700,430600,430500,430400,430300,430200,430100,36400,23700,42500,30400,81300,129800,9000,58500,89600,189500,440150,427460,5889719,3765900,0,0,0,0,0,
600036.SH,600036,20251209,93454000,431200,1700,73293,4541,0,,,3227367,139272329,432700,430800,431800,431800,431200,431300,431400,431500,431600,431700,431800,431900,432000,432100,1600,8200,1000,2200,7400,2800,17800,12900,2100,2800,431100,431000,430900,430800,430700,430600,430500,430400,430300,430200,6000,38800,23700,42100,30400,81500,129800,10000,58500,89600,440150,427470,5890419,3778600,0,0,0,0,0,
600036.SH,600036,20251209,93457000,431100,4800,207001,4551,0,,,3232167,139479330,432700,430800,431800,431800,431200,431300,431400,431500,431600,431700,431800,431900,432000,432100,800,5400,1900,2200,2800,2100,19000,12900,2100,2800,431100,431000,430900,430800,430700,430600,430500,430400,430300,430200,7500,38800,23400,42600,35400,81500,130500,10000,58500,89600,440160,427480,5888219,3788000,0,0,0,0,0,
600036.SH,600036,20251209,93500000,431400,7000,301905,4563,0,,,3239167,139781235,432700,430800,431800,431800,431400,431500,431600,431700,431800,431900,432000,432100,432200,432300,1300,2200,2800,2100,19000,12900,2100,2800,4200,6100,431200,431100,431000,430900,430800,430700,430600,430500,430400,430300,1500,16100,42100,23500,42600,35400,81500,130500,10000,58500,440170,427490,5894719,3802400,0,0,0,0,0,
600036.SH,600036,20251209,93503000,431500,5900,254502,4581,0,,,3245067,140035737,432700,430800,431800,431800,431500,431600,431700,431800,431900,432000,432100,432200,432300,432400,2100,2800,2100,16800,6700,2100,2800,4200,6100,10000,431400,431300,431200,431100,431000,430900,430800,430700,430600,430500,500,6700,3100,8500,42700,23500,42600,35400,81500,130300,440190,427490,5889719,3805600,0,0,0,0,0,
600036.SH,600036,20251209,93506000,431300,10500,452966,4596,0,,,3255567,140488703,432700,430800,431800,431800,431400,431500,431600,431700,431800,431900,432000,432100,432200,432300,1500,1700,2800,2100,16800,6700,2100,2800,4200,6100,431300,431200,431100,431000,430900,430800,430700,430600,430500,430400,300,3600,9700,43700,24000,43500,35400,81500,140300,10000,440190,427500,5893719,3817000,0,0,0,0,0,
600036.SH,600036,20251209,93509000,431100,11700,504466,4619,0,,,3267267,140993169,432700,430800,431800,431800,431400,431500,431600,431700,431800,431900,432000,432100,432200,432300,4800,1700,3300,2100,16800,6700,2100,2800,4200,6100,431100,431000,430900,430800,430700,430600,430500,430400,430300,430200,4400,44900,24100,43500,35400,81500,140900,10000,58700,90700,440180,427510,5899519,3840800,0,0,0,0,0,
600036.SH,600036,20251209,93512000,431200,1400,60390,4626,0,,,3268667,141053559,432700,430800,431800,431800,431200,431300,431400,431500,431600,431700,431800,431900,432000,432100,600,2500,3100,1700,3300,2100,18200,6700,2100,2800,431100,431000,430900,430800,430700,430600,430500,430400,430300,430200,14800,45700,24100,43500,35400,81500,141000,10000,58700,91300,440180,427520,5903419,3856700,0,0,0,0,0,
600036.SH,600036,20251209,93515000,431200,1500,64679,4635,0,,,3270167,141118238,432700,430800,431800,431800,431300,431400,431500,431600,431700,431800,431900,432000,432100,432200,1000,4000,1700,2800,2100,18200,6700,2100,2800,4200,431200,431100,431000,430900,430800,430700,430600,430500,430400,430300,500,19800,48500,24100,43500,35600,81500,151000,10000,58700,440180,427540,5902119,3876600,0,0,0,0,0,
600036.SH,600036,20251209,93518000,431200,6100,263002,4656,0,,,3276267,141381240,432700,430800,431800,431800,431200,431300,431400,431500,431600,431700,431800,431900,432000,432100,300,3000,4000,1700,2800,2100,18200,6700,2100,2800,431100,431000,430900,430800,430700,430600,430500,430400,430300,430200,19200,49800,24500,46100,38600,81700,151000,10000,58700,92500,440180,427540,5905019,3885600,0,0,0,0,0,
600036.SH,600036,20251209,93521000,431200,16800,724319,4670,0,,,3293067,142105559,432700,430800,431800,431800,431200,431300,431400,431500,431600,431700,431800,431900,432000,432100,5700,3100,4000,4300,2800,2100,18200,6700,2100,2800,431100,431000,430900,430800,430700,430600,430500,430400,430300,430200,11500,51500,25500,46100,38900,83900,151800,10000,58800,92500,440160,427540,5914719,3886000,0,0,0,0,0,
600036.SH,600036,20251209,93524000,431100,6700,288855,4686,0,,,3299767,142394414,432700,430800,431800,431800,431200,431300,431400,431500,431600,431700,431800,431900,432000,432100,4500,3100,4500,4700,2800,2100,18200,6700,2100,2800,431100,431000,430900,430800,430700,430600,430500,430400,430300,430200,11300,52300,25500,45700,39400,83900,151000,15000,58800,92500,440150,427550,5926319,3896800,0,0,0,0,0,
600036.SH,600036,20251209,93527000,431100,31500,1357992,4730,0,,,3331267,143752406,432700,430800,431800,431800,431200,431300,431400,431500,431600,431700,431800,431900,432000,432100,2000,3100,2900,4700,2800,2100,18300,6700,2100,2800,431100,431000,430900,430800,430700,430600,430500,430400,430300,430200,300,52400,25500,46700,39400,83900,151000,15000,58800,92500,440150,427540,5927919,3886500,0,0,0,0,0,
600036.SH,600036,20251209,93530000,431100,19200,827601,4760,0,,,3350467,144580007,432700,430800,431800,431800,431100,431200,431300,431400,431500,431600,431700,431800,431900,432000,2100,1100,2300,2900,4700,1300,2100,18300,6700,2100,431000,430900,430800,430700,430600,430500,430400,430300,430200,430100,42700,25500,46300,39600,85900,152200,15000,58800,92500,193100,440150,427530,5928019,3883900,0,0,0,0,0,
600036.SH,600036,20251209,93533000,431200,46900,2021907,4821,0,,,3397367,146601914,432700,430800,431800,431800,431300,431400,431500,431600,431700,431800,431900,432000,432100,432200,4900,2900,4700,1300,2100,18300,6700,2100,2800,4200,431200,431100,431000,430900,430800,430700,430600,430500,430400,430300,14500,44700,36800,25500,46300,39600,85900,152200,15000,58800,440150,427590,5927419,3950600,0,0,0,0,0,
600036.SH,600036,20251209,93536000,431400,21700,935747,4852,0,,,3419067,147537661,432700,430800,431800,431800,431400,431500,431600,431700,431800,431900,432000,432100,432200,432300,6200,4700,1300,2100,18300,6700,2100,2800,4200,6100,431100,431000,430900,430800,430700,430600,430500,430400,430300,430200,43800,41700,25600,46800,39600,85900,152200,15000,58800,92600,440160,427580,5924619,3943300,0,0,0,0,0,
600036.SH,600036,20251209,93539000,431000,47500,2047743,4952,0,,,3466567,149585404,432700,430800,431800,431800,431100,431200,431300,431400,431500,431600,431700,431800,431900,432000,400,1100,5000,6300,4800,1300,2100,18300,6700,2100,431000,430900,430800,430700,430600,430500,430400,430300,430200,430100,44600,25600,46800,39600,86000,153200,15000,58800,92600,205300,440150,427550,5931819,3904500,0,0,0,0,0,
600036.SH,600036,20251209,93542000,431000,72800,3137830,5053,0,,,3539367,152723234,432700,430800,431800,431800,431000,431100,431200,431300,431400,431500,431600,431700,431800,431900,10400,13900,13100,5700,6300,4800,1300,2100,18300,6700,430900,430800,430700,430600,430500,430400,430300,430200,430100,430000,22100,48100,39600,86000,153200,15000,58800,92600,205300,739900,440100,427510,5969719,3859100,0,0,0,0,0,
600036.SH,600036,20251209,93545000,431000,7200,310312,5072,0,,,3546567,153033546,432700,430800,431800,431800,431000,431100,431200,431300,431400,431500,431600,431700,431800,431900,13400,14100,13100,5700,6300,4800,1300,2100,18300,6700,430900,430800,430700,430600,430500,430400,430300,430200,430100,430000,20700,51200,39200,85500,153200,14900,58800,92600,205300,740900,440090,427510,5977419,3862200,0,0,0,0,0,
600036.SH,600036,20251209,93548000,430900,3000,129284,5082,0,,,3549567,153162830,432700,430800,431800,431800,431000,431100,431200,431300,431400,431500,431600,431700,431800,431900,17200,8500,14200,5700,5400,4800,1300,2100,18300,6700,430900,430800,430700,430600,430500,430400,430300,430200,430100,430000,19200,51500,39200,88500,154000,14900,58800,92600,205300,745900,440090,427510,5978819,3875500,0,0,0,0,0,
600036.SH,600036,20251209,93551000,431000,5500,237029,5097,0,,,3555067,153399859,432700,430800,431800,431800,431000,431100,431200,431300,431400,431500,431600,431700,431800,431900,20600,8500,14200,5700,4600,4500,1300,2100,18500,6700,430900,430800,430700,430600,430500,430400,430300,430200,430100,430000,18900,76600,40200,89300,154000,14900,58800,92600,205300,746300,440090,427530,5983319,3901800,0,0,0,0,0,
600036.SH,600036,20251209,93554000,431000,2100,90510,5102,0,,,3557167,153490369,432700,430800,431800,431800,431000,431100,431200,431300,431400,431500,431600,431700,431800,431900,13700,8500,14200,5700,4600,4500,1300,2100,18500,6700,430900,430800,430700,430600,430500,430400,430300,430200,430100,430000,22000,76600,39600,89800,154200,14900,58800,92600,205300,746800,440100,427530,5979119,3906500,0,0,0,0,0,
600036.SH,600036,20251209,93557000,430900,4000,172379,5114,0,,,3561167,153662748,432700,430800,431800,431800,431000,431100,431200,431300,431400,431500,431600,431700,431800,431900,13800,8500,14200,5700,4600,4500,1300,2100,18500,6700,430900,430800,430700,430600,430500,430400,430300,430200,430100,430000,21200,77900,39900,89700,153600,14900,58800,92600,205300,747200,440100,427530,5979819,3907700,0,0,0,0,0,
600036.SH,600036,20251209,93600000,431000,12300,530112,5130,0,,,3573467,154192860,432700,430800,431800,431800,431000,431100,431200,431300,431400,431500,431600,431700,431800,431900,3300,8500,13100,5700,4600,4500,1400,2100,18500,6700,430900,430800,430700,430600,430500,430400,430300,430200,430100,430000,20400,78600,39900,91000,153800,14900,58800,92600,205300,750000,440110,427530,5972319,3913100,0,0,0,0,0,
600036.SH,600036,20251209,93603000,431000,4700,202570,5140,0,,,3578167,154395430,432700,430800,431800,431800,431100,431200,431300,431400,431500,431600,431700,431800,431900,432000,8500,13100,2000,4600,4500,1400,2100,18500,6700,3300,431000,430900,430800,430700,430600,430500,430400,430300,430200,430100,18500,22600,79700,40900,91000,154200,14900,58800,92600,205600,440140,427550,5949719,3938200,0,0,0,0,0,
600036.SH,600036,20251209,93606000,431000,6200,267226,5146,0,,,3584367,154662656,432700,430800,431800,431800,431100,431200,431300,431400,431500,431600,431700,431800,431900,432000,10400,13100,2000,4600,4800,1400,2100,18500,6700,3300,431000,430900,430800,430700,430600,430500,430400,430300,430200,430100,13200,23400,79700,41900,91400,154600,14900,54300,92600,205700,440140,427550,5951419,3931000,0,0,0,0,0,
600036.SH,600036,20251209,93609000,431000,2400,103447,5152,0,,,3586767,154766103,432700,430800,431800,431800,431100,431200,431300,431400,431500,431600,431700,431800,431900,432000,9800,13100,2300,4600,4800,1400,2100,18500,6700,3300,431000,430900,430800,430700,430600,430500,430400,430300,430200,430100,12800,25200,81600,41900,95200,155100,14900,54300,92600,205700,440140,427550,5955119,3939400,0,0,0,0,0,
600036.SH,600036,20251209,93612000,431000,26400,1138019,5190,0,,,3613167,155904122,432700,430800,431800,431800,431400,431500,431600,431700,431800,431900,432000,432100,432200,432300,4500,4800,1400,13900,18500,6700,3300,2800,4200,6000,431000,430900,430800,430700,430600,430500,430400,430300,430200,430100,5600,25900,80600,41900,108200,155600,14900,54500,92600,205900,440150,427560,5953619,3946700,0,0,0,0,0,
600036.SH,600036,20251209,93615000,431400,4000,172451,5211,0,,,3617167,156076573,432700,430800,431800,431800,431400,431500,431600,431700,431800,431900,432000,432100,432200,432300,5600,4800,1400,13900,18500,6700,3300,2800,4200,6000,431200,431100,431000,430900,430800,430700,430600,430500,430400,430300,200,300,23000,25400,81400,41200,108400,155800,14900,54500,440170,427570,5963219,3968400,0,0,0,0,0,
600036.SH,600036,20251209,93618000,431200,8200,353562,5245,0,,,3625367,156430135,432700,430800,431800,431800,431300,431400,431500,431600,431700,431800,431900,432000,432100,432200,200,8700,4800,1400,13900,18500,6700,3300,2800,4200,431200,431100,431000,430900,430800,430700,430600,430500,430400,430300,12000,600,11900,27900,82100,41200,108400,155800,14900,54500,440160,427580,5976119,3972700,0,0,0,0,0,
600036.SH,600036,20251209,93621000,431200,12100,521753,5253,0,,,3637467,156951888,432700,430800,431800,431800,431200,431300,431400,431500,431600,431700,431800,431900,432000,432100,15000,2100,10200,2100,1400,13900,18500,6700,3300,2800,431100,431000,430900,430800,430700,430600,430500,430400,430300,430200,700,13500,28100,84300,41200,108700,155800,14900,54500,93300,440140,427570,5989019,3966000,0,0,0,0,0,
600036.SH,600036,20251209,93624000,431200,26000,1120960,5296,0,,,3663467,158072848,432700,430800,431800,431800,431300,431400,431500,431600,431700,431800,431900,432000,432100,432200,1200,8200,2100,1400,13900,18500,6700,3300,2800,4200,431200,431100,431000,430900,430800,430700,430600,430500,430400,430300,7000,4000,16900,27300,84300,43200,108700,156800,14900,54500,440170,427590,5973019,3989000,0,0,0,0,0,
600036.SH,600036,20251209,93627000,431200,3500,150925,5302,0,,,3666967,158223773,432700,430800,431800,431800,431200,431300,431400,431500,431600,431700,431800,431900,432000,432100,100,3700,7300,2100,1400,13900,17100,6700,3300,2800,431100,431000,430900,430800,430700,430600,430500,430400,430300,430200,4100,20500,27500,84100,43200,109200,156800,14900,54500,93300,440110,427590,6169119,3986800,0,0,0,0,0,
600036.SH,600036,20251209,93630000,431200,1400,60365,5312,0,,,3668367,158284138,432700,430800,431800,431800,431200,431300,431400,431500,431600,431700,431800,431900,432000,432100,900,3700,7300,2100,1400,13900,17100,7700,3300,2800,431100,431000,430900,430800,430700,430600,430500,430400,430300,430200,3600,20500,27500,84200,43200,117300,157800,14900,54500,93300,440100,427590,6174719,3997900,0,0,0,0,0,
600036.SH,600036,20251209,93633000,431200,7400,319054,5344,0,,,3675767,158603192,432700,430800,431800,431800,431200,431300,431400,431500,431600,431700,431800,431900,432000,432100,700,3700,7300,2100,1400,13900,17100,7700,2400,2800,431100,431000,430900,430800,430700,430600,430500,430400,430300,430200,500,37100,28000,84200,43200,117300,157300,14900,54500,93300,440100,427610,6185019,4015900,0,0,0,0,0,
600036.SH,600036,20251209,93636000,431200,26500,1142265,5388,0,,,3702267,159745457,432700,430800,431800,431800,431200,431300,431400,431500,431600,431700,431800,431900,432000,432100,3200,3700,7300,1900,1400,13900,17100,7700,2400,2800,431100,431000,430900,430800,430700,430600,430500,430400,430300,430200,500,19000,28800,84400,43200,117300,157900,14900,54500,93300,440090,427590,6188619,4000500,0,0,0,0,0,
600036.SH,600036,20251209,93639000,431100,10000,431099,5404,0,,,3712267,160176556,432700,430800,431800,431800,431200,431300,431400,431500,431600,431700,431800,431900,432000,432100,3500,3200,7300,1900,1400,13900,17100,7700,2500,2800,431100,431000,430900,430800,430700,430600,430500,430400,430300,430200,300,19800,31000,84400,43200,117400,158400,14900,54500,93400,440090,427600,6189419,4007400,0,0,0,0,0,
600036.SH,600036,20251209,93642000,431100,25400,1094802,5436,0,,,3737667,161271358,432700,430800,431800,431800,431100,431200,431300,431400,431500,431600,431700,431800,431900,432000,700,700,2600,7200,1800,1400,13900,17100,7700,2500,431000,430900,430800,430700,430600,430500,430400,430300,430200,430100,100,30800,84900,43200,117700,158500,14900,54500,93400,212500,440090,427580,6189519,3993700,0,0,0,0,0,
600036.SH,600036,20251209,93645000,431000,6400,275864,5457,0,,,3744067,161547222,432700,430800,431800,431800,431000,431100,431200,431300,431400,431500,431600,431700,431800,431900,400,12400,3000,3800,7200,1800,1400,14800,17100,7700,430900,430800,430700,430600,430500,430400,430300,430200,430100,430000,30000,84900,43200,117700,158600,14900,54500,93400,212700,760700,440070,427580,6206119,3994300,0,0,0,0,0,
600036.SH,600036,20251209,93648000,430900,34200,1473699,5543,0,,,3778267,163020921,432700,430800,431800,431800,430900,431000,431100,431200,431300,431400,431500,431600,431700,431800,4700,14900,11600,3000,3800,7200,1800,1400,14800,17100,430800,430700,430600,430500,430400,430300,430200,430100,430000,429900,85800,38200,116900,158900,14900,54500,93400,212700,761200,67900,440040,427560,6225519,3962100,0,0,0,0,0,
600036.SH,600036,20251209,93651000,430900,8400,361925,5571,0,,,3786667,163382846,432700,430800,431800,431800,430900,431000,431100,431200,431300,431400,431500,431600,431700,431800,12900,6900,11600,3000,3800,7200,1700,1400,14800,17100,430800,430700,430600,430500,430400,430300,430200,430100,430000,429900,82700,38300,116900,158900,14900,54500,93400,212700,761200,67900,440040,427550,6226819,3959300,0,0,0,0,0,
600036.SH,600036,20251209,93654000,430700,125000,5384641,5835,0,,,3911667,168767487,432700,430700,431800,431800,430700,430800,430900,431000,431100,431200,431300,431400,431500,431600,17800,26500,11900,6900,11800,3000,3800,7200,1700,1400,430600,430500,430400,430300,430200,430100,430000,429900,429800,429700,116700,158900,14900,54500,93400,212700,761100,67900,125200,89700,439960,427450,6293719,3838300,0,0,0,0,0,
600036.SH,600036,20251209,93657000,430700,47100,2028716,5982,0,,,3958767,170796203,432700,430600,431800,431800,430700,430800,430900,431000,431100,431200,431300,431400,431500,431600,100,2400,7900,7100,11700,3000,2300,6900,1700,1500,430600,430500,430400,430300,430200,430100,430000,429900,429800,429700,111700,158900,14900,54500,93400,212700,761100,67900,125200,88700,440030,427450,6246819,3833500,0,0,0,0,0,
600036.SH,600036,20251209,93700000,430500,154900,6669669,6206,0,,,4113667,177465872,432700,430500,431800,431800,430600,430700,430800,430900,431000,431100,431200,431300,431400,431500,200,24800,2700,8100,6900,11700,3000,2300,6600,1700,430500,430400,430300,430200,430100,430000,429900,429800,429700,429600,123600,14900,54500,93400,212700,761900,67900,125200,88700,92700,439990,427320,6273219,3687300,0,0,0,0,0,
600036.SH,600036,20251209,93703000,430600,22500,968725,6245,0,,,4136167,178434597,432700,430500,431800,431800,430600,430700,430800,430900,431000,431100,431200,431300,431400,431500,12300,19200,5400,8100,6900,10900,2800,2300,6600,1700,430500,430400,430300,430200,430100,430000,429900,429800,429700,429600,123900,15600,55600,93500,212800,762400,69900,125200,88700,92700,439990,427330,6285419,3695700,0,0,0,0,0,
600036.SH,600036,20251209,93706000,430600,69600,2997638,6319,0,,,4205767,181432235,432700,430500,431800,431800,430800,430900,431000,431100,431200,431300,431400,431500,431600,431700,300,2100,10000,10500,2600,2300,6600,1700,2500,14800,430500,430400,430300,430200,430100,430000,429900,429800,429700,429600,120200,15600,56700,93500,212800,762300,69900,125200,88600,92700,440050,427320,6247719,3694400,0,0,0,0,0,
600036.SH,600036,20251209,93709000,430600,5400,232502,6336,0,,,4211167,181664737,432700,430500,431800,431800,430800,430900,431000,431100,431200,431300,431400,431500,431600,431700,200,3000,13100,10500,2600,2300,6600,1600,2500,14800,430700,430600,430500,430400,430300,430200,430100,430000,429900,429800,800,600,116600,15600,57800,94300,212900,764500,69900,125200,440050,427330,6252119,3699600,0,0,0,0,0,
600036.SH,600036,20251209,93712000,430600,2200,94742,6347,0,,,4213367,181759479,432700,430500,431800,431800,430800,430900,431000,431100,431200,431300,431400,431500,431600,431700,1100,3000,13100,10500,2600,2300,6600,1600,2500,14800,430600,430500,430400,430300,430200,430100,430000,429900,429800,429700,2500,116500,15600,57400,94300,214200,764700,69900,125200,88600,440060,427330,6256519,3702300,0,0,0,0,0,
600036.SH,600036,20251209,93715000,430700,95800,4124263,6427,0,,,4309167,185883742,432700,430500,431800,431800,430700,430800,430900,431000,431100,431200,431300,431400,431500,431600,1400,1300,3100,13100,10500,2600,2300,6600,1700,2500,430600,430500,430400,430300,430200,430100,430000,429900,429800,429700,1000,28100,15700,60800,94300,214200,765000,70300,125200,88600,440060,427250,6260419,3617800,0,0,0,0,0,
600036.SH,600036,20251209,93718000,430600,11400,490863,6457,0,,,4320567,186374605,432700,430500,431800,431800,430600,430700,430800,430900,431000,431100,431200,431300,431400,431500,1400,1800,1300,3100,8800,7200,300,2300,6600,1700,430500,430400,430300,430200,430100,430000,429900,429800,429700,429600,32500,15700,60800,95600,214200,767300,70300,125200,88700,93700,440060,427260,6251819,3625500,0,0,0,0,0,
600036.SH,600036,20251209,93721000,430500,11100,477967,6488,0,,,4331667,186852572,432700,430500,431800,431800,430600,430700,430800,430900,431000,431100,431200,431300,431400,431500,200,4800,3300,3500,8800,7200,300,2300,6300,1700,430500,430400,430300,430200,430100,430000,429900,429800,429700,429600,32200,15700,60000,96300,214500,767200,70300,125200,89000,93400,440050,427260,6264819,3627600,0,0,0,0,0,
600036.SH,600036,20251209,93724000,430600,6500,279917,6498,0,,,4338167,187132489,432700,430500,431800,431800,430700,430800,430900,431000,431100,431200,431300,431400,431500,431600,1800,3300,3500,8800,7200,300,2000,6300,1700,2500,430600,430500,430400,430300,430200,430100,430000,429900,429800,429700,32600,35800,15700,60000,96300,214300,769900,70300,125200,89000,440050,427280,6264819,3669500,0,0,0,0,0,
600036.SH,600036,20251209,93727000,430600,600,25836,6502,0,,,4338767,187158325,432700,430500,431800,431800,430700,430800,430900,431000,431100,431200,431300,431400,431500,431600,2900,3300,3500,8800,7200,300,2000,6300,1700,2500,430600,430500,430400,430300,430200,430100,430000,429900,429800,429700,36400,36100,16900,60000,95800,214300,780800,70300,125800,89700,440050,427290,6267419,3687600,0,0,0,0,0,
600036.SH,600036,20251209,93730000,430600,2700,116264,6516,0,,,4341467,187274589,432700,430500,431800,431800,430700,430800,430900,431000,431100,431200,431300,431400,431500,431600,2700,3300,3500,8800,7200,300,2000,6300,1700,2500,430600,430500,430400,430300,430200,430100,430000,429900,429800,429700,35800,39700,20300,60000,97000,214800,780700,70300,127300,89700,440050,427300,6269019,3697100,0,0,0,0,0,
600036.SH,600036,20251209,93733000,430600,4900,211029,6528,0,,,4346367,187485618,432700,430500,431800,431800,430700,430800,430900,431000,431100,431200,431300,431400,431500,431600,800,3300,3600,8800,7200,300,2000,6300,2700,2500,430600,430500,430400,430300,430200,430100,430000,429900,429800,429700,36600,44100,20800,60100,99000,215400,781000,70300,127300,91700,440060,427310,6270019,3711700,0,0,0,0,0,
600036.SH,600036,20251209,93736000,430600,41700,1795612,6579,0,,,4388067,189281230,432700,430500,431800,431800,430600,430700,430800,430900,431000,431100,431200,431300,431400,431500,3900,9800,3300,3600,8800,7200,300,2000,6300,2700,430500,430400,430300,430200,430100,430000,429900,429800,429700,429600,44800,21100,60100,99200,217400,785700,70300,127900,91700,93900,440050,427280,6288919,3685000,0,0,0,0,0,
600036.SH,600036,20251209,93739000,430600,4300,185148,6600,0,,,4392367,189466378,432700,430500,431800,431800,430600,430700,430800,430900,431000,431100,431200,431300,431400,431500,13600,4000,3300,3600,8800,7200,300,2000,6300,2700,430500,430400,430300,430200,430100,430000,429900,429800,429700,429600,43200,21300,60100,98900,218500,786200,69300,127900,91900,93900,440020,427300,6336619,3682500,0,0,0,0,0,
600036.SH,600036,20251209,93742000,430600,4800,206673,6616,0,,,4397167,189673051,432700,430500,431800,431800,430600,430700,430800,430900,431000,431100,431200,431300,431400,431500,12900,4000,3400,3600,8800,7200,300,2000,5100,2700,430500,430400,430300,430200,430100,430000,429900,429800,429700,429600,42600,21400,60100,99300,218600,786700,69300,127900,91900,93900,440020,427300,6337419,3682600,0,0,0,0,0,
600036.SH,600036,20251209,93745000,430600,2500,107641,6629,0,,,4399667,189780692,432700,430500,431800,431800,430600,430700,430800,430900,431000,431100,431200,431300,431400,431500,13200,3700,3400,3600,8800,7200,300,1900,5100,2700,430500,430400,430300,430200,430100,430000,429900,429800,429700,429600,46900,23500,60100,100300,220900,788100,69300,128200,91900,93900,440020,427310,6337919,3695600,0,0,0,0,0,
600036.SH,600036,20251209,93748000,430600,9200,396106,6650,0,,,4408867,190176798,432700,430500,431800,431800,430600,430700,430800,430900,431000,431100,431200,431300,431400,431500,8800,3900,5600,3600,8800,6800,300,700,5100,2700,430500,430400,430300,430200,430100,430000,429900,429800,429700,429600,44900,23600,60200,102200,221000,788300,69400,128200,91900,93900,440020,427310,6334919,3708800,0,0,0,0,0,
600036.SH,600036,20251209,93751000,430600,8000,344430,6661,0,,,4416867,190521228,432700,430500,431800,431800,430600,430700,430800,430900,431000,431100,431200,431300,431400,431500,5900,3900,7800,3600,8800,6800,300,700,5100,2700,430500,430400,430300,430200,430100,430000,429900,429800,429700,429600,40400,23700,63400,112000,221200,789100,69400,128400,91900,93900,440030,427320,6333319,3724300,0,0,0,0,0,
600036.SH,600036,20251209,93754000,430500,73800,3176901,6814,0,,,4490667,193698129,432700,430400,431800,431800,430400,430500,430600,430700,430800,430900,431000,431100,431200,431300,100,9500,13400,2300,7600,3600,9300,6800,300,15800,430300,430200,430100,430000,429900,429800,429700,429600,429500,429400,63400,112200,223200,788400,69400,128800,91900,94900,165400,2300,439980,427270,6365819,3664600,0,0,0,0,0,
600036.SH,600036,20251209,93757000,430300,18200,783219,6859,0,,,4508867,194481348,432700,430300,431800,431800,430400,430500,430600,430700,430800,430900,431000,431100,431200,431300,9700,8700,6300,300,7600,1600,9300,6400,300,15800,430300,430200,430100,430000,429900,429800,429700,429600,429500,429400,50800,111700,223300,788600,69400,130000,91900,94900,165400,2300,440000,427260,6366419,3657100,0,0,0,0,0,
600036.SH,600036,20251209,93800000,430200,62700,2698023,6970,0,,,4571567,197179371,432700,430200,431800,431800,430300,430400,430500,430600,430700,430800,430900,431000,431100,431200,5700,6400,52300,6300,300,7600,1600,9000,6400,300,430200,430100,430000,429900,429800,429700,429600,429500,429400,429300,110400,223300,789200,69400,130300,91900,94900,165400,2300,102400,439930,427220,6414419,3607500,0,0,0,0,0,
600036.SH,600036,20251209,93803000,430300,96400,4147305,7118,0,,,4667967,201326676,432700,430200,431800,431800,430300,430400,430500,430600,430700,430800,430900,431000,431100,431200,19100,5200,52300,6300,300,7600,1600,9000,6400,300,430200,430100,430000,429900,429800,429700,429600,429500,429400,429300,30300,222800,790200,69400,130300,91900,94900,165400,2300,102600,439910,427150,6422119,3533900,0,0,0,0,0,
600036.SH,600036,20251209,93806000,430300,10600,456041,7156,0,,,4678567,201782717,432700,430200,431800,431800,430300,430400,430500,430600,430700,430800,430900,431000,431100,431200,16200,5200,48200,6300,300,7600,1600,9000,6400,300,430200,430100,430000,429900,429800,429700,429600,429500,429400,429300,22800,222800,791300,69400,130400,93900,95300,166400,2300,102600,439920,427150,6415119,3533500,0,0,0,0,0,
600036.SH,600036,20251209,93809000,430200,28800,1239018,7216,0,,,4707367,203021735,432700,430200,431800,431800,430300,430400,430500,430600,430700,430800,430900,431000,431100,431200,29700,6200,48200,5600,300,7600,1600,9000,6400,300,430200,430100,430000,429900,429800,429700,429600,429500,429400,429300,6100,222400,791700,70000,130400,94200,95800,166900,2300,102700,439900,427140,6429619,3517900,0,0,0,0,0,
600036.SH,600036,20251209,93812000,430200,22100,950788,7262,0,,,4729467,203972523,432700,430100,431800,431800,430300,430400,430500,430600,430700,430800,430900,431000,431100,431200,25600,6200,47600,5600,300,7600,1600,10000,6400,300,430200,430100,430000,429900,429800,429700,429600,429500,429400,429300,8400,225600,792400,70000,130400,94200,95800,166800,2300,102700,439910,427140,6425319,3524500,0,0,0,0,0,
600036.SH,600036,20251209,93815000,430200,30500,1311916,7301,0,,,4759967,205284439,432700,430100,431800,431800,430200,430300,430400,430500,430600,430700,430800,430900,431000,431100,15500,24700,5200,47600,5600,300,7600,1600,10000,6400,430100,430000,429900,429800,429700,429600,429500,429400,429300,429200,208500,791800,75000,130400,95200,96200,167800,2300,102700,74900,439880,427130,6442719,3509500,0,0,0,0,0,
600036.SH,600036,20251209,93818000,430200,36200,1557022,7360,0,,,4796167,206841461,432700,430100,431800,431800,430200,430300,430400,430500,430600,430700,430800,430900,431000,431100,1000,28600,5200,47100,5600,300,7600,1100,10000,6400,430100,430000,429900,429800,429700,429600,429500,429400,429300,429200,191100,793200,75000,130400,95400,96600,177900,2300,102700,74900,439900,427120,6430419,3504600,0,0,0,0,0,
600036.SH,600036,20251209,93821000,430200,36700,1578622,7406,0,,,4832867,208420083,432700,430100,431800,431800,430200,430300,430400,430500,430600,430700,430800,430900,431000,431100,4400,28600,5200,47100,5600,300,7600,1100,10000,5400,430100,430000,429900,429800,429700,429600,429500,429400,429300,429200,174400,810900,75000,130400,95400,96600,177900,2300,102700,74900,439900,427120,6438619,3514100,0,0,0,0,0,
600036.SH,600036,20251209,93824000,430000,259600,11165276,7619,0,,,5092467,219585359,432700,430000,431800,431800,430100,430200,430300,430400,430500,430600,430700,430800,430900,431000,77500,8400,27500,5200,44300,1200,300,7600,1100,10000,430000,429900,429800,429700,429600,429500,429400,429300,429200,429100,787400,76000,130400,94700,96700,178200,2300,102700,75900,92300,439790,426950,6514219,3318200,0,0,0,0,0,
600036.SH,600036,20251209,93827000,430100,229300,9860323,7923,0,,,5321767,229445682,432700,430000,431800,431800,430100,430200,430300,430400,430500,430600,430700,430800,430900,431000,23200,12100,24000,1300,43900,1200,300,7600,1100,8700,430000,429900,429800,429700,429600,429500,429400,429300,429200,429100,619100,76000,130400,96700,96700,178900,2300,102700,75900,93200,439870,426790,6457019,3154400,0,0,0,0,0,
600036.SH,600036,20251209,93830000,430100,75800,3259490,7964,0,,,5397567,232705172,432700,430000,431800,431800,430100,430200,430300,430400,430500,430600,430700,430800,430900,431000,17600,13100,22900,1300,43900,1200,300,5400,1100,8700,430000,429900,429800,429700,429600,429500,429400,429300,429200,429100,556300,76200,130400,96500,96700,180200,2300,102700,75900,93200,439880,426730,6449719,3094500,0,0,0,0,0,
600036.SH,600036,20251209,93833000,430100,46900,2016871,8003,0,,,5444467,234722043,432700,430000,431800,431800,430100,430200,430300,430400,430500,430600,430700,430800,430900,431000,8400,9800,22900,1300,43900,1200,300,5400,1100,8700,430000,429900,429800,429700,429600,429500,429400,429300,429200,429100,531800,76300,131500,96400,96800,180300,2300,103200,75900,93200,439900,426700,6444919,3072700,0,0,0,0,0,
600036.SH,600036,20251209,93836000,430100,8400,361222,8026,0,,,5452867,235083265,432700,430000,431800,431800,430100,430200,430300,430400,430500,430600,430700,430800,430900,431000,16400,9800,10200,1300,43900,1200,300,5400,1100,9700,430000,429900,429800,429700,429600,429500,429400,429300,429200,429100,536600,76300,131400,101200,97400,180500,2200,103200,75900,93200,439900,426710,6431919,3086100,0,0,0,0,0,
600036.SH,600036,20251209,93839000,430100,11700,503154,8052,0,,,5464567,235586419,432700,430000,431800,431800,430100,430200,430300,430400,430500,430600,430700,430800,430900,431000,11100,9500,10600,1300,43900,1200,300,5400,1100,9700,430000,429900,429800,429700,429600,429500,429400,429300,429200,429100,531200,79000,132400,91200,97400,180600,2200,103200,75900,93200,439900,426700,6421919,3083300,0,0,0,0,0,
600036.SH,600036,20251209,93842000,430100,21700,933262,8069,0,,,5486267,236519681,432700,430000,431800,431800,430200,430300,430400,430500,430600,430700,430800,430900,431000,431100,6400,10600,1300,43900,1200,300,5400,1100,9700,5400,430100,430000,429900,429800,429700,429600,429500,429400,429300,429200,100,501700,79500,132800,91200,97900,180800,2200,103200,75900,439900,426670,6431119,3058000,0,0,0,0,0,
600036.SH,600036,20251209,93845000,430100,6500,279554,8087,0,,,5492767,236799235,432700,430000,431800,431800,430200,430300,430400,430500,430600,430700,430800,430900,431000,431100,10200,10600,1300,43900,1200,300,5400,1100,9700,5400,430100,430000,429900,429800,429700,429600,429500,429400,429300,429200,15600,501300,80500,132900,92100,97900,180100,2200,103700,75900,439890,426690,6442519,3074800,0,0,0,0,0,
600036.SH,600036,20251209,93848000,430100,1900,81724,8094,0,,,5494667,236880959,432700,430000,431800,431800,430200,430300,430400,430500,430600,430700,430800,430900,431000,431100,10900,10600,1400,43900,1200,300,5200,1100,9700,5200,430100,430000,429900,429800,429700,429600,429500,429400,429300,429200,28000,492500,80500,133400,92100,98400,184200,2200,103400,75900,439890,426700,6442519,3088100,0,0,0,0,0,
600036.SH,600036,20251209,93851000,430200,7100,305399,8104,0,,,5501767,237186358,432700,430000,431800,431800,430200,430300,430400,430500,430600,430700,430800,430900,431000,431100,11800,10500,1800,43900,1200,300,3000,1100,9700,7200,430100,430000,429900,429800,429700,429600,429500,429400,429300,429200,30200,494600,80500,135700,93300,98600,184400,2200,103400,75900,439890,426710,6445019,3097100,0,0,0,0,0,
600036.SH,600036,20251209,93854000,430200,11900,511904,8131,0,,,5513667,237698262,432700,430000,431800,431800,430200,430300,430400,430500,430600,430700,430800,430900,431000,431100,9900,10500,5400,43800,1200,300,3000,1100,9700,7200,430100,430000,429900,429800,429700,429600,429500,429400,429300,429200,34700,496300,81100,124400,93400,98600,185500,2200,103400,75900,439880,426710,6447619,3094600,0,0,0,0,0,
600036.SH,600036,20251209,93857000,430100,6300,270990,8145,0,,,5519967,237969252,432700,430000,431800,431800,430200,430300,430400,430500,430600,430700,430800,430900,431000,431100,8200,10500,5400,43400,1200,300,3000,1100,9700,7200,430100,430000,429900,429800,429700,429600,429500,429400,429300,429200,42800,498700,81300,124400,92700,98800,186500,2200,103400,75900,439880,426720,6455819,3109800,0,0,0,0,0,
600036.SH,600036,20251209,93900000,430200,3200,137649,8156,0,,,5523167,238106901,432700,430000,431800,431800,430200,430300,430400,430500,430600,430700,430800,430900,431000,431100,7400,10500,5400,43400,1200,300,3000,1100,9700,7200,430100,430000,429900,429800,429700,429600,429500,429400,429300,429200,54100,507200,81400,124400,92700,98800,189100,2200,103400,75900,439850,426750,6488619,3142000,0,0,0,0,0,
600036.SH,600036,20251209,93903000,430100,19000,817238,8195,0,,,5542167,238924139,432700,430000,431800,431800,430200,430300,430400,430500,430600,430700,430800,430900,431000,431100,7200,10500,5400,43400,1200,300,3000,1100,9700,7200,430100,430000,429900,429800,429700,429600,429500,429400,429300,429200,59800,510900,81500,128600,92700,98800,219900,2200,103400,76900,439850,426790,6490819,3193200,0,0,0,0,0,
600036.SH,600036,20251209,93906000,430000,107200,4610325,8314,0,,,5649367,243534464,432700,430000,431800,431800,430100,430200,430300,430400,430500,430600,430700,430800,430900,431000,800,12000,10500,5400,43400,1200,300,3000,1100,15200,430000,429900,429800,429700,429600,429500,429400,429300,429200,429100,497500,83500,120100,95700,98800,220000,2200,103400,77500,105600,439830,426710,6514419,3115800,0,0,0,0,0,
600036.SH,600036,20251209,93909000,430200,32200,1384896,8381,0,,,5681567,244919360,432700,430000,431800,431800,430200,430300,430400,430500,430600,430700,430800,430900,431000,431100,9200,10500,5800,43400,1200,300,3000,1100,15200,7200,430000,429900,429800,429700,429600,429500,429400,429300,429200,429100,487900,86500,120100,95700,98800,221900,2200,103400,77600,105600,439830,426710,6511319,3114800,0,0,0,0,0,
600036.SH,600036,20251209,93912000,430000,90600,3896035,8421,0,,,5772167,248815395,432700,430000,431800,431800,430100,430200,430300,430400,430500,430600,430700,430800,430900,431000,400,10500,10400,6100,43400,1200,300,3000,1100,15200,430000,429900,429800,429700,429600,429500,429400,429300,429200,429100,415900,86600,120400,95700,101800,222200,2200,103400,87700,106700,439830,426640,6512119,3061800,0,0,0,0,0,
600036.SH,600036,20251209,93915000,429900,440700,18950019,9044,0,,,6212867,267765414,432700,429900,431800,431800,430000,430100,430200,430300,430400,430500,430600,430700,430800,430900,94100,12900,300,9700,6100,43400,10700,300,3100,1100,429900,429800,429700,429600,429500,429400,429300,429200,429100,429000,74300,121400,95700,101800,222200,2200,103400,87700,108300,128300,439680,426010,6617619,2654500,0,0,0,0,0,
600036.SH,600036,20251209,93918000,429900,93000,3998277,9158,0,,,6305867,271763691,432700,429900,431800,431800,430000,430100,430200,430300,430400,430500,430600,430700,430800,430900,4300,12100,1300,9700,6100,43400,2000,300,3100,1100,429900,429800,429700,429600,429500,429400,429300,429200,429100,429000,2400,122000,95000,102000,222200,2200,103400,87700,110800,128500,439820,425900,6519619,2586600,0,0,0,0,0,
600036.SH,600036,20251209,93921000,429900,27500,1182253,9202,0,,,6333367,272945944,432700,429800,431800,431800,429900,430000,430100,430200,430300,430400,430500,430600,430700,430800,8600,900,13100,2100,8700,5300,43400,900,300,3100,429800,429700,429600,429500,429400,429300,429200,429100,429000,428900,121900,95000,102000,217100,2200,103400,87900,111900,130400,44200,439810,425900,6526719,2583000,0,0,0,0,0,
600036.SH,600036,20251209,93924000,429900,11800,507278,9227,0,,,6345167,273453222,432700,429800,431800,431800,430000,430100,430200,430300,430400,430500,430600,430700,430800,430900,800,3600,2100,8500,5300,43400,900,300,3100,1100,429900,429800,429700,429600,429500,429400,429300,429200,429100,429000,2200,120700,95300,101600,217400,2200,103400,87900,112200,130900,439840,425900,6511719,2591900,0,0,0,0,0,
600036.SH,600036,20251209,93927000,429900,1900,81683,9235,0,,,6347067,273534905,432700,429800,431800,431800,430000,430100,430200,430300,430400,430500,430600,430700,430800,430900,800,3500,2100,8500,5300,43400,900,300,3100,1100,429900,429800,429700,429600,429500,429400,429300,429200,429100,429000,2600,121600,95800,102900,221600,2200,103400,88900,112200,133900,439840,425920,6512119,2606300,0,0,0,0,0,
600036.SH,600036,20251209,93930000,429900,5800,249345,9253,0,,,6352867,273784250,432700,429800,431800,431800,430000,430100,430200,430300,430400,430500,430600,430700,430800,430900,3300,3500,1100,8500,5300,43400,6300,300,3100,1100,429900,429800,429700,429600,429500,429400,429300,429200,429100,429000,4600,123600,97500,101900,221600,2200,103400,93900,112300,136100,439830,425940,6519419,2618400,0,0,0,0,0,
600036.SH,600036,20251209,93933000,430000,9100,391259,9283,0,,,6361967,274175509,432700,429800,431800,431800,430100,430200,430300,430400,430500,430600,430700,430800,430900,431000,3500,1100,8500,5300,43400,8500,300,3100,1100,15300,430000,429900,429800,429700,429600,429500,429400,429300,429200,429100,200,11600,124800,97900,102300,222800,2700,103400,93900,112300,439830,425820,6516819,2647100,0,0,0,0,0,
600036.SH,600036,20251209,93936000,429900,11100,477223,9304,0,,,6373067,274652732,432700,429800,431800,431800,430000,430100,430200,430300,430400,430500,430600,430700,430800,430900,2700,3500,1100,8500,5200,43400,17200,300,3100,1100,429900,429800,429700,429600,429500,429400,429300,429200,429100,429000,5800,125400,98800,103300,223600,2400,106400,94300,112300,137400,439820,425820,6530219,2651900,0,0,0,0,0,
600036.SH,600036,20251209,93939000,429900,20400,876991,9344,0,,,6393467,275529723,432700,429800,431800,431800,429900,430000,430100,430200,430300,430400,430500,430600,430700,430800,2900,4000,4500,300,7400,5200,43400,600,300,3100,429800,429700,429600,429500,429400,429300,429200,429100,429000,428900,125700,99600,103400,224900,2400,107100,94300,112300,137300,45200,439830,425820,6524219,2658500,0,0,0,0,0,
600036.SH,600036,20251209,93942000,429900,5300,227850,9365,0,,,6398767,275757573,432700,429800,431800,431800,430000,430100,430200,430300,430400,430500,430600,430700,430800,430900,4800,4500,300,7400,24100,43400,600,300,3100,1100,429900,429800,429700,429600,429500,429400,429300,429200,429100,429000,4900,126600,100300,103900,220100,2800,107100,94500,111900,148400,439800,425840,6541919,2680600,0,0,0,0,0,
600036.SH,600036,20251209,93945000,429900,2200,94584,9373,0,,,6400967,275852157,432700,429800,431800,431800,430000,430100,430200,430300,430400,430500,430600,430700,430800,430900,3700,4500,300,7400,24100,43400,600,300,3100,1200,429900,429800,429700,429600,429500,429400,429300,429200,429100,429000,10200,143700,100200,103900,221100,2800,107100,94500,114900,148900,439780,425880,6565619,2708800,0,0,0,0,0,
600036.SH,600036,20251209,93948000,430000,2700,116080,9377,0,,,6403667,275968237,432700,429800,431800,431800,430000,430100,430200,430300,430400,430500,430600,430700,430800,430900,3000,4500,300,7400,24100,43400,600,300,3100,1200,429900,429800,429700,429600,429500,429400,429300,429200,429100,429000,12600,146500,102500,103900,223000,2900,107200,94500,114900,149000,439770,425890,6570419,2722500,0,0,0,0,0,
600036.SH,600036,20251209,93951000,429800,24200,1040342,9429,0,,,6427867,277008579,432700,429800,431800,431800,429900,430000,430100,430200,430300,430400,430500,430600,430700,430800,4200,5000,4500,300,7400,24100,43400,600,300,3100,429800,429700,429600,429500,429400,429300,429200,429100,429000,428900,146900,102800,103900,223500,3100,107200,94500,115900,149700,45200,439760,425880,6575719,2722400,0,0,0,0,0,
600036.SH,600036,20251209,93954000,430000,9400,404101,9461,0,,,6437267,277412680,432700,429800,431800,431800,430000,430100,430200,430300,430400,430500,430600,430700,430800,430900,6900,4500,300,7400,23700,43400,600,900,3100,1200,429900,429800,429700,429600,429500,429400,429300,429200,429100,429000,500,150700,100800,104200,224700,3300,107200,94500,119400,150300,439770,425890,6574219,2732700,0,0,0,0,0,
600036.SH,600036,20251209,93957000,429900,11300,485749,9488,0,,,6448567,277898429,432700,429800,431800,431800,430000,430100,430200,430300,430400,430500,430600,430700,430800,430900,12600,4500,900,7400,20500,43400,600,900,3100,1200,429900,429800,429700,429600,429500,429400,429300,429200,429100,429000,400,149200,100300,104500,227900,3600,107200,94500,119900,151000,439760,425890,6577719,2745100,0,0,0,0,0,
600036.SH,600036,20251209,94000000,429900,7201,309574,9511,0,,,6455768,278208003,432700,429800,431800,431800,430000,430100,430200,430300,430400,430500,430600,430700,430800,430900,10700,4500,5000,7400,20500,43400,600,900,3100,1200,429900,429800,429700,429600,429500,429400,429300,429200,429100,429000,100,159499,101200,105100,228900,4100,107200,94500,119900,151700,439760,425910,6585119,2766999,0,0,0,0,0,
600036.SH,600036,20251209,94003000,429900,17600,756738,9536,0,,,6473368,278964741,432700,429800,431800,431800,430000,430100,430200,430300,430400,430500,430600,430700,430800,430900,7100,4500,5500,7400,20500,43400,600,900,3100,1200,429900,429800,429700,429600,429500,429400,429300,429200,429100,429000,1200,164499,102200,105100,227400,4000,107200,94500,121000,151900,439770,425920,6591219,2779299,0,0,0,0,0,
600036.SH,600036,20251209,94006000,429600,332999,14311077,9905,0,,,6806367,293275818,432700,429600,431800,431800,429700,429800,429900,430000,430100,430200,430300,430400,430500,430600,85700,57300,35000,7000,2500,5500,7400,20500,43400,600,429600,429500,429400,429300,429200,429100,429000,428900,428800,428700,80400,228100,4000,107400,94600,120900,152900,49400,30400,45400,439510,425470,6763019,2492300,0,0,0,0,0,
600036.SH,600036,20251209,94009000,429600,26900,1155695,9991,0,,,6833267,294431513,432700,429600,431800,431800,429700,429800,429900,430000,430100,430200,430300,430400,430500,430600,73900,58700,24700,4700,300,5000,6700,20500,43400,500,429600,429500,429400,429300,429200,429100,429000,428900,428800,428700,66700,228300,4000,107600,94600,121400,153100,49400,30400,45400,439550,425460,6738219,2482900,0,0,0,0,0,
600036.SH,600036,20251209,94012000,429600,9900,425319,10010,0,,,6843167,294856832,432700,429600,431800,431800,429700,429800,429900,430000,430100,430200,430300,430400,430500,430600,73500,41700,26200,4700,300,5000,6700,20500,43400,500,429600,429500,429400,429300,429200,429100,429000,428900,428800,428700,59200,227200,3700,107600,94900,121400,153100,49400,31200,45400,439570,425440,6727119,2476600,0,0,0,0,0,
600036.SH,600036,20251209,94015000,429900,10700,459749,10038,0,,,6853867,295316581,432700,429600,431800,431800,429900,430000,430100,430200,430300,430400,430500,430600,430700,430800,10800,4600,300,5000,6700,20500,43400,500,900,3100,429600,429500,429400,429300,429200,429100,429000,428900,428800,428700,65100,229300,8700,107100,95500,122000,153500,49600,31200,45400,439760,425460,6600519,2491000,0,0,0,0,0,
600036.SH,600036,20251209,94018000,429600,23000,988152,10097,0,,,6876867,296304733,432700,429600,431800,431800,429800,429900,430000,430100,430200,430300,430400,430500,430600,430700,6600,23700,4600,300,5000,6700,20500,43400,500,900,429600,429500,429400,429300,429200,429100,429000,428900,428800,428700,57100,201000,8700,107100,95300,123100,157500,49600,31500,45500,439730,425410,6618719,2464000,0,0,0,0,0,
600036.SH,600036,20251209,94021000,429800,8700,373805,10128,0,,,6885567,296678538,432700,429600,431800,431800,429800,429900,430000,430100,430200,430300,430400,430500,430600,430700,8400,23700,4600,300,5000,6700,20500,43400,500,900,429600,429500,429400,429300,429200,429100,429000,428900,428800,428700,54200,201900,9200,107100,97800,123400,158500,49600,31500,46500,439730,425420,6620519,2472200,0,0,0,0,0,
600036.SH,600036,20251209,94024000,429600,7700,330832,10135,0,,,6893267,297009370,432700,429600,431800,431800,429800,429900,430000,430100,430200,430300,430400,430500,430600,430700,6500,22200,4600,300,6100,7200,20500,43400,500,900,429600,429500,429400,429300,429200,429100,429000,428900,428800,428700,59000,205600,11700,107100,99800,123600,158300,49600,31500,46500,439730,425450,6622919,2489800,0,0,0,0,0,
600036.SH,600036,20251209,94027000,429600,5700,244930,10148,0,,,6898967,297254300,432700,429600,431800,431800,429800,429900,430000,430100,430200,430300,430400,430500,430600,430700,8900,22200,4800,300,6100,7700,20500,43400,500,900,429600,429500,429400,429300,429200,429100,429000,428900,428800,428700,63700,207100,12400,107400,99800,123600,159300,49600,31600,47000,439730,425460,6626319,2500500,0,0,0,0,0,
600036.SH,600036,20251209,94030000,429600,4900,210538,10162,0,,,6903867,297464838,432700,429600,431800,431800,429700,429800,429900,430000,430100,430200,430300,430400,430500,430600,700,14600,22200,4800,200,6100,7700,20500,43400,500,429600,429500,429400,429300,429200,429100,429000,428900,428800,428700,72200,206800,12600,108200,100000,124400,159700,49600,32600,47000,439720,425480,6640819,2511600,0,0,0,0,0,
600036.SH,600036,20251209,94033000,429700,5400,232066,10178,0,,,6909267,297696904,432700,429600,431800,431800,429800,429900,430000,430100,430200,430300,430400,430500,430600,430700,12000,23900,4800,200,5000,6700,20500,43400,500,1000,429700,429600,429500,429400,429300,429200,429100,429000,428900,428800,900,81500,209100,13600,108200,100500,127900,201100,49600,33800,439720,425500,6648219,2580100,0,0,0,0,0,
600036.SH,600036,20251209,94036000,429700,9600,412460,10205,0,,,6918867,298109364,432700,429600,431800,431800,429800,429900,430000,430100,430200,430300,430400,430500,430600,430700,11600,22200,6100,200,6300,7300,20500,43400,500,1000,429700,429600,429500,429400,429300,429200,429100,429000,428900,428800,400,80200,210000,13800,108200,100500,128000,204800,49600,32800,439720,425520,6655119,2602600,0,0,0,0,0,
600036.SH,600036,20251209,94039000,429700,3500,150392,10214,0,,,6922367,298259756,432700,429600,431800,431800,429800,429900,430000,430100,430200,430300,430400,430500,430600,430700,11400,22200,6100,200,6300,7300,20500,43400,500,1000,429700,429600,429500,429400,429300,429200,429100,429000,428900,428800,5100,89200,211800,14800,107400,100300,128000,206400,49600,32800,439710,425540,6669519,2622800,0,0,0,0,0,
600036.SH,600036,20251209,94042000,429700,2400,103139,10222,0,,,6924767,298362895,432700,429600,431800,431800,429800,429900,430000,430100,430200,430300,430400,430500,430600,430700,10300,22900,8400,200,5300,6700,20500,43400,500,1000,429700,429600,429500,429400,429300,429200,429100,429000,428900,428800,6100,93800,212100,14800,107700,102900,128000,211600,49600,32800,439710,425570,6669919,2643400,0,0,0,0,0,
600036.SH,600036,20251209,94045000,429800,8745,375810,10244,0,,,6933512,298738705,432700,429600,431800,431800,429800,429900,430000,430100,430200,430300,430400,430500,430600,430700,6700,20500,8400,200,5300,6700,20500,43400,500,1000,429700,429600,429500,429400,429300,429200,429100,429000,428900,428800,5455,100500,213000,15300,108000,104900,128200,212300,49600,33400,439720,425590,6664219,2662655,0,0,0,0,0,
600036.SH,600036,20251209,94048000,429800,2200,94549,10252,0,,,6935712,298833254,432700,429600,431800,431800,429800,429900,430000,430100,430200,430300,430400,430500,430600,430700,5200,20500,8400,200,5300,6700,20500,43400,500,1000,429700,429600,429500,429400,429300,429200,429100,429000,428900,428800,7455,108000,213000,15300,108300,108300,128000,213600,49600,33600,439720,425610,6663619,2681555,0,0,0,0,0,
600036.SH,600036,20251209,94051000,429800,15300,657495,10294,0,,,6951012,299490749,432700,429600,431800,431800,429900,430000,430100,430200,430300,430400,430500,430600,430700,430800,20700,8400,1100,5300,6700,20500,43400,500,900,4100,429800,429700,429600,429500,429400,429300,429200,429100,429000,428900,100,1055,117800,213300,15300,108300,108600,128000,213700,49600,439730,425630,6660019,2695555,0,0,0,0,0,
600036.SH,600036,20251209,94054000,429700,5900,253527,10315,0,,,6956912,299744276,432700,429600,431800,431800,429800,429900,430000,430100,430200,430300,430400,430500,430600,430700,3600,23200,8500,1100,5300,6700,20500,43400,500,900,429700,429600,429500,429400,429300,429200,429100,429000,428900,428800,255,118500,212200,15800,108900,109600,128000,214500,49600,34200,439720,425630,6668519,2706255,0,0,0,0,0,
600036.SH,600036,20251209,94057000,429700,13300,571566,10364,0,,,6970212,300315842,432700,429600,431800,431800,429900,430000,430100,430200,430300,430400,430500,430600,430700,430800,24900,8500,1100,4700,6700,20500,43400,500,900,4100,429700,429600,429500,429400,429300,429200,429100,429000,428900,428800,1500,119555,215300,15800,108900,109600,128000,214600,49600,34200,439730,425640,6668319,2719855,0,0,0,0,0,
600036.SH,600036,20251209,94100000,429800,1200,51576,10372,0,,,6971412,300367418,432700,429600,431800,431800,429800,429900,430000,430100,430200,430300,430400,430500,430600,430700,1300,24900,9600,1600,600,6700,20500,43400,500,900,429700,429600,429500,429400,429300,429200,429100,429000,428900,428800,11200,132155,215300,15800,109900,111800,126600,215200,49600,34200,439730,425670,6663319,2749855,0,0,0,0,0,
600036.SH,600036,20251209,94103000,429800,9200,395348,10399,0,,,6980612,300762766,432700,429600,431800,431800,429800,429900,430000,430100,430200,430300,430400,430500,430600,430700,5500,24900,14700,1600,1600,6700,20500,43400,500,900,429700,429600,429500,429400,429300,429200,429100,429000,428900,428800,6400,136355,217500,16300,110500,111800,126600,215600,49600,34200,439710,425670,6676619,2754755,0,0,0,0,0,
600036.SH,600036,20251209,94106000,429700,13600,584397,10435,0,,,6994212,301347163,432700,429600,431800,431800,429700,429800,429900,430000,430100,430200,430300,430400,430500,430600,2500,121100,24400,14700,1600,1600,6700,20500,43400,500,429600,429500,429400,429300,429200,429100,429000,428900,428800,428700,143155,219600,19700,110500,110000,131500,223600,49600,34800,47200,439540,425700,6784919,2784455,0,0,0,0,0,
600036.SH,600036,20251209,94109000,429600,25300,1086925,10506,0,,,7019512,302434088,432700,429600,431800,431800,429700,429800,429900,430000,430100,430200,430300,430400,430500,430600,3100,121100,23400,14700,1600,1600,6700,20500,43400,500,429600,429500,429400,429300,429200,429100,429000,428900,428800,428700,120455,220400,19700,110500,109900,131500,224700,49700,35800,47200,439540,425670,6793619,2770255,0,0,0,0,0,
600036.SH,600036,20251209,94112000,429600,129255,5552852,10900,0,,,7148767,307986940,432700,429600,431800,431800,429600,429700,429800,429900,430000,430100,430200,430300,430400,430500,7245,7400,119000,19800,14700,1100,1600,6700,20500,43400,429500,429400,429300,429200,429100,429000,428900,428800,428700,428600,222400,17200,110700,109900,133000,224900,49700,35600,47200,32800,439530,425500,6799364,2654500,0,0,0,0,0,
600036.SH,600036,20251209,94115000,429600,80300,3448960,10957,0,,,7229067,311435900,432700,429500,431800,431800,429600,429700,429800,429900,430000,430100,430200,430300,430400,430500,1800,9900,119000,18600,14700,1100,1600,6700,20500,43400,429500,429400,429300,429200,429100,429000,428900,428800,428700,428600,164900,17200,110700,109100,133000,228000,49700,35600,47200,33000,439530,425420,6798119,2606500,0,0,0,0,0,
600036.SH,600036,20251209,94118000,429700,4800,206189,10990,0,,,7233867,311642089,432700,429500,431800,431800,429700,429800,429900,430000,430100,430200,430300,430400,430500,430600,9100,113500,16900,13600,1100,1600,6700,20500,43800,1500,429600,429500,429400,429300,429200,429100,429000,428900,428800,428700,3500,167800,17200,110700,107200,143300,228500,49700,35700,47400,439540,425460,6795019,2659000,0,0,0,0,0,
600036.SH,600036,20251209,94121000,429700,1700,73043,10996,0,,,7235567,311715132,432700,429500,431800,431800,429700,429800,429900,430000,430100,430200,430300,430400,430500,430600,13700,113500,16900,13600,1100,1600,6700,20500,43800,1500,429600,429500,429400,429300,429200,429100,429000,428900,428800,428700,9100,168900,18200,112000,106800,147400,228500,49700,35700,47400,439530,425480,6800919,2672500,0,0,0,0,0,
600036.SH,600036,20251209,94124000,429700,14800,635952,11020,0,,,7250367,312351084,432700,429500,431800,431800,429800,429900,430000,430100,430200,430300,430400,430500,430600,430700,114600,13400,13600,1100,1600,6700,20500,43800,1500,900,429700,429600,429500,429400,429300,429200,429100,429000,428900,428800,4800,21900,171100,18500,111800,106800,147900,229100,49700,35700,439560,425510,6788319,2699200,0,0,0,0,0,
600036.SH,600036,20251209,94127000,429700,5500,236344,11038,0,,,7255867,312587428,432700,429500,431800,431800,429800,429900,430000,430100,430200,430300,430400,430500,430600,430700,113700,13400,13700,1100,1600,6700,20500,43800,1500,900,429700,429600,429500,429400,429300,429200,429100,429000,428900,428800,2400,25900,172900,21500,111800,107300,148500,233500,49600,33700,439560,425530,6787219,2713100,0,0,0,0,0,
600036.SH,600036,20251209,94130000,429700,8700,373848,11072,0,,,7264567,312961276,432700,429500,431800,431800,429800,429900,430000,430100,430200,430300,430400,430500,430600,430700,112400,13400,13700,1100,1600,6700,20500,44800,1500,900,429700,429600,429500,429400,429300,429200,429100,429000,428900,428800,300,29900,175500,21500,112000,107300,148500,234400,49600,34200,439550,425540,6789619,2723400,0,0,0,0,0,
600036.SH,600036,20251209,94133000,429700,7000,300806,11090,0,,,7271567,313262082,432700,429500,431800,431800,429700,429800,429900,430000,430100,430200,430300,430400,430500,430600,100,110800,13400,10400,1100,1600,6700,20500,44800,1500,429600,429500,429400,429300,429200,429100,429000,428900,428800,428700,37200,182200,21500,112100,107300,160800,234700,49600,34200,48400,439560,425570,6785019,2749800,0,0,0,0,0,
600036.SH,600036,20251209,94136000,429600,8600,369545,11111,0,,,7280167,313631627,432700,429500,431800,431800,429800,429900,430000,430100,430200,430300,430400,430500,430600,430700,109500,13400,11000,1100,1600,6700,20500,44500,1500,900,429700,429600,429500,429400,429300,429200,429100,429000,428900,428800,200,43600,183500,23600,112200,107300,160900,235900,49600,34800,439560,425590,6785619,2765200,0,0,0,0,0,
600036.SH,600036,20251209,94139000,429700,2800,120321,11119,0,,,7282967,313751948,432700,429500,431800,431800,429800,429900,430000,430100,430200,430300,430400,430500,430600,430700,108700,13400,14200,1100,1600,6700,20500,44500,1500,900,429700,429600,429500,429400,429300,429200,429100,429000,428900,428800,6900,48100,189100,23800,112200,109300,161000,236400,49700,35300,439560,425620,6789019,2792400,0,0,0,0,0,
600036.SH,600036,20251209,94142000,429800,3300,141815,11129,0,,,7286267,313893763,432700,429500,431800,431800,429800,429900,430000,430100,430200,430300,430400,430500,430600,430700,107500,13400,14200,1100,1600,6700,20500,44500,1500,900,429700,429600,429500,429400,429300,429200,429100,429000,428900,428800,8600,51400,185000,23800,112300,109500,156100,238000,49700,35300,439560,425640,6788119,2843100,0,0,0,0,0,
600036.SH,600036,20251209,94145000,429600,15200,653129,11184,0,,,7301467,314546892,432700,429500,431800,431800,429700,429800,429900,430000,430100,430200,430300,430400,430500,430600,6500,172200,13300,14200,1100,1600,6700,20500,44500,1500,429600,429500,429400,429300,429200,429100,429000,428900,428800,428700,51800,186000,24300,112800,110000,157600,241200,49700,35300,48400,439450,425640,6869219,2846100,0,0,0,0,0,
600036.SH,600036,20251209,94148000,429700,31100,1336161,11314,0,,,7332567,315883053,432700,429500,431800,431800,429700,429800,429900,430000,430100,430200,430300,430400,430500,430600,5800,172100,13300,14200,1100,1600,6700,20500,44500,1500,429600,429500,429400,429300,429200,429100,429000,428900,428800,428700,36200,185300,24300,115800,110000,157600,242300,50700,35300,48400,439450,425630,6866919,2841200,0,0,0,0,0,
600036.SH,600036,20251209,94151000,429700,4900,210525,11340,0,,,7337467,316093578,432700,429500,431800,431800,429700,429800,429900,430000,430100,430200,430300,430400,430500,430600,21500,158200,13300,14200,1100,1600,6700,20500,44500,1500,429600,429500,429400,429300,429200,429100,429000,428900,428800,428700,35700,192800,24800,115800,110000,157600,242600,50700,35600,48400,439450,425620,6866219,2850900,0,0,0,0,0,
600036.SH,600036,20251209,94154000,429700,11500,494128,11363,0,,,7348967,316587706,432700,429500,431800,431800,429700,429800,429900,430000,430100,430200,430300,430400,430500,430600,32500,158300,13300,14500,1100,1600,12400,20500,44500,1500,429600,429500,429400,429300,429200,429100,429000,428900,428800,428700,40600,194200,24800,115800,110100,158600,232600,50700,35700,48400,439430,425630,6884419,2852900,0,0,0,0,0,
600036.SH,600036,20251209,94157000,429600,57500,2470306,11469,0,,,7406467,319058012,432700,429500,431800,431800,429700,429800,429900,430000,430100,430200,430300,430400,430500,430600,28400,156200,13300,14500,1100,1600,12400,21800,44500,1500,429600,429500,429400,429300,429200,429100,429000,428900,428800,428700,9600,200800,25800,115800,109800,158600,233200,50700,36900,48400,439440,425600,6881619,2831700,0,0,0,0,0,
600036.SH,600036,20251209,94200000,429600,66200,2844563,11522,0,,,7472667,321902575,432700,429500,431800,431800,429700,429800,429900,430000,430100,430200,430300,430400,430500,430600,1000,153800,13300,14500,1100,1600,12400,21800,44500,1500,429600,429500,429400,429300,429200,429100,429000,428900,428800,428700,3700,202700,25800,116500,110800,159100,235100,50900,36900,48400,439480,425600,6855919,2832800,0,0,0,0,0,
600036.SH,600036,20251209,94203000,429700,12900,554196,11559,0,,,7485567,322456771,432700,429500,431800,431800,429700,429800,429900,430000,430100,430200,430300,430400,430500,430600,100,153800,13300,13700,1100,1600,12400,21800,44500,1500,429600,429500,429400,429300,429200,429100,429000,428900,428800,428700,1000,204300,27200,116500,110800,159300,235500,50900,36900,48400,439480,425600,6854719,2835100,0,0,0,0,0,
600036.SH,600036,20251209,94206000,429600,6300,270650,11572,0,,,7491867,322727421,432700,429500,431800,431800,429600,429700,429800,429900,430000,430100,430200,430300,430400,430500,700,23000,134100,13300,13800,1100,1600,12400,21800,44500,429500,429400,429300,429200,429100,429000,428900,428800,428700,428600,206300,27200,116500,110800,159300,236200,51200,36900,48400,34600,439470,425600,6861019,2841300,0,0,0,0,0,
600036.SH,600036,20251209,94209000,429300,256200,11003610,11989,0,,,7748067,333731031,432700,429300,431800,431800,429500,429600,429700,429800,429900,430000,430100,430200,430300,430400,77200,11100,35500,134800,13300,13300,33700,1600,12400,21800,429300,429200,429100,429000,428900,428800,428700,428600,428500,428400,115900,110900,159900,238500,52300,37000,48400,34600,97200,5200,439300,425260,6984419,2610900,0,0,0,0,0,
600036.SH,600036,20251209,94212000,429400,41400,1777647,12056,0,,,7789467,335508678,432700,429300,431800,431800,429400,429500,429600,429700,429800,429900,430000,430100,430200,430300,31900,80300,5100,55800,133800,12900,13300,1100,1600,12400,429300,429200,429100,429000,428900,428800,428700,428600,428500,428400,96200,111900,159900,240300,52300,37200,48400,34600,97200,5200,439290,425230,6982919,2595400,0,0,0,0,0,
600036.SH,600036,20251209,94215000,429300,36100,1549900,12089,0,,,7825567,337058578,432700,429300,431800,431800,429400,429500,429600,429700,429800,429900,430000,430100,430200,430300,10600,66300,5100,55800,133700,12900,12900,1100,1600,12400,429300,429200,429100,429000,428900,428800,428700,428600,428500,428400,74800,112800,159900,241000,52300,37500,48400,35900,97200,5200,439360,425200,6929619,2578700,0,0,0,0,0,
600036.SH,600036,20251209,94218000,429400,27900,1197791,12117,0,,,7853467,338256369,432700,429300,431800,431800,429400,429500,429600,429700,429800,429900,430000,430100,430200,430300,11900,66300,5100,55800,133700,13000,12900,1100,1600,12400,429300,429200,429100,429000,428900,428800,428700,428600,428500,428400,53400,112000,158300,243100,52300,37700,48600,35900,97200,5200,439350,425170,6932519,2560100,0,0,0,0,0,
600036.SH,600036,20251209,94221000,429400,16800,721340,12133,0,,,7870267,338977709,432700,429300,431800,431800,429400,429500,429600,429700,429800,429900,430000,430100,430200,430300,300,39000,5200,55800,133700,13000,12900,1100,1600,12400,429300,429200,429100,429000,428900,428800,428700,428600,428500,428400,52500,104100,159600,245400,52500,38000,48600,35900,97200,5200,439410,425160,6900719,2557600,0,0,0,0,0,
600036.SH,600036,20251209,94224000,429300,37000,1588494,12168,0,,,7907267,340566203,432700,429300,431800,431800,429500,429600,429700,429800,429900,430000,430100,430200,430300,430400,29000,5200,55600,133700,13000,12900,1100,1600,12400,21800,429300,429200,429100,429000,428900,428800,428700,428600,428500,428400,37400,105300,160100,246800,52700,38100,49000,36000,97400,5200,439420,425150,6891119,2552400,0,0,0,0,0,
600036.SH,600036,20251209,94227000,429400,9400,403559,12197,0,,,7916667,340969762,432700,429300,431800,431800,429400,429500,429600,429700,429800,429900,430000,430100,430200,430300,10500,28900,4300,55200,133700,13400,13400,1500,1600,12400,429300,429200,429100,429000,428900,428800,428700,428600,428500,428400,33500,104300,159400,248900,53300,38800,49000,36000,97600,5200,439410,425150,6892319,2556800,0,0,0,0,0,
600036.SH,600036,20251209,94230000,429400,14500,622615,12210,0,,,7931167,341592377,432700,429300,431800,431800,429500,429600,429700,429800,429900,430000,430100,430200,430300,430400,29100,4300,54000,134200,13400,13400,1500,1600,12400,21800,429400,429300,429200,429100,429000,428900,428800,428700,428600,428500,287800,32200,104400,159000,248500,54300,38800,49000,36000,97600,439430,425700,6880819,2836200,0,0,0,0,0,
600036.SH,600036,20251209,94233000,429500,16700,717210,12226,0,,,7947867,342309587,432700,429300,431800,431800,429500,429600,429700,429800,429900,430000,430100,430200,430300,430400,18500,4300,41400,133900,13000,12900,1100,1600,12400,21800,429400,429300,429200,429100,429000,428900,428800,428700,428600,428500,285600,46400,104900,159600,248800,54300,39000,49000,36000,98400,439460,425710,6849419,2834300,0,0,0,0,0,
600036.SH,600036,20251209,94236000,429400,31400,1348402,12245,0,,,7979267,343657989,432700,429300,431800,431800,429500,429600,429700,429800,429900,430000,430100,430200,430300,430400,9900,4300,41400,133900,12900,12900,1100,1600,12400,21800,429400,429300,429200,429100,429000,428900,428800,428700,428600,428500,265000,47900,105100,159400,250300,56300,41000,49000,46500,98700,439480,425700,6840319,2833500,0,0,0,0,0,
600036.SH,600036,20251209,94239000,429500,6600,283423,12255,0,,,7985867,343941412,432700,429300,431800,431800,429500,429600,429700,429800,429900,430000,430100,430200,430300,430400,10400,4300,42500,133900,12900,9900,1100,1600,12400,21800,429400,429300,429200,429100,429000,428900,428800,428700,428600,428500,262500,50700,105000,159400,250800,56300,41900,49000,46500,98700,439480,425700,6840719,2839500,0,0,0,0,0,
600036.SH,600036,20251209,94242000,429500,11000,472429,12271,0,,,7996867,344413841,432700,429300,431800,431800,429500,429600,429700,429800,429900,430000,430100,430200,430300,430400,4000,9100,42500,136900,12900,9900,1100,1600,12400,21800,429400,429300,429200,429100,429000,428900,428800,428700,428600,428500,260600,51300,105600,159200,262100,57000,42400,49000,46500,98700,439460,425710,6856519,2852300,0,0,0,0,0,
600036.SH,600036,20251209,94245000,429500,6000,257700,12287,0,,,8002867,344671541,432700,429300,431800,431800,429600,429700,429800,429900,430000,430100,430200,430300,430400,430500,9600,42500,136900,12900,9700,1100,1600,12400,21800,45700,429500,429400,429300,429200,429100,429000,428900,428800,428700,428600,4600,263100,82400,105600,160900,247000,57200,42400,49200,47300,439470,425750,6860619,2881000,0,0,0,0,0,
600036.SH,600036,20251209,94248000,429500,18900,811802,12335,0,,,8021767,345483343,432700,429300,431800,431800,429600,429700,429800,429900,430000,430100,430200,430300,430400,430500,6200,42900,136900,12900,9700,1100,1600,12400,21800,45700,429500,429400,429300,429200,429100,429000,428900,428800,428700,428600,26900,262400,84900,105600,161100,249400,56900,45900,49200,47900,439480,425790,6857619,2921900,0,0,0,0,0,
600036.SH,600036,20251209,94251000,429500,2500,107388,12346,0,,,8024267,345590731,432700,429300,431800,431800,429600,429700,429800,429900,430000,430100,430200,430300,430400,430500,5600,42900,136900,12900,8100,1100,1600,13400,21800,45700,429500,429400,429300,429200,429100,429000,428900,428800,428700,428600,27600,263400,87000,104300,162100,251800,56900,46600,49200,47900,439470,425800,6867719,2926600,0,0,0,0,0,
600036.SH,600036,20251209,94254000,429500,7800,335031,12358,0,,,8032067,345925762,432700,429300,431800,431800,429600,429700,429800,429900,430000,430100,430200,430300,430400,430500,3800,42900,136900,12900,8100,1100,1600,13400,21800,45700,429500,429400,429300,429200,429100,429000,428900,428800,428700,428600,30600,263500,87300,104800,162100,252600,56900,48200,49200,47900,439470,425810,6866319,2940600,0,0,0,0,0,
600036.SH,600036,20251209,94257000,429600,8100,347976,12381,0,,,8040167,346273738,432700,429300,431800,431800,429700,429800,429900,430000,430100,430200,430300,430400,430500,430600,43600,136900,12900,8100,1100,1600,13400,21800,45700,1200,429600,429500,429400,429300,429200,429100,429000,428900,428800,428700,5800,36900,266800,89600,104800,162100,253100,57400,48200,49200,439470,425830,6866119,2964200,0,0,0,0,0,
600036.SH,600036,20251209,94300000,429600,4500,193331,12393,0,,,8044667,346467069,432700,429300,431800,431800,429700,429800,429900,430000,430100,430200,430300,430400,430500,430600,42800,136900,12900,8100,1100,1600,13400,21800,45700,1200,429600,429500,429400,429300,429200,429100,429000,428900,428800,428700,4900,40500,267700,89600,105000,162100,256100,57200,48200,49200,439480,425810,6865219,2976200,0,0,0,0,0,
600036.SH,600036,20251209,94303000,429700,5400,232011,12417,0,,,8050067,346699080,432700,429300,431800,431800,429700,429800,429900,430000,430100,430200,430300,430400,430500,430600,40300,136900,12900,8200,1100,1600,13400,21800,45700,1200,429600,429500,429400,429300,429200,429100,429000,428900,428800,428700,22900,42400,270500,90200,105000,161600,259100,57600,48000,50200,439480,425850,6863619,3011100,0,0,0,0,0,
600036.SH,600036,20251209,94306000,429700,3600,154670,12432,0,,,8053667,346853750,432700,429300,431800,431800,429700,429800,429900,430000,430100,430200,430300,430400,430500,430600,41900,136900,12900,8600,1100,1600,13400,21800,45700,1200,429600,429500,429400,429300,429200,429100,429000,428900,428800,428700,21400,46700,269700,89000,105000,162100,259400,57600,47500,50200,439470,425850,6868619,3015800,0,0,0,0,0,
600036.SH,600036,20251209,94309000,429700,5800,249208,12465,0,,,8059467,347102958,432700,429300,431800,431800,429700,429800,429900,430000,430100,430200,430300,430400,430500,430600,37800,137000,12900,8800,1100,1600,13400,21800,45700,1200,429600,429500,429400,429300,429200,429100,429000,428900,428800,428700,25700,48400,269800,89800,105200,171700,269600,58600,47500,50200,439480,425890,6865019,3061500,0,0,0,0,0,
600036.SH,600036,20251209,94312000,429600,13400,575694,12491,0,,,8072867,347678652,432700,429300,431800,431800,429700,429800,429900,430000,430100,430200,430300,430400,430500,430600,34800,137000,12900,8800,1100,1600,13400,21800,45700,1200,429600,429500,429400,429300,429200,429100,429000,428900,428800,428700,16900,50200,270700,94400,105400,172500,270000,58600,48500,50200,439490,425900,6863319,3084000,0,0,0,0,0,
600036.SH,600036,20251209,94315000,429600,4900,210547,12520,0,,,8077767,347889199,432700,429300,431800,431800,429700,429800,429900,430000,430100,430200,430300,430400,430500,430600,30800,138500,12900,8800,1100,1600,13400,21800,44600,1200,429600,429500,429400,429300,429200,429100,429000,428900,428800,428700,18800,65900,270900,95100,104800,172300,268200,58700,48500,50200,439490,425920,6861219,3102000,0,0,0,0,0,
600036.SH,600036,20251209,94318000,429700,10100,433995,12543,0,,,8087867,348323194,432700,429300,431800,431800,429700,429800,429900,430000,430100,430200,430300,430400,430500,430600,21000,138000,12900,8800,1100,1600,13400,21800,44600,1200,429600,429500,429400,429300,429200,429100,429000,428900,428800,428700,27200,67300,19900,93600,105100,172600,268300,58700,49000,50200,439500,425620,6860119,2872900,0,0,0,0,0,
600036.SH,600036,20251209,94321000,429700,2100,90236,12554,0,,,8089967,348413430,432700,429300,431800,431800,429700,429800,429900,430000,430100,430200,430300,430400,430500,430600,20000,138000,12900,8800,1100,1600,13400,21800,44600,1200,429600,429500,429400,429300,429200,429100,429000,428900,428800,428700,32100,69500,19900,93400,105600,172000,269500,58700,49000,50200,439500,425630,6859619,2883500,0,0,0,0,0,
600036.SH,600036,20251209,94324000,429700,8500,365184,12572,0,,,8098467,348778614,432700,429300,431800,431800,429700,429800,429900,430000,430100,430200,430300,430400,430500,430600,18900,138000,12900,8800,1100,1600,13400,21800,44600,1200,429600,429500,429400,429300,429200,429100,429000,428900,428800,428700,33100,71700,21700,93100,108100,172000,271000,59000,49500,50200,439500,425650,6863219,2892300,0,0,0,0,0,
600036.SH,600036,20251209,94327000,429600,9500,408191,12595,0,,,8107967,349186805,432700,429300,431800,431800,429700,429800,429900,430000,430100,430200,430300,430400,430500,430600,12200,138000,12900,8800,1100,1600,13400,21800,44600,1200,429600,429500,429400,429300,429200,429100,429000,428900,428800,428700,34300,75500,20700,92700,109200,172500,270700,59200,49700,50200,439500,425660,6859119,2899400,0,0,0,0,0,
600036.SH,600036,20251209,94330000,429700,59300,2547553,12676,0,,,8167267,351734358,432700,429300,431800,431800,429700,429800,429900,430000,430100,430200,430300,430400,430500,430600,12300,138000,12900,8800,1100,1600,13400,21800,44600,1200,429600,429500,429400,429300,429200,429100,429000,428900,428800,428700,1000,76000,21600,95100,109300,172300,275200,59200,49700,50200,439510,425650,6865219,2872000,0,0,0,0,0,
600036.SH,600036,20251209,94333000,429700,15100,648822,12722,0,,,8182367,352383180,432700,429300,431800,431800,429700,429800,429900,430000,430100,430200,430300,430400,430500,430600,2100,138000,12900,8800,1100,1600,13400,21800,44600,2300,429600,429500,429400,429300,429200,429100,429000,428900,428800,428700,15800,79200,21900,95200,107300,172300,276100,59500,49700,50200,439520,425680,6857019,2890700,0,0,0,0,0,
600036.SH,600036,20251209,94336000,429700,7500,322262,12745,0,,,8189867,352705442,432700,429300,431800,431800,429700,429800,429900,430000,430100,430200,430300,430400,430500,430600,400,138200,12900,8800,1300,1600,13400,21800,44600,2300,429600,429500,429400,429300,429200,429100,429000,428900,428800,428700,33100,80700,22200,96400,107400,172300,277400,59500,49900,50400,439520,425700,6857819,2913000,0,0,0,0,0,
600036.SH,600036,20251209,94339000,429700,16700,717526,12767,0,,,8206567,353422968,432700,429300,431800,431800,429800,429900,430000,430100,430200,430300,430400,430500,430600,430700,137500,12900,8800,1300,1600,13400,21800,44600,2300,1100,429700,429600,429500,429400,429300,429200,429100,429000,428900,428800,100,31700,82800,22300,97200,107400,172400,278400,59600,49500,439520,425710,6857619,2916800,0,0,0,0,0,
600036.SH,600036,20251209,94342000,429700,2300,98840,12778,0,,,8208867,353521808,432700,429300,431800,431800,429800,429900,430000,430100,430200,430300,430400,430500,430600,430700,135400,12900,8800,1300,1600,13400,21800,44600,2300,1100,429700,429600,429500,429400,429300,429200,429100,429000,428900,428800,2100,31700,82400,22300,97300,107600,173000,280200,59600,49600,439520,425710,6855619,2922500,0,0,0,0,0,
600036.SH,600036,20251209,94345000,429800,6300,270718,12804,0,,,8215167,353792526,432700,429300,431800,431800,429800,429900,430000,430100,430200,430300,430400,430500,430600,430700,134700,12900,8800,1300,1600,13400,21800,44600,2300,1100,429700,429600,429500,429400,429300,429200,429100,429000,428900,428800,1600,36300,83600,23100,97600,108400,173000,281500,59600,49900,439520,425720,6855919,2932300,0,0,0,0,0,
600036.SH,600036,20251209,94348000,429800,1200,51576,12810,0,,,8216367,353844102,432700,429300,431800,431800,429800,429900,430000,430100,430200,430300,430400,430500,430600,430700,133500,12900,8800,1300,1600,13400,21800,44600,2300,1100,429700,429600,429500,429400,429300,429200,429100,429000,428900,428800,8800,40700,85500,23200,99200,108500,173300,282000,59600,50500,439520,425740,6858019,2946800,0,0,0,0,0,
600036.SH,600036,20251209,94351000,429800,6100,262163,12826,0,,,8222467,354106265,432700,429300,431800,431800,429800,429900,430000,430100,430200,430300,430400,430500,430600,430700,128900,12900,8800,1300,1600,13400,21800,44600,2300,1100,429700,429600,429500,429400,429300,429200,429100,429000,428900,428800,13700,41100,95400,24000,99300,108000,173800,278100,60800,50800,439530,425760,6855319,2960900,0,0,0,0,0,
600036.SH,600036,20251209,94354000,429800,17800,765044,12842,0,,,8240267,354871309,432700,429300,431800,431800,429800,429900,430000,430100,430200,430300,430400,430500,430600,430700,112600,12900,8800,1300,1600,13400,21800,44600,2300,900,429700,429600,429500,429400,429300,429200,429100,429000,428900,428800,21000,44100,96700,25500,100100,108000,173800,277800,60800,50800,439550,425780,6838819,2978400,0,0,0,0,0,
600036.SH,600036,20251209,94357000,429800,5300,227790,12856,0,,,8245567,355099099,432700,429300,431800,431800,429800,429900,430000,430100,430200,430300,430400,430500,430600,430700,110300,12900,9000,1300,1600,13400,21800,44600,2300,900,429700,429600,429500,429400,429300,429200,429100,429000,428900,428800,23500,42700,98300,25500,100700,108000,174000,278600,59800,51200,439550,425780,6840819,2984000,0,0,0,0,0,
600036.SH,600036,20251209,94400000,429800,19700,846666,12877,0,,,8265267,355945765,432700,429300,431800,431800,429800,429900,430000,430100,430200,430300,430400,430500,430600,430700,94400,12900,9000,1300,1600,13400,21800,44600,2300,900,429700,429600,429500,429400,429300,429200,429100,429000,428900,428800,22900,42800,99200,26500,90200,108000,174000,277600,59800,51500,439570,425770,6828719,2974600,0,0,0,0,0,
600036.SH,600036,20251209,94403000,429800,15000,644593,12913,0,,,8280267,356590358,432700,429300,431800,431800,429800,429900,430000,430100,430200,430300,430400,430500,430600,430700,92700,13900,8700,1900,1600,13400,21800,44600,2300,900,429700,429600,429500,429400,429300,429200,429100,429000,428900,428800,16400,43000,100300,27100,89900,107300,174000,278200,67700,51500,439570,425770,6828819,2978300,0,0,0,0,0,
600036.SH,600036,20251209,94406000,429800,49200,2114570,12936,0,,,8329467,358704928,432700,429300,431800,431800,429800,429900,430000,430100,430200,430300,430400,430500,430600,430700,48100,13900,9700,1900,1600,13400,21800,44600,2300,900,429700,429600,429500,429400,429300,429200,429100,429000,428900,428800,13300,42800,104300,27600,90800,107300,173900,288500,67700,51500,439640,425790,6785619,2996600,0,0,0,0,0,
600036.SH,600036,20251209,94409000,429800,15000,644681,12974,0,,,8344467,359349609,432700,429300,431800,431800,429800,429900,430000,430100,430200,430300,430400,430500,430600,430700,35100,13900,8500,1900,1600,13400,21800,44600,2300,900,429700,429600,429500,429400,429300,429200,429100,429000,428900,428800,14100,43900,94600,27800,90900,107800,173900,288800,69700,51900,439660,425790,6772119,2993400,0,0,0,0,0,
600036.SH,600036,20251209,94412000,429700,29100,1250534,13045,0,,,8373567,360600143,432700,429300,431800,431800,429700,429800,429900,430000,430100,430200,430300,430400,430500,430600,2000,25200,14100,8500,1900,1600,13400,21800,44600,2300,429600,429500,429400,429300,429200,429100,429000,428900,428800,428700,45400,97200,27700,91500,107800,174000,288600,69800,51400,50000,439650,425780,6778719,2983100,0,0,0,0,0,
600036.SH,600036,20251209,94415000,429800,53700,2307871,13133,0,,,8427267,362908014,432700,429300,431800,431800,429700,429800,429900,430000,430100,430200,430300,430400,430500,430600,3700,8800,29500,8500,1900,1600,13400,21800,44600,2300,429600,429500,429400,429300,429200,429100,429000,428900,428800,428700,42000,97900,26700,91800,108800,174000,290900,70800,51400,50000,439650,425780,6780619,2990000,0,0,0,0,0,
600036.SH,600036,20251209,94418000,429700,4800,206254,13169,0,,,8432067,363114268,432700,429300,431800,431800,429700,429800,429900,430000,430100,430200,430300,430400,430500,430600,200,8800,29500,10100,1900,1600,13400,21800,44600,2300,429600,429500,429400,429300,429200,429100,429000,428900,428800,428700,44200,100300,26900,92100,107900,174300,292300,70800,51700,50000,439650,425780,6780419,2997100,0,0,0,0,0,
600036.SH,600036,20251209,94421000,429800,3600,154715,13184,0,,,8435667,363268983,432700,429300,431800,431800,429800,429900,430000,430100,430200,430300,430400,430500,430600,430700,8700,29500,10100,1900,1600,13400,21800,44600,2300,900,429700,429600,429500,429400,429300,429200,429100,429000,428900,428800,3100,44600,101200,27100,92100,107900,174300,294000,70800,51700,439650,425790,6781619,3005600,0,0,0,0,0,
600036.SH,600036,20251209,94424000,429700,15600,670305,13215,0,,,8451267,363939288,432700,429300,431800,431800,429800,429900,430000,430100,430200,430300,430400,430500,430600,430700,8600,27900,10100,1900,1600,13400,21800,44600,2300,900,429700,429600,429500,429400,429300,429200,429100,429000,428900,428800,3200,37900,102500,27600,97900,108200,174300,294000,70800,51700,439650,425790,6780219,3007800,0,0,0,0,0,
600036.SH,600036,20251209,94427000,429800,3100,133222,13228,0,,,8454367,364072510,432700,429300,431800,431800,429800,429900,430000,430100,430200,430300,430400,430500,430600,430700,7000,14000,10100,1900,1600,13400,21800,44600,2300,900,429700,429600,429500,429400,429300,429200,429100,429000,428900,428800,16400,38100,103400,27600,99100,108500,174300,294000,70900,51700,439680,425810,6770219,3024700,0,0,0,0,0,
600036.SH,600036,20251209,94430000,429800,1600,68763,13238,0,,,8455967,364141273,432700,429300,431800,431800,429800,429900,430000,430100,430200,430300,430400,430500,430600,430700,7000,14000,10400,1900,1600,13400,21800,44600,2300,900,429700,429600,429500,429400,429300,429200,429100,429000,428900,428800,21200,38100,104200,27600,99900,108500,179500,294000,70900,51700,439680,425820,6771019,3038000,0,0,0,0,0,
600036.SH,600036,20251209,94433000,429800,8400,360998,13257,0,,,8464367,364502271,432700,429300,431800,431800,429800,429900,430000,430100,430200,430300,430400,430500,430600,430700,2200,14000,10400,1900,1600,13400,21700,44600,2300,900,429700,429600,429500,429400,429300,429200,429100,429000,428900,428800,20200,37700,101900,32600,100800,108500,179500,293000,70900,51700,439680,425830,6765719,3041100,0,0,0,0,0,
600036.SH,600036,20251209,94436000,429800,17800,764894,13290,0,,,8482167,365267165,432700,429300,431800,431800,429800,429900,430000,430100,430200,430300,430400,430500,430600,430700,4800,14000,10400,1900,1600,13400,21700,44800,2300,900,429700,429600,429500,429400,429300,429200,429100,429000,428900,428800,7300,38400,101500,32900,100500,108000,179500,293400,70900,51700,439680,425810,6771319,3030300,0,0,0,0,0,
600036.SH,600036,20251209,94439000,429800,5600,240681,13314,0,,,8487767,365507846,432700,429300,431800,431800,429800,429900,430000,430100,430200,430300,430400,430500,430600,430700,1800,14000,10400,1900,1600,13400,21700,44800,2300,900,429700,429600,429500,429400,429300,429200,429100,429000,428900,428800,9400,38400,103200,32600,100700,107700,180600,294500,70900,51700,439680,425820,6768219,3039000,0,0,0,0,0,
600036.SH,600036,20251209,94442000,429800,2500,107450,13328,0,,,8490267,365615296,432700,429300,431800,431800,429900,430000,430100,430200,430300,430400,430500,430600,430700,430800,15100,10400,1900,1600,13900,21700,44800,2300,900,4600,429800,429700,429600,429500,429400,429300,429200,429100,429000,428900,10400,15800,39200,104000,32600,101000,107700,181700,294500,70900,439680,425840,6767819,3059400,0,0,0,0,0,
600036.SH,600036,20251209,94445000,429800,16200,696259,13390,0,,,8506467,366311555,432700,429300,431800,431800,429800,429900,430000,430100,430200,430300,430400,430500,430600,430700,400,15100,27800,1900,1600,13900,21700,44800,2300,900,429700,429600,429500,429400,429300,429200,429100,429000,428900,428800,17000,39400,104000,32400,101600,109000,181700,295000,70900,51500,439650,425830,6787919,3052400,0,0,0,0,0,
600036.SH,600036,20251209,94448000,429800,4800,206281,13409,0,,,8511267,366517836,432700,429300,431800,431800,429900,430000,430100,430200,430300,430400,430500,430600,430700,430800,15700,27800,1900,1600,13900,21700,44800,2300,900,5600,429800,429700,429600,429500,429400,429300,429200,429100,429000,428900,7400,16300,44400,103900,32400,101500,108500,181700,297200,70900,439650,425850,6786719,3065400,0,0,0,0,0,
600036.SH,600036,20251209,94451000,429800,700,30090,13413,0,,,8511967,366547926,432700,429300,431800,431800,429900,430000,430100,430200,430300,430400,430500,430600,430700,430800,17200,27800,1900,1600,13900,21700,44800,2300,900,5600,429800,429700,429600,429500,429400,429300,429200,429100,429000,428900,8200,17500,44900,106000,32400,96500,108500,181700,296700,70900,439650,425850,6789319,3065300,0,0,0,0,0,
600036.SH,600036,20251209,94454000,429800,1400,60179,13421,0,,,8513367,366608105,432700,429300,431800,431800,429900,430000,430100,430200,430300,430400,430500,430600,430700,430800,18100,27800,1900,1600,13900,21700,44800,2300,900,5600,429800,429700,429600,429500,429400,429300,429200,429100,429000,428900,10200,17500,46900,108700,32500,97600,108500,182200,297300,70900,439610,425860,6831319,3075000,0,0,0,0,0,
600036.SH,600036,20251209,94457000,429800,5800,249293,13436,0,,,8519167,366857398,432700,429300,431800,431800,429900,430000,430100,430200,430300,430400,430500,430600,430700,430800,22700,27800,1900,1600,13900,21700,44800,2300,900,5600,429800,429700,429600,429500,429400,429300,429200,429100,429000,428900,15800,17800,46100,110400,30100,98000,108400,182200,298100,70900,439600,425860,6839619,3079000,0,0,0,0,0,
600036.SH,600036,20251209,94500000,429900,6800,292284,13467,0,,,8525967,367149682,432700,429300,431800,431800,429900,430000,430100,430200,430300,430400,430500,430600,430700,430800,20700,27600,1900,1600,13900,21700,44800,2300,900,5600,429800,429700,429600,429500,429400,429300,429200,429100,429000,428900,31000,17800,47000,111300,30100,97800,108400,182700,298600,70800,439600,425880,6839119,3099500,0,0,0,0,0,
600036.SH,600036,20251209,94503000,429900,15500,666237,13518,0,,,8541467,367815919,432700,429300,431800,431800,429900,430000,430100,430200,430300,430400,430500,430600,430700,430800,16200,29300,1900,1600,13900,21700,44800,2300,900,5600,429800,429700,429600,429500,429400,429300,429200,429100,429000,428900,25000,18100,47000,111300,29600,100200,108400,182700,299100,70800,439610,425870,6842619,3096100,0,0,0,0,0,
600036.SH,600036,20251209,94506000,429900,3600,154762,13544,0,,,8545067,367970681,432700,429300,431800,431800,429900,430000,430100,430200,430300,430400,430500,430600,430700,430800,12000,29300,1900,1600,13900,21700,44800,2300,900,5600,429800,429700,429600,429500,429400,429300,429200,429100,429000,428900,37900,17800,53000,112600,29600,100200,108200,182700,300200,71100,439610,425900,6839919,3118500,0,0,0,0,0,
600036.SH,600036,20251209,94509000,429900,18400,790968,13608,0,,,8563467,368761649,432700,429300,431800,431800,430000,430100,430200,430300,430400,430500,430600,430700,430800,430900,32800,1900,1600,13900,21700,44800,2300,900,5600,1300,429900,429800,429700,429600,429500,429400,429300,429200,429100,429000,4500,35200,17900,54000,102100,29600,100600,106200,182700,300300,439620,425890,6835019,3108500,0,0,0,0,0,
600036.SH,600036,20251209,94512000,429900,10300,442789,13626,0,,,8573767,369204438,432700,429300,431800,431800,430000,430100,430200,430300,430400,430500,430600,430700,430800,430900,32800,1900,1600,13900,21700,44800,2300,900,5600,1300,429900,429800,429700,429600,429500,429400,429300,429200,429100,429000,3900,36400,16400,54800,102100,29700,100800,106200,182700,300500,439620,425890,6835619,3112700,0,0,0,0,0,
600036.SH,600036,20251209,94515000,429900,20300,872606,13666,0,,,8594067,370077044,432700,429300,431800,431800,430000,430100,430200,430300,430400,430500,430600,430700,430800,430900,31100,1300,1600,13900,22300,44800,2300,900,5600,1300,429800,429700,429600,429500,429400,429300,429200,429100,429000,428900,28000,16100,55200,102800,29700,100800,106200,183200,300900,71100,439620,425870,6834419,3101900,0,0,0,0,0,
600036.SH,600036,20251209,94518000,429600,114800,4932576,13850,0,,,8708867,375009620,432700,429300,431800,431800,429600,429700,429800,429900,430000,430100,430200,430300,430400,430500,2100,1300,11000,1600,31000,1300,1600,13900,22300,44800,429500,429400,429300,429200,429100,429000,428900,428800,428700,428600,106000,29700,100500,106200,183000,299900,71100,49300,47600,53500,439600,425750,6850819,3004700,0,0,0,0,0,
600036.SH,600036,20251209,94521000,429600,5500,236277,13868,0,,,8714367,375245897,432700,429300,431800,431800,429600,429700,429800,429900,430000,430100,430200,430300,430400,430500,21200,11300,9400,5300,31800,2300,1600,13400,21700,44800,429500,429400,429300,429200,429100,429000,428900,428800,428700,428600,107000,26200,100700,106400,185000,300200,71100,49300,47600,53500,439550,425750,6878419,3013100,0,0,0,0,0,
600036.SH,600036,20251209,94524000,429600,5000,214796,13884,0,,,8719367,375460693,432700,429300,431800,431800,429600,429700,429800,429900,430000,430100,430200,430300,430400,430500,18300,11300,9500,5300,30500,2300,2100,13400,21700,44800,429500,429400,429300,429200,429100,429000,428900,428800,428700,428600,106900,26200,90900,104000,185000,300200,71100,50300,47600,53500,439560,425730,6873419,3003100,0,0,0,0,0,
600036.SH,600036,20251209,94527000,429600,32200,1383006,14006,0,,,8751567,376843699,432700,429300,431800,431800,429600,429700,429800,429900,430000,430100,430200,430300,430400,430500,21500,11300,9500,5300,30500,2300,2100,13400,21700,44800,429500,429400,429300,429200,429100,429000,428900,428800,428700,428600,81800,27100,91100,104000,184800,300800,71100,50600,47600,53500,439560,425710,6881619,2982200,0,0,0,0,0,
600036.SH,600036,20251209,94530000,429600,21300,914961,14060,0,,,8772867,377758660,432700,429300,431800,431800,429600,429700,429800,429900,430000,430100,430200,430300,430400,430500,10900,11300,9500,5300,30500,2300,2100,13400,21700,44800,429500,429400,429300,429200,429100,429000,428900,428800,428700,428600,75400,27300,92200,104600,184900,301300,71100,50600,47600,53500,439570,425700,6873619,2978800,0,0,0,0,0,
600036.SH,600036,20251209,94533000,429600,10700,459647,14085,0,,,8783567,378218307,432700,429300,431800,431800,429600,429700,429800,429900,430000,430100,430200,430300,430400,430500,3000,1300,9500,5300,30800,2300,2100,13400,21700,44800,429500,429400,429300,429200,429100,429000,428900,428800,428700,428600,73700,28400,93200,104700,185900,301600,71100,50600,47600,53500,439610,425700,6840719,2981500,0,0,0,0,0,
600036.SH,600036,20251209,94536000,429600,4700,201883,14104,0,,,8788267,378420190,432700,429300,431800,431800,429600,429700,429800,429900,430000,430100,430200,430300,430400,430500,1200,1300,9500,5300,30800,2300,2100,13400,21700,44800,429500,429400,429300,429200,429100,429000,428900,428800,428700,428600,72900,28900,96200,107600,186100,298300,71100,51000,47600,53500,439610,425710,6839519,2985200,0,0,0,0,0,
600036.SH,600036,20251209,94539000,429600,2000,85912,14112,0,,,8790267,378506102,432700,429300,431800,431800,429600,429700,429800,429900,430000,430100,430200,430300,430400,430500,2400,1300,9500,5300,30800,2300,2100,13400,21700,44800,429500,429400,429300,429200,429100,429000,428900,428800,428700,428600,72600,31100,96300,109700,186100,298500,71300,51000,47600,53500,439610,425710,6840819,2991600,0,0,0,0,0,
600036.SH,600036,20251209,94542000,429500,16300,700204,14148,0,,,8806567,379206306,432700,429300,431800,431800,429700,429800,429900,430000,430100,430200,430300,430400,430500,430600,2100,9500,5300,30800,2300,2100,13400,21700,44800,2300,429500,429400,429300,429200,429100,429000,428900,428800,428700,428600,71100,31100,97600,109900,188100,299500,71300,51300,47600,53500,439610,425720,6845119,2997000,0,0,0,0,0,
600036.SH,600036,20251209,94545000,429600,1700,73032,14156,0,,,8808267,379279338,432700,429300,431800,431800,429700,429800,429900,430000,430100,430200,430300,430400,430500,430600,3600,9500,5300,30800,2300,2100,13400,21700,44800,2300,429600,429500,429400,429300,429200,429100,429000,428900,428800,428700,8900,74200,32000,103300,109900,189300,298700,71300,51800,47600,439610,425740,6849019,3018700,0,0,0,0,0,
600036.SH,600036,20251209,94548000,429500,17300,743157,14184,0,,,8825567,380022495,432700,429300,431800,431800,429600,429700,429800,429900,430000,430100,430200,430300,430400,430500,1800,14900,9500,5100,30800,2300,2100,13400,21700,44800,429500,429400,429300,429200,429100,429000,428900,428800,428700,428600,67400,32200,103300,109900,190100,298800,71300,50800,47600,53700,439590,425720,6861719,3005700,0,0,0,0,0,
600036.SH,600036,20251209,94551000,429500,10000,429520,14226,0,,,8835567,380452015,432700,429300,431800,431800,429600,429700,429800,429900,430000,430100,430200,430300,430400,430500,500,15200,9500,15100,30800,2300,2100,13400,21800,44800,429500,429400,429300,429200,429100,429000,428900,428800,428700,428600,62900,32600,103500,109900,189300,300200,71300,50800,47600,53700,439580,425720,6870619,3002400,0,0,0,0,0,
600036.SH,600036,20251209,94554000,429300,112300,4822710,14564,0,,,8947867,385274725,432700,429300,431800,431800,429400,429500,429600,429700,429800,429900,430000,430100,430200,430300,6700,16100,24100,14100,9500,15100,30500,2300,2100,13400,429300,429200,429100,429000,428900,428800,428700,428600,428500,428400,93400,110200,189300,300200,71300,50900,47500,53800,104000,11400,439510,425580,6915819,2900100,0,0,0,0,0,
600036.SH,600036,20251209,94557000,429400,9500,407889,14603,0,,,8957367,385682614,432700,429300,431800,431800,429400,429500,429600,429700,429800,429900,430000,430100,430200,430300,23500,12500,2500,14400,9500,15100,30200,2300,2100,13400,429300,429200,429100,429000,428900,428800,428700,428600,428500,428400,90100,112300,190100,299300,71300,50900,47500,53800,104000,11400,439520,425580,6909419,2899300,0,0,0,0,0,
600036.SH,600036,20251209,94600000,429300,14600,626794,14626,0,,,8971967,386309408,432700,429300,431800,431800,429400,429500,429600,429700,429800,429900,430000,430100,430200,430300,22900,13100,2500,14300,9500,15100,30200,2300,2100,13400,429300,429200,429100,429000,428900,428800,428700,428600,428500,428400,78900,112300,190400,298500,71300,49900,47500,53800,104000,11400,439520,425570,6908419,2886800,0,0,0,0,0,
600036.SH,600036,20251209,94603000,429300,97800,4198469,14838,0,,,9069767,390507877,432700,429200,431800,431800,429300,429400,429500,429600,429700,429800,429900,430000,430100,430200,9000,22900,13300,2400,14300,29200,15100,30200,2300,2100,429200,429100,429000,428900,428800,428700,428600,428500,428400,428300,102700,190700,301000,71300,49600,47500,54800,104000,9900,52200,439480,425450,6937519,2800100,0,0,0,0,0,
600036.SH,600036,20251209,94606000,429200,116500,5000079,14989,0,,,9186267,395507956,432700,429100,431800,431800,429200,429300,429400,429500,429600,429700,429800,429900,430000,430100,4100,700,22800,6800,2400,14300,29200,5100,30000,2100,429100,429000,428900,428800,428700,428600,428500,428400,428300,428200,180700,301500,71300,51100,47500,54800,103000,9900,52200,39800,439510,425300,6918719,2695600,0,0,0,0,0,
600036.SH,600036,20251209,94609000,429200,33000,1416366,15060,0,,,9219267,396924322,432700,429100,431800,431800,429300,429400,429500,429600,429700,429800,429900,430000,430100,430200,3900,4100,6800,2400,14100,29200,5100,28200,2100,2100,429200,429100,429000,428900,428800,428700,428600,428500,428400,428300,900,170000,301300,71500,50500,47500,54800,103000,9900,52200,439540,425280,6900719,2685900,0,0,0,0,0,
600036.SH,600036,20251209,94612000,429100,4900,210326,15080,0,,,9224167,397134648,432700,429100,431800,431800,429300,429400,429500,429600,429700,429800,429900,430000,430100,430200,300,6700,6800,2400,14100,29200,5100,28200,2100,2100,429100,429000,428900,428800,428700,428600,428500,428400,428300,428200,168200,300300,71500,50500,47500,54800,103000,9900,52200,39800,439540,425280,6900619,2685600,0,0,0,0,0,
600036.SH,600036,20251209,94615000,429200,10600,454965,15112,0,,,9234767,397589613,432700,429100,431800,431800,429300,429400,429500,429600,429700,429800,429900,430000,430100,430200,200,8600,6800,2400,13600,29200,5100,28200,2100,2100,429200,429100,429000,428900,428800,428700,428600,428500,428400,428300,800,169500,299900,71500,51000,47500,54800,103500,9900,52200,439540,425280,6903019,2691200,0,0,0,0,0,
600036.SH,600036,20251209,94618000,429100,12800,549346,15134,0,,,9247567,398138959,432700,429100,431800,431800,429200,429300,429400,429500,429600,429700,429800,429900,430000,430100,1300,11400,10300,6800,2400,13000,29200,5100,28200,2100,429100,429000,428900,428800,428700,428600,428500,428400,428300,428200,169900,299800,71600,54200,47500,54900,103000,9900,52200,40800,439520,425290,6914719,2699300,0,0,0,0,0,
600036.SH,600036,20251209,94621000,429200,27100,1162877,15152,0,,,9274667,399301836,432700,429100,431800,431800,429200,429300,429400,429500,429600,429700,429800,429900,430000,430100,800,11900,10300,6800,2400,13000,29200,4700,28200,2100,429100,429000,428900,428800,428700,428600,428500,428400,428300,428200,145500,271900,71300,55200,47500,54900,103100,9900,52200,40800,439490,425220,6944419,2649600,0,0,0,0,0,
600036.SH,600036,20251209,94624000,429300,6700,287552,15177,0,,,9281367,399589388,432700,429100,431800,431800,429300,429400,429500,429600,429700,429800,429900,430000,430100,430200,11600,10400,6600,2400,13000,29200,4700,28200,2100,2100,429200,429100,429000,428900,428800,428700,428600,428500,428400,428300,1900,152300,272700,71100,56400,48500,54900,103100,9900,52200,439480,425230,6953419,2662000,0,0,0,0,0,
600036.SH,600036,20251209,94627000,429200,8900,381947,15206,0,,,9290267,399971335,432700,429100,431800,431800,429200,429300,429400,429500,429600,429700,429800,429900,430000,430100,100,12800,10400,6400,2400,13000,29200,4700,28200,2100,429100,429000,428900,428800,428700,428600,428500,428400,428300,428200,150600,264400,71800,57000,48500,53900,103100,9900,52400,40300,439490,425220,6951819,2651000,0,0,0,0,0,
600036.SH,600036,20251209,94630000,429200,3700,158814,15221,0,,,9293967,400130149,432700,429100,431800,431800,429300,429400,429500,429600,429700,429800,429900,430000,430100,430200,11900,10300,6400,2400,13000,29300,4700,28200,2100,3100,429200,429100,429000,428900,428800,428700,428600,428500,428400,428300,1900,151700,268000,71800,57000,48700,53900,104800,9900,53200,439490,425230,6951919,2665100,0,0,0,0,0,
600036.SH,600036,20251209,94633000,429200,9500,407774,15237,0,,,9303467,400537923,432700,429100,431800,431800,429200,429300,429400,429500,429600,429700,429800,429900,430000,430100,800,9500,10300,6400,2400,13000,29300,4700,28200,2100,429100,429000,428900,428800,428700,428600,428500,428400,428300,428200,152900,266900,71800,57300,49200,53900,105400,10200,53200,41600,439490,425230,6954719,2662900,0,0,0,0,0,
600036.SH,600036,20251209,94636000,429200,11700,502155,15256,0,,,9315167,401040078,432700,429100,431800,431800,429300,429400,429500,429600,429700,429800,429900,430000,430100,430200,6200,10400,6400,2400,13000,29300,4700,28200,2100,3100,429200,429100,429000,428900,428800,428700,428600,428500,428400,428300,900,151100,272700,73000,57300,49200,54300,105700,10200,53300,439490,425230,6950319,2672100,0,0,0,0,0,
600036.SH,600036,20251209,94639000,429200,5100,218900,15270,0,,,9320267,401258978,432700,429100,431800,431800,429300,429400,429500,429600,429700,429800,429900,430000,430100,430200,5700,10400,6400,2400,13000,29300,4700,28200,2100,3100,429200,429100,429000,428900,428800,428700,428600,428500,428400,428300,1400,153000,277300,72700,58200,49200,54300,105700,10200,53300,439490,425250,6950819,2681100,0,0,0,0,0,
600036.SH,600036,20251209,94642000,429200,14900,639536,15294,0,,,9335167,401898514,432700,429100,431800,431800,429300,429400,429500,429600,429700,429800,429900,430000,430100,430200,6900,10400,6400,2400,13000,29300,4700,30200,2100,3100,429200,429100,429000,428900,428800,428700,428600,428500,428400,428300,2300,153500,277100,72300,58000,49100,54300,106200,10200,53300,439490,425250,6954419,2682400,0,0,0,0,0,
600036.SH,600036,20251209,94645000,429300,8400,360574,15316,0,,,9343567,402259088,432700,429100,431800,431800,429300,429400,429500,429600,429700,429800,429900,430000,430100,430200,2300,10400,6400,2900,13500,29300,4700,29200,4100,3100,429200,429100,429000,428900,428800,428700,428600,428500,428400,428300,23400,156300,277500,72300,58700,49100,54300,111200,10200,53300,439490,425290,6952519,2713300,0,0,0,0,0,
600036.SH,600036,20251209,94648000,429200,82900,3557516,15398,0,,,9426467,405816604,432700,429100,431800,431800,429300,429400,429500,429600,429700,429800,429900,430000,430100,430200,6100,10300,6400,2900,13500,29300,4700,28700,4100,3100,429200,429100,429000,428900,428800,428700,428600,428500,428400,428300,500,106600,277900,72300,59000,49100,54300,111200,10200,53300,439490,425180,6955719,2644700,0,0,0,0,0,
600036.SH,600036,20251209,94651000,429200,7800,334805,15420,0,,,9434267,406151409,432700,429100,431800,431800,429300,429400,429500,429600,429700,429800,429900,430000,430100,430200,3300,10300,6400,2900,13600,29300,4700,28700,3200,3100,429200,429100,429000,428900,428800,428700,428600,428500,428400,428300,100,101000,278200,72300,58500,49100,54300,111600,10200,53300,439490,425180,6953919,2640700,0,0,0,0,0,
600036.SH,600036,20251209,94654000,429200,10600,454904,15444,0,,,9444867,406606313,432700,429100,431800,431800,429200,429300,429400,429500,429600,429700,429800,429900,430000,430100,200,3800,10300,6300,2900,13600,29300,4700,28700,3200,429100,429000,428900,428800,428700,428600,428500,428400,428300,428200,96000,269500,71400,59200,49100,54400,111600,10200,53300,41600,439490,425150,6954119,2628000,0,0,0,0,0,
600036.SH,600036,20251209,94657000,429200,7900,339087,15473,0,,,9452767,406945400,432700,429100,431800,431800,429300,429400,429500,429600,429700,429800,429900,430000,430100,430200,7800,11000,6800,2400,13000,29300,4700,28700,3200,3100,429100,429000,428900,428800,428700,428600,428500,428400,428300,428200,95900,270900,71800,59800,49100,54400,111600,10200,53300,41600,439480,425160,6959319,2632300,0,0,0,0,0,
600036.SH,600036,20251209,94700000,429200,3200,137358,15488,0,,,9455967,407082758,432700,429100,431800,431800,429300,429400,429500,429600,429700,429800,429900,430000,430100,430200,7200,11000,6800,4800,13000,29300,4700,28700,3200,3100,429200,429100,429000,428900,428800,428700,428600,428500,428400,428300,2500,105700,272000,71800,63300,49100,54400,113800,10200,53300,439480,425180,6963919,2652800,0,0,0,0,0,
600036.SH,600036,20251209,94703000,429200,11200,480708,15512,0,,,9467167,407563466,432700,429100,431800,431800,429300,429400,429500,429600,429700,429800,429900,430000,430100,430200,6500,11000,6800,4800,13000,29300,4700,28700,3200,3100,429200,429100,429000,428900,428800,428700,428600,428500,428400,428300,2200,107300,273800,74000,63500,49100,54400,114400,10200,53300,439480,425190,6968319,2659800,0,0,0,0,0,
600036.SH,600036,20251209,94706000,429200,7900,339108,15539,0,,,9475067,407902574,432700,429100,431800,431800,429300,429400,429500,429600,429700,429800,429900,430000,430100,430200,4900,10000,6800,4800,13000,29300,4700,28700,3200,3100,429200,429100,429000,428900,428800,428700,428600,428500,428400,428300,900,106100,274600,74100,64200,49100,54400,114400,10200,53300,439480,425190,6966819,2660500,0,0,0,0,0,
600036.SH,600036,20251209,94709000,429200,22600,969876,15568,0,,,9497667,408872450,432700,429100,431800,431800,429300,429400,429500,429600,429700,429800,429900,430000,430100,430200,9900,9900,6800,4800,13000,29300,4700,28700,3200,3100,429200,429100,429000,428900,428800,428700,428600,428500,428400,428300,4800,95400,279900,74100,65700,49100,54600,117500,10200,53300,439470,425200,6974419,2670200,0,0,0,0,0,
600036.SH,600036,20251209,94712000,429200,17300,742570,15630,0,,,9514967,409615020,432700,429100,431800,431800,429300,429400,429500,429600,429700,429800,429900,430000,430100,430200,12200,9900,6800,4800,13000,29300,4700,28700,3200,3100,429200,429100,429000,428900,428800,428700,428600,428500,428400,428300,7500,97500,279900,74100,66200,49100,55000,118000,10200,53300,439470,425210,6977319,2678900,0,0,0,0,0,
600036.SH,600036,20251209,94715000,429100,19200,823990,15660,0,,,9534167,410439010,432700,429100,431800,431800,429200,429300,429400,429500,429600,429700,429800,429900,430000,430100,3300,13300,9900,6800,5800,13000,29300,4700,28700,3200,429100,429000,428900,428800,428700,428600,428500,428400,428300,428200,94600,281800,74600,66200,49100,55200,118000,10200,53300,44100,439460,425190,6984219,2669500,0,0,0,0,0,
600036.SH,600036,20251209,94718000,429200,2000,85829,15670,0,,,9536167,410524839,432700,429100,431800,431800,429200,429300,429400,429500,429600,429700,429800,429900,430000,430100,21300,13300,7300,6800,5800,13000,29300,4700,28700,3200,429100,429000,428900,428800,428700,428600,428500,428400,428300,428200,95100,280100,74700,66200,49300,55200,118000,10200,54200,44100,439440,425190,6999719,2670200,0,0,0,0,0,
600036.SH,600036,20251209,94721000,429000,108500,4655668,15907,0,,,9644667,415180507,432700,429000,431800,431800,429100,429200,429300,429400,429500,429600,429700,429800,429900,430000,38400,19700,16900,7300,6800,4000,13000,29300,4700,28700,429000,428900,428800,428700,428600,428500,428400,428300,428200,428100,271700,74900,66000,49600,55200,118000,10200,54200,44100,108100,439380,425040,7038519,2570400,0,0,0,0,0,
600036.SH,600036,20251209,94724000,429100,48700,2089409,16017,0,,,9693367,417269916,432700,429000,431800,431800,429100,429200,429300,429400,429500,429600,429700,429800,429900,430000,24400,8000,16800,7200,4800,4000,13000,29900,4700,28700,429000,428900,428800,428700,428600,428500,428400,428300,428200,428100,251300,74900,66800,49600,56400,117500,11200,54200,44200,108100,439420,425010,7015219,2555300,0,0,0,0,0,
600036.SH,600036,20251209,94727000,429000,21100,905344,16063,0,,,9714467,418175260,432700,429000,431800,431800,429100,429200,429300,429400,429500,429600,429700,429800,429900,430000,9800,12700,12500,7200,4800,4000,12800,29900,4800,28700,429000,428900,428800,428700,428600,428500,428400,428300,428200,428100,261800,75300,67100,49600,56400,117700,11200,54200,44200,108100,439440,425030,6999819,2567100,0,0,0,0,0,
600036.SH,600036,20251209,94730000,429100,28600,1227224,16103,0,,,9743067,419402484,432700,429000,431800,431800,429200,429300,429400,429500,429600,429700,429800,429900,430000,430100,13200,12500,7200,4800,4000,12800,29900,4800,28700,3200,429100,429000,428900,428800,428700,428600,428500,428400,428300,428200,3700,264800,75300,67300,48800,56400,117700,11200,54200,44200,439450,425040,6991919,2575200,0,0,0,0,0,
600036.SH,600036,20251209,94733000,429200,3400,145921,16113,0,,,9746467,419548405,432700,429000,431800,431800,429200,429300,429400,429500,429600,429700,429800,429900,430000,430100,12400,12500,7200,4800,4000,12800,29900,4800,28700,3200,429100,429000,428900,428800,428700,428600,428500,428400,428300,428200,34400,253900,75300,70700,49500,57400,117700,11200,54200,44200,439460,425090,6991119,2615000,0,0,0,0,0,
600036.SH,600036,20251209,94736000,429100,7300,313306,16136,0,,,9753767,419861711,432700,429000,431800,431800,429200,429300,429400,429500,429600,429700,429800,429900,430000,430100,6200,12500,7200,4800,4400,12800,29900,4800,28700,3200,429100,429000,428900,428800,428700,428600,428500,428400,428300,428200,39700,261300,75500,72100,49500,58200,117700,11200,54200,44200,439450,425130,6995319,2641600,0,0,0,0,0,
600036.SH,600036,20251209,94739000,429200,3900,167360,16149,0,,,9757667,420029071,432700,429000,431800,431800,429200,429300,429400,429500,429600,429700,429800,429900,430000,430100,5200,12500,7200,4900,4400,12800,31900,4800,29700,3200,429100,429000,428900,428800,428700,428600,428500,428400,428300,428200,40000,266400,75500,71800,50500,58500,117700,11200,54200,44200,439450,425140,6993419,2649000,0,0,0,0,0,
600036.SH,600036,20251209,94742000,429200,8700,373342,16163,0,,,9766367,420402413,432700,429000,431800,431800,429200,429300,429400,429500,429600,429700,429800,429900,430000,430100,15500,12500,7700,4900,4400,12800,31900,4800,29700,3200,429100,429000,428900,428800,428700,428600,428500,428400,428300,428200,38100,270900,75900,72000,50500,58800,117700,11200,54200,44200,439430,425140,7004519,2665700,0,0,0,0,0,
600036.SH,600036,20251209,94745000,429100,9200,394836,16182,0,,,9775567,420797249,432700,429000,431800,431800,429200,429300,429400,429500,429600,429700,429800,429900,430000,430100,10400,12500,7800,4900,4400,12800,31900,4800,30700,3200,429100,429000,428900,428800,428700,428600,428500,428400,428300,428200,52700,271600,77600,72000,50500,59200,117800,11200,54200,44200,439440,425170,7000519,2683900,0,0,0,0,0,
600036.SH,600036,20251209,94748000,429200,17500,750997,16195,0,,,9793067,421548246,432700,429000,431800,431800,429200,429300,429400,429500,429600,429700,429800,429900,430000,430100,13300,12500,7800,4500,4400,12800,31900,4800,30700,3200,429100,429000,428900,428800,428700,428600,428500,428400,428300,428200,61600,272600,77600,71000,50500,59200,117800,11200,54200,44200,439440,425190,7006519,2692700,0,0,0,0,0,
600036.SH,600036,20251209,94751000,429300,24400,1047203,16236,0,,,9817467,422595449,432700,429000,431800,431800,429200,429300,429400,429500,429600,429700,429800,429900,430000,430100,1300,10900,7700,4500,4400,12800,31900,4800,30700,3200,429100,429000,428900,428800,428700,428600,428500,428400,428300,428200,57500,274600,77900,71400,51600,60200,117900,11200,51700,44500,439460,425190,6999019,2692900,0,0,0,0,0,
600036.SH,600036,20251209,94754000,429100,2400,102992,16242,0,,,9819867,422698441,432700,429000,431800,431800,429200,429300,429400,429500,429600,429700,429800,429900,430000,430100,1500,10900,7700,4600,4400,12800,31900,4800,31200,3200,429100,429000,428900,428800,428700,428600,428500,428400,428300,428200,57000,285500,78000,71800,51600,60300,117900,11200,51700,44500,439450,425200,6999919,2706700,0,0,0,0,0,
600036.SH,600036,20251209,94757000,429200,8600,369075,16259,0,,,9828467,423067516,432700,429000,431800,431800,429200,429300,429400,429500,429600,429700,429800,429900,430000,430100,1700,10900,7700,4600,4400,12800,31900,4800,31200,3200,429100,429000,428900,428800,428700,428600,428500,428400,428300,428200,60500,287100,79600,74300,51600,60100,118100,11200,51900,44500,439500,425220,7014319,2720700,0,0,0,0,0,
600036.SH,600036,20251209,94800000,429100,25600,1098548,16309,0,,,9854067,424166064,432700,429000,431800,431800,429200,429300,429400,429500,429600,429700,429800,429900,430000,430100,1900,11000,7700,4500,4400,12800,31900,5600,31200,3200,429100,429000,428900,428800,428700,428600,428500,428400,428300,428200,46400,330000,79000,74300,51600,60100,119000,11200,51900,44500,439500,425250,7016319,2741800,0,0,0,0,0,
600036.SH,600036,20251209,94803000,429100,6300,270352,16336,0,,,9860367,424436416,432700,429000,431800,431800,429200,429300,429400,429500,429600,429700,429800,429900,430000,430100,2800,11000,7700,4500,4400,12800,31900,5600,31100,3200,429100,429000,428900,428800,428700,428600,428500,428400,428300,428200,47600,331300,79000,74300,51600,60100,119000,11200,51900,44500,439500,425260,7017919,2748900,0,0,0,0,0,
600036.SH,600036,20251209,94806000,429200,4900,210308,16354,0,,,9865267,424646724,432700,429000,431800,431800,429200,429300,429400,429500,429600,429700,429800,429900,430000,430100,200,10800,7700,4500,4200,12800,31900,5600,31100,3200,429100,429000,428900,428800,428700,428600,428500,428400,428300,428200,46200,331800,79400,74300,51600,60100,119000,11200,51900,44500,439500,425260,7015519,2751200,0,0,0,0,0,
600036.SH,600036,20251209,94809000,429100,12100,519254,16376,0,,,9877367,425165978,432700,429000,431800,431800,429300,429400,429500,429600,429700,429800,429900,430000,430100,430200,10800,7700,4500,4200,12800,31900,5600,31100,3200,3100,429200,429100,429000,428900,428800,428700,428600,428500,428400,428300,2500,50500,330900,81600,81800,51600,60100,119200,11200,51900,439500,425280,7015619,2767600,0,0,0,0,0,
600036.SH,600036,20251209,94812000,429300,9500,407726,16401,0,,,9886867,425573704,432700,429000,431800,431800,429300,429400,429500,429600,429700,429800,429900,430000,430100,430200,19600,7700,4500,4200,12800,31900,5600,31100,3200,3100,429200,429100,429000,428900,428800,428700,428600,428500,428400,428300,200,61900,331800,81600,82000,51600,60100,120200,11200,51900,439480,425290,7038319,2779800,0,0,0,0,0,
600036.SH,600036,20251209,94815000,429200,4700,201690,16410,0,,,9891567,425775394,432700,429000,431800,431800,429200,429300,429400,429500,429600,429700,429800,429900,430000,430100,300,20200,5900,4500,4200,12800,31900,5600,31100,3600,429100,429000,428900,428800,428700,428600,428500,428400,428300,428200,67700,330400,81400,81700,51600,60100,120500,11300,51900,45600,439480,425300,7038519,2785800,0,0,0,0,0,
600036.SH,600036,20251209,94818000,429200,3800,163104,16423,0,,,9895367,425938498,432700,429000,431800,431800,429300,429400,429500,429600,429700,429800,429900,430000,430100,430200,19300,5900,4500,4200,12800,31900,5600,31100,3600,3100,429200,429100,429000,428900,428800,428700,428600,428500,428400,428300,2500,68000,330400,81400,81800,51600,60100,121300,11300,51900,439480,425330,7038219,2822200,0,0,0,0,0,
600036.SH,600036,20251209,94821000,429100,7900,339080,16451,0,,,9903267,426277578,432700,429000,431800,431800,429300,429400,429500,429600,429700,429800,429900,430000,430100,430200,15100,5900,4500,4600,12800,31900,5600,31100,3200,3100,429200,429100,429000,428900,428800,428700,428600,428500,428400,428300,1800,77100,331000,81500,83900,51600,60100,121400,11300,51900,439490,425340,7032019,2839600,0,0,0,0,0,
600036.SH,600036,20251209,94824000,429100,10800,463481,16477,0,,,9914067,426741059,432700,429000,431800,431800,429200,429300,429400,429500,429600,429700,429800,429900,430000,430100,13100,20700,9500,4500,4600,12800,31900,5600,31100,3200,429100,429000,428900,428800,428700,428600,428500,428400,428300,428200,67000,331900,81500,84400,51600,61100,122100,11300,51900,45900,439460,425330,7054519,2833400,0,0,0,0,0,
600036.SH,600036,20251209,94827000,429100,27600,1184488,16517,0,,,9941667,427925547,432700,429000,431800,431800,429200,429300,429400,429500,429600,429700,429800,429900,430000,430100,5000,21000,8900,4500,4600,12800,31900,5600,31100,3200,429100,429000,428900,428800,428700,428600,428500,428400,428300,428200,61700,329300,81100,84700,51600,60800,122100,11300,51900,45800,439470,425320,7044219,2824100,0,0,0,0,0,
600036.SH,600036,20251209,94830000,429200,16800,721054,16555,0,,,9958467,428646601,432700,429000,431800,431800,429200,429300,429400,429500,429600,429700,429800,429900,430000,430100,2900,21100,9300,4500,4200,12800,31900,5600,31100,3200,429100,429000,428900,428800,428700,428600,428500,428400,428300,428200,65300,330700,81600,81800,51600,60800,122100,11300,51900,48000,439470,425320,7043219,2809500,0,0,0,0,0,
600036.SH,600036,20251209,94833000,429200,15000,643768,16586,0,,,9973467,429290369,432700,429000,431800,431800,429200,429300,429400,429500,429600,429700,429800,429900,430000,430100,2900,22100,5700,4500,4200,12800,31900,5600,31100,3200,429100,429000,428900,428800,428700,428600,428500,428400,428300,428200,68300,330000,81400,81800,51400,60800,123600,11300,51900,48000,439480,425320,7040119,2809600,0,0,0,0,0,
600036.SH,600036,20251209,94836000,429100,9200,394825,16602,0,,,9982667,429685194,432700,429000,431800,431800,429200,429300,429400,429500,429600,429700,429800,429900,430000,430100,4900,22000,5700,4500,4200,12800,31900,5600,30600,3200,429100,429000,428900,428800,428700,428600,428500,428400,428300,428200,65800,333800,81400,81600,51400,60800,124100,11300,51900,53000,439470,425330,7043419,2823200,0,0,0,0,0,
600036.SH,600036,20251209,94839000,429200,14300,613652,16632,0,,,9996967,430298846,432700,429000,431800,431800,429200,429300,429400,429500,429600,429700,429800,429900,430000,430100,2600,22000,5700,4500,4200,12800,31900,5600,30600,3200,429100,429000,428900,428800,428700,428600,428500,428400,428300,428200,56600,337200,81600,81200,51400,61800,124600,11300,51900,53600,439480,425320,7042419,2820100,0,0,0,0,0,
600036.SH,600036,20251209,94842000,429100,52100,2235666,16734,0,,,10049067,432534512,432700,429000,431800,431800,429200,429300,429400,429500,429600,429700,429800,429900,430000,430100,43000,22100,5700,4500,4600,12800,31900,5600,30600,3200,429100,429000,428900,428800,428700,428600,428500,428400,428300,428200,15200,337200,81700,81300,51400,62300,124600,11300,51900,55600,439420,425270,7083519,2785700,0,0,0,0,0,
600036.SH,600036,20251209,94845000,429000,49100,2106588,16879,0,,,10098167,434641100,432700,429000,431800,431800,429100,429200,429300,429400,429500,429600,429700,429800,429900,430000,12400,62800,18300,6200,4500,4600,12800,31800,5000,31600,429000,428900,428800,428700,428600,428500,428400,428300,428200,428100,308000,81100,81300,51400,62300,126600,11300,52100,58600,120400,439380,425210,7112619,2752300,0,0,0,0,0,
600036.SH,600036,20251209,94848000,429100,28600,1226956,16991,0,,,10126767,435868056,432700,429000,431800,431800,429100,429200,429300,429400,429500,429600,429700,429800,429900,430000,15400,63400,18300,6200,4000,4200,12100,31800,5000,31600,429000,428900,428800,428700,428600,428500,428400,428300,428200,428100,292100,81100,86400,51400,62100,126800,11800,52100,58600,120400,439370,425230,7114919,2777000,0,0,0,0,0,
600036.SH,600036,20251209,94851000,428900,298100,12788515,17630,0,,,10424867,448656571,432700,428900,431800,431800,429000,429100,429200,429300,429400,429500,429600,429700,429800,429900,40500,71100,62900,17400,6200,4000,4200,12100,31800,5000,428900,428800,428700,428600,428500,428400,428300,428200,428100,428000,79700,86000,51400,62100,126800,11800,52100,58600,120400,286300,439240,424780,7210619,2484200,0,0,0,0,0,
600036.SH,600036,20251209,94854000,428800,157600,6759312,17921,0,,,10582467,455415883,432700,428800,431800,431800,428900,429000,429100,429200,429300,429400,429500,429600,429700,429800,1100,130000,70200,62900,17400,5500,3900,4200,12100,31800,428800,428700,428600,428500,428400,428300,428200,428100,428000,427900,64900,51400,62100,127100,12200,52100,58600,120400,286300,4900,439110,424610,7300519,2384600,0,0,0,0,0,
600036.SH,600036,20251209,94857000,428900,24900,1067838,18001,0,,,10607367,456483721,432700,428800,431800,431800,428900,429000,429100,429200,429300,429400,429500,429600,429700,429800,9100,94700,65400,62900,20100,5500,3900,3500,12100,31800,428800,428700,428600,428500,428400,428300,428200,428100,428000,427900,51000,51700,62600,127100,12200,52100,58600,121000,292100,4900,439150,424600,7271119,2381300,0,0,0,0,0,
600036.SH,600036,20251209,94900000,428900,19000,814739,18060,0,,,10626367,457298460,432700,428800,431800,431800,428900,429000,429100,429200,429300,429400,429500,429600,429700,429800,34800,95800,63600,61700,20100,5500,3900,2500,12100,31800,428800,428700,428600,428500,428400,428300,428200,428100,428000,427900,39200,52000,62800,127100,12200,52400,58600,121000,292200,4900,439120,424580,7295219,2375700,0,0,0,0,0,
600036.SH,600036,20251209,94903000,428700,73900,3168572,18201,0,,,10700267,460467032,432700,428700,431800,431800,428800,428900,429000,429100,429200,429300,429400,429500,429600,429700,83900,39700,33700,62400,61600,20100,5500,3900,2500,12100,428700,428600,428500,428400,428300,428200,428100,428000,427900,427800,25000,62700,132500,12200,52400,58600,121000,295400,4900,39600,439080,424470,7323719,2318500,0,0,0,0,0,
600036.SH,600036,20251209,94906000,428700,26100,1118992,18237,0,,,10726367,461586024,432700,428700,431800,431800,428800,428900,429000,429100,429200,429300,429400,429500,429600,429700,128400,38600,33400,63200,61200,19500,5500,3900,2500,12100,428700,428600,428500,428400,428300,428200,428100,428000,427900,427800,11200,63300,135900,12200,52400,58600,121200,298500,4900,39600,439020,424460,7366219,2314000,0,0,0,0,0,
600036.SH,600036,20251209,94909000,428600,27600,1183064,18284,0,,,10753967,462769088,432700,428600,431800,431800,428700,428800,428900,429000,429100,429200,429300,429400,429500,429600,4600,164500,11800,18200,62200,50500,19500,4000,3900,2500,428600,428500,428400,428300,428200,428100,428000,427900,427800,427700,48700,136000,12200,52400,58600,121200,299800,4800,39600,49200,439040,424420,7345919,2292600,0,0,0,0,0,
600036.SH,600036,20251209,94912000,428600,75000,3214864,18357,0,,,10828967,465983952,432700,428600,431800,431800,428700,428800,428900,429000,429100,429200,429300,429400,429500,429600,11300,168900,11800,18200,62200,50500,19500,4000,3900,2500,428600,428500,428400,428300,428200,428100,428000,427900,427800,427700,15200,139500,12400,52900,58600,121400,300500,4800,39600,49200,439030,424360,7357519,2264700,0,0,0,0,0,
600036.SH,600036,20251209,94915000,428700,10500,450051,18390,0,,,10839467,466434003,432700,428600,431800,431800,428700,428800,428900,429000,429100,429200,429300,429400,429500,429600,38300,167500,12200,17200,59500,50500,19000,4000,3900,2500,428600,428500,428400,428300,428200,428100,428000,427900,427800,427700,9700,139500,12400,52900,59100,121500,298300,4800,39700,49200,439000,424350,7381319,2258200,0,0,0,0,0,
600036.SH,600036,20251209,94918000,428600,22000,942926,18430,0,,,10861467,467376929,432700,428500,431800,431800,428600,428700,428800,428900,429000,429100,429200,429300,429400,429500,5900,35800,166400,11200,17200,59500,50500,18000,4000,3900,428500,428400,428300,428200,428100,428000,427900,427800,427700,427600,130300,12600,52900,59100,121500,299700,4800,40200,50600,16200,438990,424330,7385819,2245000,0,0,0,0,0,
600036.SH,600036,20251209,94921000,428600,10924,468144,18451,0,,,10872391,467845073,432700,428500,431800,431800,428600,428700,428800,428900,429000,429100,429200,429300,429400,429500,4900,39900,168600,11600,16800,58700,50300,18000,4000,3900,428500,428400,428300,428200,428100,428000,427900,427800,427700,427600,126076,18200,52900,64100,123100,299300,4800,40300,50800,16100,438990,424340,7391719,2259276,0,0,0,0,0,
600036.SH,600036,20251209,94924000,428600,53200,2280608,18480,0,,,10925591,470125681,432700,428500,431800,431800,428800,428900,429000,429100,429200,429300,429400,429500,429600,429700,168600,10800,16800,58700,50300,18400,4500,3900,3500,11200,428600,428500,428400,428300,428200,428100,428000,427900,427800,427700,27800,129876,18300,53000,64700,123600,302400,4800,40300,51300,439050,424410,7348519,2295576,0,0,0,0,0,
600036.SH,600036,20251209,94927000,428600,24200,1037243,18491,0,,,10949791,471162924,432700,428500,431800,431800,428800,428900,429000,429100,429200,429300,429400,429500,429600,429700,167800,10600,16800,58700,50000,17900,4100,3900,3500,11200,428600,428500,428400,428300,428200,428100,428000,427900,427800,427700,8500,129576,18400,53000,65300,123800,303800,5300,40300,51300,439050,424380,7344719,2280076,0,0,0,0,0,
600036.SH,600036,20251209,94930000,428600,39600,1697379,18531,0,,,10989391,472860303,432700,428500,431800,431800,428600,428800,428900,429000,429100,429200,429300,429400,429500,429600,74800,163600,8100,17200,58900,50000,17500,3600,4900,3500,428500,428400,428300,428200,428100,428000,427900,427800,427700,427600,132576,18400,53000,66800,123900,299600,5300,41000,51300,16100,438950,424370,7413919,2273776,0,0,0,0,0,
600036.SH,600036,20251209,94933000,428600,11100,475746,18562,0,,,11000491,473336049,432700,428500,431800,431800,428600,428800,428900,429000,429100,429200,429300,429400,429500,429600,76300,160000,8100,17200,58900,50000,17500,3600,4900,3500,428500,428400,428300,428200,428100,428000,427900,427800,427700,427600,135976,18900,53200,66800,123900,306300,5400,41000,51300,16100,438960,424390,7411719,2285376,0,0,0,0,0,
600036.SH,600036,20251209,94936000,428500,33800,1448411,18592,0,,,11034291,474784460,432700,428500,431800,431800,428600,428700,428800,428900,429000,429100,429200,429300,429400,429500,69400,300,142500,8500,16800,58400,50000,17500,3700,4900,428500,428400,428300,428200,428100,428000,427900,427800,427700,427600,119276,19600,53800,66900,123800,306300,5500,42200,52500,16100,438990,424370,7389019,2284076,0,0,0,0,0,
600036.SH,600036,20251209,94939000,428600,6900,295721,18609,0,,,11041191,475080181,432700,428500,431800,431800,428600,428700,428800,428900,429000,429100,429200,429300,429400,429500,63900,300,141300,8500,16800,58400,50000,17500,3700,4900,428500,428400,428300,428200,428100,428000,427900,427800,427700,427600,120776,19800,54000,67700,124100,306800,5500,42300,52600,16100,439000,424390,7383319,2295076,0,0,0,0,0,
600036.SH,600036,20251209,94942000,428800,79800,3420185,18648,0,,,11120991,478500366,432700,428500,431800,431800,428800,428900,429000,429100,429200,429300,429400,429500,429600,429700,137900,8500,16800,58400,50000,17500,3700,4900,3500,11200,428600,428500,428400,428300,428200,428100,428000,427900,427800,427700,6900,111676,20000,54300,68900,125100,312000,5500,41900,52600,439100,424400,7312019,2303176,0,0,0,0,0,
600036.SH,600036,20251209,94945000,428800,11800,505947,18667,0,,,11132791,479006313,432700,428500,431800,431800,428800,428900,429000,429100,429200,429300,429400,429500,429600,429700,130400,8100,16800,58800,49700,17500,3700,4900,3500,11200,428700,428600,428500,428400,428300,428200,428100,428000,427900,427800,6800,11000,110676,20000,54300,73900,128000,322800,5500,44500,439130,424450,7114419,2338576,0,0,0,0,0,
600036.SH,600036,20251209,94948000,428800,8300,355846,18682,0,,,11141091,479362159,432700,428500,431800,431800,428800,428900,429000,429100,429200,429300,429400,429500,429600,429700,127900,8100,16800,58600,50300,17900,3700,4900,3500,11200,428700,428600,428500,428400,428300,428200,428100,428000,427900,427800,3200,14400,116176,22000,54300,73800,129100,323800,6000,45600,439130,424470,7114119,2350776,0,0,0,0,0,
600036.SH,600036,20251209,94951000,428800,20500,878939,18711,0,,,11161591,480241098,432700,428500,431800,431800,428800,428900,429000,429100,429200,429300,429400,429500,429600,429700,116400,8200,15400,36900,50300,17900,3700,4900,3500,11200,428700,428600,428500,428400,428300,428200,428100,428000,427900,427800,500,26900,119576,23800,54300,73800,135900,325500,6200,46600,439180,424510,7081119,2379376,0,0,0,0,0,
600036.SH,600036,20251209,94954000,428800,3600,154358,18728,0,,,11165191,480395456,432700,428500,431800,431800,428800,428900,429000,429100,429200,429300,429400,429500,429600,429700,112200,8200,14800,36800,50300,17900,3700,4900,3500,11200,428700,428600,428500,428400,428300,428200,428100,428000,427900,427800,1000,33000,121976,24300,54300,75400,135100,327000,6200,46600,439180,424530,7079719,2396076,0,0,0,0,0,
600036.SH,600036,20251209,94957000,428700,13600,583067,18748,0,,,11178791,480978523,432700,428500,431800,431800,428800,428900,429000,429100,429200,429300,429400,429500,429600,429700,112200,8300,15100,36800,50300,17900,3700,4900,3500,11200,428700,428600,428500,428400,428300,428200,428100,428000,427900,427800,2600,37000,125876,24300,55500,75600,135100,327600,6200,46600,439180,424560,7080819,2442176,0,0,0,0,0,
600036.SH,600036,20251209,95000000,428700,48900,2096559,18790,0,,,11227691,483075082,432700,428500,431800,431800,428800,428900,429000,429100,429200,429300,429400,429500,429600,429700,80000,8300,15100,36800,50300,17900,3700,4900,3500,11200,428700,428600,428500,428400,428300,428200,428100,428000,427900,427800,1600,36600,126676,24300,56600,79800,137200,327000,6200,46600,439230,424570,7051719,2449876,0,0,0,0,0,
600036.SH,600036,20251209,95003000,428700,23300,998686,18828,0,,,11250991,484073768,432700,428500,431800,431800,428700,428800,428900,429000,429100,429200,429300,429400,429500,429600,21400,81200,8300,15800,36800,49600,17900,3700,4800,3500,428600,428500,428400,428300,428200,428100,428000,427900,427800,427700,16400,133076,24500,58100,80100,138100,330000,6200,46600,53100,439200,424560,7076819,2446176,0,0,0,0,0,
600036.SH,600036,20251209,95006000,428700,13800,591578,18845,0,,,11264791,484665346,432700,428500,431800,431800,428700,428800,428900,429000,429100,429200,429300,429400,429500,429600,17300,82500,8300,16300,36800,49600,17900,3700,4800,3500,428600,428500,428400,428300,428200,428100,428000,427900,427800,427700,17100,142176,24500,59100,80100,141700,324700,6300,47200,55200,439200,424580,7075019,2460776,0,0,0,0,0,
600036.SH,600036,20251209,95009000,428600,7600,325793,18869,0,,,11272391,484991139,432700,428500,431800,431800,428700,428800,428900,429000,429100,429200,429300,429400,429500,429600,11400,81900,8300,16300,36800,49600,17900,3700,4800,3500,428600,428500,428400,428300,428200,428100,428000,427900,427800,427700,21100,149476,24500,59300,80100,141700,325300,5900,47400,55200,439200,424590,7076619,2473876,0,0,0,0,0,
600036.SH,600036,20251209,95012000,428600,25000,1071568,18911,0,,,11297391,486062707,432700,428500,431800,431800,428700,428800,428900,429000,429100,429200,429300,429400,429500,429600,5000,80700,8300,9700,36900,49600,17900,3700,4800,3500,428600,428500,428400,428300,428200,428100,428000,427900,427800,427700,7800,149376,24700,59300,80100,142300,325100,5900,47700,55200,439220,424570,7063319,2464576,0,0,0,0,0,
600036.SH,600036,20251209,95015000,428600,16700,715729,18945,0,,,11314091,486778436,432700,428500,431800,431800,428600,428700,428800,428900,429000,429100,429200,429300,429400,429500,7700,129800,80200,9300,9200,36900,49600,17900,3700,4800,428500,428400,428300,428200,428100,428000,427900,427800,427700,427600,146676,24700,59800,80500,142400,326200,5900,47900,56000,17200,439030,424560,7199319,2458876,0,0,0,0,0,
600036.SH,600036,20251209,95018000,428500,101000,4328261,19111,0,,,11415091,491106697,432700,428500,431800,431800,428700,428800,428900,429000,429100,429200,429300,429400,429500,429600,128600,79500,9300,9200,36900,49600,17900,3700,4900,3500,428600,428500,428400,428300,428200,428100,428000,427900,427800,427700,200,115676,24700,59800,80500,142900,327000,5900,47800,56000,439040,424510,7196619,2434476,0,0,0,0,0,
600036.SH,600036,20251209,95021000,428600,8400,360029,19141,0,,,11423491,491466726,432700,428500,431800,431800,428700,428800,428900,429000,429100,429200,429300,429400,429500,429600,128500,79500,8300,9300,36900,49600,17900,3700,4900,3500,428600,428500,428400,428300,428200,428100,428000,427900,427800,427700,9100,116976,24700,60400,80500,143000,327300,6000,48300,56000,439040,424530,7195519,2460376,0,0,0,0,0,
600036.SH,600036,20251209,95024000,428600,33800,1448529,19201,0,,,11457291,492915255,432700,428500,431800,431800,428700,428800,428900,429000,429100,429200,429300,429400,429500,429600,124700,81100,8300,10500,36900,49600,17900,3700,4900,3500,428600,428500,428400,428300,428200,428100,428000,427900,427800,427700,100,104676,24700,60400,81000,143400,328500,6000,48300,58000,439040,424510,7200219,2444876,0,0,0,0,0,
600036.SH,600036,20251209,95027000,428500,123200,5279313,19378,0,,,11580491,498194568,432700,428500,431800,431800,428600,428700,428800,428900,429000,429100,429200,429300,429400,429500,200,134400,81100,8300,10500,36900,49600,17900,3700,4900,428500,428400,428300,428200,428100,428000,427900,427800,427700,427600,76,25300,60400,81500,143400,328600,6100,48300,58100,17600,439050,424330,7218019,2345076,0,0,0,0,0,
600036.SH,600036,20251209,95030000,428500,99600,4268749,19505,0,,,11680091,502463317,432700,428400,431800,431800,428500,428600,428700,428800,428900,429000,429100,429200,429300,429400,8200,3700,103600,81800,8300,9800,36900,49600,17900,3700,428400,428300,428200,428100,428000,427900,427800,427700,427600,427500,22776,60400,81600,143400,329700,6200,48500,58300,17600,45600,439080,424330,7198919,2345876,0,0,0,0,0,
600036.SH,600036,20251209,95033000,428500,33800,1448122,19551,0,,,11713891,503911439,432700,428400,431800,431800,428500,428600,428700,428800,428900,429000,429100,429200,429300,429400,1800,6800,84400,81800,8300,9800,36600,49600,17900,3700,428400,428300,428200,428100,428000,427900,427800,427700,427600,427500,5576,61000,81600,143900,331000,6200,48500,58400,17600,45600,439110,424310,7178619,2333676,0,0,0,0,0,
600036.SH,600036,20251209,95036000,428500,6300,269965,19575,0,,,11720191,504181404,432700,428400,431800,431800,428600,428700,428800,428900,429000,429100,429200,429300,429400,429500,5800,84800,78500,8700,9800,36600,49600,17900,3700,4900,428500,428400,428300,428200,428100,428000,427900,427800,427700,427600,6900,6676,61600,81600,195400,332800,6200,48900,58400,17600,439120,424410,7173319,2406376,0,0,0,0,0,
600036.SH,600036,20251209,95039000,428600,9700,415654,19594,0,,,11729891,504597058,432700,428400,431800,431800,428600,428700,428800,428900,429000,429100,429200,429300,429400,429500,21300,84800,62500,8700,9800,36600,49600,17900,3700,4900,428500,428400,428300,428200,428100,428000,427900,427800,427700,427600,5700,17076,62200,83600,199600,334200,6200,48900,58400,17600,439120,424440,7173119,2432376,0,0,0,0,0,
600036.SH,600036,20251209,95042000,428600,65100,2788947,19675,0,,,11794991,507386005,432700,428300,431800,431800,428600,428700,428800,428900,429000,429100,429200,429300,429400,429500,34500,84800,60900,8700,9800,36600,49600,17900,3700,5000,428500,428400,428300,428200,428100,428000,427900,427800,427700,427600,4600,1900,49476,84700,199600,335000,8200,86400,59400,17600,439100,424460,7183919,2447776,0,0,0,0,0,
600036.SH,600036,20251209,95045000,428600,17500,750013,19688,0,,,11812491,508136018,432700,428300,431800,431800,428600,428700,428800,428900,429000,429100,429200,429300,429400,429500,22600,84300,60900,8700,9800,36600,49600,17900,3700,5000,428500,428400,428300,428200,428100,428000,427900,427800,427700,427600,9400,2400,50576,86200,199600,336700,8200,86900,59400,17600,439120,424480,7171219,2467176,0,0,0,0,0,
600036.SH,600036,20251209,95048000,428500,6600,282815,19706,0,,,11819091,508418833,432700,428300,431800,431800,428600,428700,428800,428900,429000,429100,429200,429300,429400,429500,24200,104300,60900,8700,10200,36600,49600,17500,3700,5000,428500,428400,428300,428200,428100,428000,427900,427800,427700,427600,8700,2600,52076,97100,200000,338100,8200,86900,59400,17800,439090,424500,7189119,2481676,0,0,0,0,0,
600036.SH,600036,20251209,95051000,428600,12600,539940,19729,0,,,11831691,508958773,432700,428300,431800,431800,428600,428700,428800,428900,429000,429100,429200,429300,429400,429500,23700,104300,60900,8100,10200,36600,49600,18500,3700,5000,428500,428400,428300,428200,428100,428000,427900,427800,427700,427600,9800,21900,51976,101200,200300,339900,8200,86900,59500,17800,439090,424550,7189019,2513876,0,0,0,0,0,
600036.SH,600036,20251209,95054000,428600,4100,175708,19744,0,,,11835791,509134481,432700,428300,431800,431800,428600,428700,428800,428900,429000,429100,429200,429300,429400,429500,21400,105500,60900,8100,10200,36600,49600,18500,3700,5600,428500,428400,428300,428200,428100,428000,427900,427800,427700,427600,32500,25800,52676,103300,200900,343400,8200,87100,59500,18200,439090,424610,7191719,2556376,0,0,0,0,0,
600036.SH,600036,20251209,95057000,428600,5800,248546,19753,0,,,11841591,509383027,432700,428300,431800,431800,428600,428700,428800,428900,429000,429100,429200,429300,429400,429500,19800,105500,60900,8200,10200,36600,49600,18500,3700,5600,428500,428400,428300,428200,428100,428000,427900,427800,427700,427600,33500,28400,54076,105900,201200,343700,8200,87100,59500,18200,439100,424620,7189719,2567476,0,0,0,0,0,
600036.SH,600036,20251209,95100000,428500,7100,304271,19768,0,,,11848691,509687298,432700,428300,431800,431800,428600,428700,428800,428900,429000,429100,429200,429300,429400,429500,16200,105500,60900,8000,10200,36600,49600,18500,3700,5600,428500,428400,428300,428200,428100,428000,427900,427800,427700,427600,34900,28400,55976,109400,201200,354700,8200,87100,59500,18200,439100,424650,7188019,2587276,0,0,0,0,0,
600036.SH,600036,20251209,95103000,428600,27600,1182845,19812,0,,,11876291,510870143,432700,428300,431800,431800,428700,428800,428900,429000,429100,429200,429300,429400,429500,429600,106000,60800,8000,10200,36600,49600,18500,3700,5600,3500,428600,428500,428400,428300,428200,428100,428000,427900,427800,427700,29200,42500,78400,56176,110000,201200,355900,8200,87100,60600,439120,424770,7171719,2680076,0,0,0,0,0,
600036.SH,600036,20251209,95106000,428700,119200,5110207,19879,0,,,11995491,515980350,432700,428300,431800,431800,428800,428900,429000,429100,429200,429300,429400,429500,429600,429700,50300,8000,9800,35600,49600,18900,3700,5300,3500,12000,428700,428600,428500,428400,428300,428200,428100,428000,427900,427800,54100,47500,42300,78700,55476,110300,203200,356100,8200,88000,439290,424890,7055119,2770676,0,0,0,0,0,
600036.SH,600036,20251209,95109000,428800,53600,2298288,19925,0,,,12049091,518278638,432700,428300,431800,431800,428800,428900,429000,429100,429200,429300,429400,429500,429600,429700,4700,7700,9800,36100,49700,18900,3700,5300,3500,12000,428700,428600,428500,428400,428300,428200,428100,428000,427900,427800,35800,49500,41300,79300,53676,109400,203200,359200,8200,88000,439360,424870,7011319,2763676,0,0,0,0,0,
600036.SH,600036,20251209,95112000,428700,10500,450282,19948,0,,,12059591,518728920,432700,428300,431800,431800,428900,429000,429100,429200,429300,429400,429500,429600,429700,429800,3400,9800,41100,49700,18900,3700,5300,3500,12000,30400,428700,428600,428500,428400,428300,428200,428100,428000,427900,427800,34400,44000,42200,79200,53676,110500,203200,359000,8200,88300,439360,424860,7008519,2761076,0,0,0,0,0,
600036.SH,600036,20251209,95115000,428800,9600,411604,19968,0,,,12069191,519140524,432700,428300,431800,431800,428900,429000,429100,429200,429300,429400,429500,429600,429700,429800,1600,9800,41500,49700,18900,3600,5300,3500,12000,30400,428800,428700,428600,428500,428400,428300,428200,428100,428000,427900,3800,15200,45700,44800,79200,55276,111000,203200,360700,8200,439370,424860,6994019,2766476,0,0,0,0,0,
600036.SH,600036,20251209,95118000,428900,1000,42888,19976,0,,,12070191,519183412,432700,428300,431800,431800,428900,429000,429100,429200,429300,429400,429500,429600,429700,429800,1100,9800,41600,49700,18900,3600,5300,3500,12000,30400,428800,428700,428600,428500,428400,428300,428200,428100,428000,427900,5500,16200,45700,34500,80000,58276,114000,203200,360900,8200,439350,424860,7022019,2773176,0,0,0,0,0,
600036.SH,600036,20251209,95121000,429000,2200,94359,19995,0,,,12072391,519277771,432700,428300,431800,431800,429000,429100,429200,429300,429400,429500,429600,429700,429800,429900,20200,41400,49700,18500,3600,5300,3500,12000,30400,1000,428900,428800,428700,428600,428500,428400,428300,428200,428100,428000,100,19600,19500,31300,32900,30000,59276,113700,204100,361500,439340,424800,7033219,2727576,0,0,0,0,0,
600036.SH,600036,20251209,95124000,428900,5600,240194,20012,0,,,12077991,519517965,432700,428300,431800,431800,428900,429000,429100,429200,429300,429400,429500,429600,429700,429800,2900,19200,42200,49700,18500,3600,5300,3500,12000,30400,428800,428700,428600,428500,428400,428300,428200,428100,428000,427900,17500,19400,31600,39100,30000,59776,113300,204100,361900,8500,439340,424810,7029519,2734476,0,0,0,0,0,
600036.SH,600036,20251209,95127000,428900,1600,68624,20020,0,,,12079591,519586589,432700,428300,431800,431800,428900,429000,429100,429200,429300,429400,429500,429600,429700,429800,1300,19200,42200,49600,18500,3600,5300,3500,12000,30400,428800,428700,428600,428500,428400,428300,428200,428100,428000,427900,19900,19200,31600,40100,30000,59876,113700,204300,365200,8500,439340,424820,7030719,2745576,0,0,0,0,0,
600036.SH,600036,20251209,95130000,428900,19700,844930,20046,0,,,12099291,520431519,432700,428300,431800,431800,429000,429100,429200,429300,429400,429500,429600,429700,429800,429900,17400,42700,49600,18500,3600,5300,3500,12000,30400,3000,428900,428800,428700,428600,428500,428400,428300,428200,428100,428000,5000,20900,19300,31800,40600,30100,60576,113700,204300,365400,439340,424840,7027119,2755376,0,0,0,0,0,
600036.SH,600036,20251209,95133000,429000,5800,248803,20055,0,,,12105091,520680322,432700,428300,431800,431800,429000,429100,429200,429300,429400,429500,429600,429700,429800,429900,15400,42200,49600,18900,3600,5300,3500,12000,30400,3000,428900,428800,428700,428600,428500,428400,428300,428200,428100,428000,14700,20800,20100,32800,41800,30300,60576,136600,204500,365300,439340,424890,7025419,2801476,0,0,0,0,0,
600036.SH,600036,20251209,95136000,429000,3100,132989,20064,0,,,12108191,520813311,432700,428300,431800,431800,429000,429100,429200,429300,429400,429500,429600,429700,429800,429900,12400,42200,49600,18900,3600,5300,4000,12000,30400,3000,428900,428800,428700,428600,428500,428400,428300,428200,428100,428000,21300,23400,20100,30700,42500,30500,62076,138600,204500,368800,439350,424910,7024519,2816776,0,0,0,0,0,
600036.SH,600036,20251209,95139000,429000,5300,227370,20079,0,,,12113491,521040681,432700,428300,431800,431800,429000,429100,429200,429300,429400,429500,429600,429700,429800,429900,7100,42200,49600,18900,3600,5300,4000,12000,30400,3000,428900,428800,428700,428600,428500,428400,428300,428200,428100,428000,35400,22100,20100,33000,43500,30500,62076,138900,204500,367900,439350,424810,7021119,2844076,0,0,0,0,0,
600036.SH,600036,20251209,95142000,429100,11800,506197,20104,0,,,12125291,521546878,432700,428300,431800,431800,429100,429200,429300,429400,429500,429600,429700,429800,429900,430000,41000,49600,19000,3500,5300,4000,12000,30400,3000,43900,429000,428900,428800,428700,428600,428500,428400,428300,428200,428100,3900,38100,23600,20400,33800,48300,30500,62376,138900,204500,439380,424830,7015619,2864276,0,0,0,0,0,
600036.SH,600036,20251209,95145000,429100,1400,60061,20107,0,,,12126691,521606939,432700,428300,431800,431800,429100,429200,429300,429400,429500,429600,429700,429800,429900,430000,41000,49600,19000,3500,5300,4000,12000,30400,3000,43900,429000,428900,428800,428700,428600,428500,428400,428300,428200,428100,7700,41500,23400,20400,34600,50700,30600,72176,137400,204500,439380,424850,7014519,2885076,0,0,0,0,0,
600036.SH,600036,20251209,95148000,429100,2200,94401,20115,0,,,12128891,521701340,432700,428300,431800,431800,429100,429200,429300,429400,429500,429600,429700,429800,429900,430000,39900,49600,19000,3500,5300,4000,12000,30400,3000,43900,429000,428900,428800,428700,428600,428500,428400,428300,428200,428100,72600,41900,23500,19900,34400,54100,30600,72276,145400,205500,439380,424950,7015419,2962976,0,0,0,0,0,
600036.SH,600036,20251209,95151000,429100,8700,373317,20123,0,,,12137591,522074657,432700,428300,431800,431800,429100,429200,429300,429400,429500,429600,429700,429800,429900,430000,31600,49600,19000,3500,5300,4000,12000,30400,3000,43900,429000,428900,428800,428700,428600,428500,428400,428300,428200,428100,74900,41900,25300,19900,34000,54100,30600,71876,144400,206500,439390,424970,7008919,2979576,0,0,0,0,0,
600036.SH,600036,20251209,95154000,429100,35500,1523317,20146,0,,,12173091,523597974,432700,428300,431800,431800,429200,429300,429400,429500,429600,429700,429800,429900,430000,430100,48400,19000,3500,4900,4000,12000,30400,3000,43900,2300,429100,429000,428900,428800,428700,428600,428500,428400,428300,428200,29800,88900,43700,25000,18100,34700,55700,30600,72376,144400,439440,425030,6975319,3029376,0,0,0,0,0,
600036.SH,600036,20251209,95157000,429200,3800,163074,20153,0,,,12176891,523761048,432700,428300,431800,431800,429200,429300,429400,429500,429600,429700,429800,429900,430000,430100,47300,18800,3500,5300,4100,12000,30400,3000,43900,2300,429100,429000,428900,428800,428700,428600,428500,428400,428300,428200,29800,87800,43100,25800,18100,35400,55800,31300,72576,144400,439440,425030,6975819,3031076,0,0,0,0,0,
600036.SH,600036,20251209,95200000,429200,8800,377666,20161,0,,,12185691,524138714,432700,428300,431800,431800,429200,429300,429400,429500,429600,429700,429800,429900,430000,430100,42200,18800,3500,5300,4100,12000,30400,3000,43900,2300,429100,429000,428900,428800,428700,428600,428500,428400,428300,428200,31200,88700,43500,26200,13400,34600,56500,31300,72576,144400,439450,425020,6970819,3023176,0,0,0,0,0,
600036.SH,600036,20251209,95203000,429200,17100,733822,20198,0,,,12202791,524872536,432700,428300,431800,431800,429200,429300,429400,429500,429600,429700,429800,429900,430000,430100,38100,18800,3500,5300,4100,12000,30400,4000,43900,2300,429100,429000,428900,428800,428700,428600,428500,428400,428300,428200,21500,94000,43300,27800,13200,34300,56500,31300,72176,144900,439450,425020,6969419,3022076,0,0,0,0,0,
600036.SH,600036,20251209,95206000,429200,11900,510711,20217,0,,,12214691,525383247,432700,428300,431800,431800,429200,429300,429400,429500,429600,429700,429800,429900,430000,430100,30300,18800,3500,5300,4100,12000,30400,4000,43900,2300,429100,429000,428900,428800,428700,428600,428500,428400,428300,428200,17500,94600,43700,27800,12700,35200,57600,31300,72276,144900,439460,425020,6961819,3026176,0,0,0,0,0,
600036.SH,600036,20251209,95209000,429100,106100,4553237,20319,0,,,12320791,529936484,432700,428300,431800,431800,429100,429200,429300,429400,429500,429600,429700,429800,429900,430000,63500,200,17400,3500,5300,4100,12200,30400,4000,43900,429000,428900,428800,428700,428600,428500,428400,428300,428200,428100,80500,43700,33900,12700,35200,57300,31500,72276,144900,205400,439400,425010,7014619,3020876,0,0,0,0,0,
600036.SH,600036,20251209,95212000,429100,8200,351862,20324,0,,,12328991,530288346,432700,428300,431800,431800,429100,429200,429300,429400,429500,429600,429700,429800,429900,430000,55500,2500,17800,4100,4900,4100,12200,30400,4000,44000,429000,428900,428800,428700,428600,428500,428400,428300,428200,428100,80000,42400,34300,13500,35000,59700,31600,72576,146000,208400,439410,425010,7009719,3028476,0,0,0,0,0,
600036.SH,600036,20251209,95215000,429000,8900,381876,20333,0,,,12337891,530670222,432700,428300,431800,431800,429100,429200,429300,429400,429500,429600,429700,429800,429900,430000,49300,2600,17800,4100,4900,4100,12200,30400,4000,44200,429000,428900,428800,428700,428600,428500,428400,428300,428200,428100,77900,40300,35200,13500,35700,59800,31600,72876,146000,208500,439420,425030,7005819,3050776,0,0,0,0,0,
600036.SH,600036,20251209,95218000,429100,8600,369026,20346,0,,,12346491,531039248,432700,428300,431800,431800,429100,429200,429300,429400,429500,429600,429700,429800,429900,430000,45700,2600,17800,4100,4900,4100,12200,30400,4000,44200,429000,428900,428800,428700,428600,428500,428400,428300,428200,428100,78900,40800,34600,14500,35000,60600,31600,72976,146500,208500,439430,425040,7004219,3061176,0,0,0,0,0,
600036.SH,600036,20251209,95221000,429100,54400,2334406,20367,0,,,12400891,533373654,432700,428300,431800,431800,429300,429400,429500,429600,429700,429800,429900,430000,430100,430200,14000,3600,4900,4100,12200,30400,4000,44700,2800,3700,429100,429000,428900,428800,428700,428600,428500,428400,428300,428200,15500,80800,40800,35500,14500,35200,60600,31600,73076,146500,439500,425060,6953019,3082476,0,0,0,0,0,
600036.SH,600036,20251209,95224000,429100,3500,150192,20375,0,,,12404391,533523846,432700,428300,431800,431800,429200,429300,429400,429500,429600,429700,429800,429900,430000,430100,1000,14200,3600,6600,4100,12000,30400,4000,44900,2800,429100,429000,428900,428800,428700,428600,428500,428400,428300,428200,12400,85200,40300,36500,13100,35500,61300,31600,74276,146500,439500,425080,6955219,3104876,0,0,0,0,0,
600036.SH,600036,20251209,95227000,429000,15600,669381,20403,0,,,12419991,534193227,432700,428300,431800,431800,429200,429300,429400,429500,429600,429700,429800,429900,430000,430100,1900,14400,3600,5500,4100,12000,30400,4000,44400,2800,429000,428900,428800,428700,428600,428500,428400,428300,428200,428100,83200,40100,36500,20800,35700,61300,31800,74876,146500,209200,439500,425070,6954919,3102376,0,0,0,0,0,
600036.SH,600036,20251209,95230000,429200,1500,64377,20414,0,,,12421491,534257604,432700,428300,431800,431800,429200,429300,429400,429500,429600,429700,429800,429900,430000,430100,900,14400,3600,5500,4100,12000,30400,4000,44400,2800,429100,429000,428900,428800,428700,428600,428500,428400,428300,428200,3100,86500,39600,35600,19800,35700,61400,31900,75376,150500,439500,425090,6954019,3118476,0,0,0,0,0,
600036.SH,600036,20251209,95233000,429200,5700,244651,20426,0,,,12427191,534502255,432700,428300,431800,431800,429200,429300,429400,429500,429600,429700,429800,429900,430000,430100,300,13700,3600,5500,4100,12000,30400,4000,44400,2800,429100,429000,428900,428800,428700,428600,428500,428400,428300,428200,3600,88900,39600,36400,20300,36000,63400,31900,75376,150500,439500,425110,6952819,3145376,0,0,0,0,0,
600036.SH,600036,20251209,95236000,429200,1900,81547,20430,0,,,12429091,534583802,432700,428300,431800,431800,429300,429400,429500,429600,429700,429800,429900,430000,430100,430200,13700,3600,5500,4100,12000,30400,4000,44400,4200,3700,429200,429100,429000,428900,428800,428700,428600,428500,428400,428300,1800,6900,89000,33600,37500,20800,36200,64400,31900,75476,439500,425110,6957419,3150176,0,0,0,0,0,
600036.SH,600036,20251209,95239000,429200,1000,42920,20435,0,,,12430091,534626722,432700,428300,431800,431800,429300,429400,429500,429600,429700,429800,429900,430000,430100,430200,14000,3600,5500,4100,12000,30400,4000,44400,4200,3700,429200,429100,429000,428900,428800,428700,428600,428500,428400,428300,35500,12800,91900,31600,36200,20800,36200,63500,31900,75476,439500,425170,6957819,3189576,0,0,0,0,0,
600036.SH,600036,20251209,95242000,429300,300,12879,20438,0,,,12430391,534639601,432700,428300,431800,431800,429300,429400,429500,429600,429700,429800,429900,430000,430100,430200,14100,3600,5500,4100,12000,30400,4000,44100,4200,3700,429200,429100,429000,428900,428800,428700,428600,428500,428400,428300,35500,61000,87700,31600,35200,20800,36200,63800,31900,75576,439500,425220,6958719,3232576,0,0,0,0,0,
600036.SH,600036,20251209,95245000,429300,21200,910063,20468,0,,,12451591,535549664,432700,428300,431800,431800,429400,429500,429600,429700,429800,429900,430000,430100,430200,430300,3700,5500,4100,12000,30400,4200,44100,4200,3700,7400,429300,429200,429100,429000,428900,428800,428700,428600,428500,428400,21700,33800,63700,87700,32000,34700,20800,36200,64400,31900,439570,425250,6955019,3257776,0,0,0,0,0,
600036.SH,600036,20251209,95248000,429500,18300,785995,20513,0,,,12469891,536335659,432700,428300,431800,431800,429700,429800,429900,430000,430100,430200,430300,430400,430500,430600,19700,30400,4800,44100,4200,3700,7400,22800,46400,12500,429500,429400,429300,429200,429100,429000,428900,428800,428700,428600,700,700,46500,33200,64500,87700,32100,34700,20800,32600,439550,425290,6969119,3293276,0,0,0,0,0,
600036.SH,600036,20251209,95251000,429500,17100,734597,20592,0,,,12486991,537070256,432700,428300,431800,431800,429600,429700,429800,429900,430000,430100,430200,430300,430400,430500,900,25600,30000,4800,43700,4200,3700,7400,22800,46400,429500,429400,429300,429200,429100,429000,428900,428800,428700,428600,2400,2500,52700,31400,58900,86500,32100,33700,20800,34500,439540,425290,6977119,3296676,0,0,0,0,0,
600036.SH,600036,20251209,95254000,429600,19400,833237,20634,0,,,12506391,537903493,432700,428300,431800,431800,429700,429800,429900,430000,430100,430200,430300,430400,430500,430600,24000,31200,4800,44000,4200,3700,7400,22800,46400,12500,429500,429400,429300,429200,429100,429000,428900,428800,428700,428600,5900,500,55700,29900,58600,85100,32100,33500,21500,34500,439550,425300,6976219,3304576,0,0,0,0,0,
600036.SH,600036,20251209,95257000,429800,57200,2458160,20770,0,,,12563591,540361653,432700,428300,431800,431800,429800,429900,430000,430100,430200,430300,430400,430500,430600,430700,500,4800,43000,4200,3700,7400,22800,46400,12500,1900,429700,429600,429500,429400,429300,429200,429100,429000,428900,428800,900,2600,7300,1200,58100,30500,58800,84900,31100,31100,439630,425270,6919019,3275376,0,0,0,0,0,
600036.SH,600036,20251209,95300000,430000,6900,296631,20786,0,,,12570491,540658284,432700,428300,431800,431800,430000,430100,430200,430300,430400,430500,430600,430700,430800,430900,42000,4300,3700,7400,22800,46400,12500,1900,4900,22600,429800,429700,429600,429500,429400,429300,429200,429100,429000,428900,200,10200,2000,13500,2000,53600,30500,58700,84900,26600,439640,425280,6912219,3285276,0,0,0,0,0,
600036.SH,600036,20251209,95303000,430000,5200,223518,20799,0,,,12575691,540881802,432700,428300,431800,431800,430000,430100,430200,430300,430400,430500,430600,430700,430800,430900,42600,4800,3700,7400,22800,46400,12500,1900,4900,22600,429800,429700,429600,429500,429400,429300,429200,429100,429000,428900,6100,8800,1500,13500,1100,48600,30500,56400,84600,26400,439630,425280,6915319,3281076,0,0,0,0,0,
600036.SH,600036,20251209,95306000,430000,4000,171996,20819,0,,,12579691,541053798,432700,428300,431800,431800,430000,430100,430200,430300,430400,430500,430600,430700,430800,430900,40600,4800,4700,7400,22800,46400,12500,1900,4900,22600,429900,429800,429700,429600,429500,429400,429300,429200,429100,429000,100,8400,4400,1900,14000,200,48200,30500,56400,85800,439630,425270,6916719,3278376,0,0,0,0,0,
600036.SH,600036,20251209,95309000,429800,53400,2296000,20876,0,,,12633091,543349798,432700,428300,431800,431800,430000,430100,430200,430300,430400,430500,430600,430700,430800,430900,700,4900,4700,7400,22800,46500,12500,1900,6300,22600,429800,429700,429600,429500,429400,429300,429200,429100,429000,428900,2100,7400,1600,14000,200,47400,30300,53400,85800,26100,439690,425260,6878919,3267976,0,0,0,0,0,
600036.SH,600036,20251209,95312000,430000,13500,580408,20890,0,,,12646591,543930206,432700,428300,431800,431800,429900,430000,430100,430200,430300,430400,430500,430600,430700,430800,4000,2700,11100,4700,7400,22800,46500,12500,1900,6300,429700,429600,429500,429400,429300,429200,429100,429000,428900,428800,3900,1600,14600,200,46400,30200,52900,84900,26100,32200,439670,425250,6889519,3256276,0,0,0,0,0,
600036.SH,600036,20251209,95315000,429900,4300,184856,20896,0,,,12650891,544115062,432700,428300,431800,431800,430000,430100,430200,430300,430400,430500,430600,430700,430800,430900,3600,6300,4700,7400,22800,46500,12500,1900,6300,22600,429800,429700,429600,429500,429400,429300,429200,429100,429000,428900,700,3900,1600,14700,200,46400,30300,52900,84400,21100,439680,425240,6882019,3250476,0,0,0,0,0,
600036.SH,600036,20251209,95318000,429900,7300,313756,20914,0,,,12658191,544428818,432700,428300,431800,431800,430000,430100,430200,430300,430400,430500,430600,430700,430800,430900,700,6200,4700,7400,22800,46500,12500,1900,6300,22600,429900,429800,429700,429600,429500,429400,429300,429200,429100,429000,300,500,1500,1700,14700,200,46400,30300,52900,84100,439690,425240,6869519,3249476,0,0,0,0,0,
600036.SH,600036,20251209,95321000,429900,1900,81685,20924,0,,,12660091,544510503,432700,428300,431800,431800,429900,430000,430100,430200,430300,430400,430500,430600,430700,430800,200,3700,6200,4700,7400,22800,46500,12500,1900,6300,429800,429700,429600,429500,429400,429300,429200,429100,429000,428900,1300,2300,2200,15700,3400,45800,30100,2900,75400,21100,439690,425180,6867619,3200176,0,0,0,0,0,
600036.SH,600036,20251209,95324000,429900,2900,124662,20941,0,,,12662991,544635165,432700,428300,431800,431800,429900,430000,430100,430200,430300,430400,430500,430600,430700,430800,500,7100,6200,4800,7400,22800,46500,12500,1900,6300,429800,429700,429600,429500,429400,429300,429200,429100,429000,428900,1600,4700,2200,15700,3400,45800,30200,2900,75400,20600,439680,425190,6872019,3215576,0,0,0,0,0,
600036.SH,600036,20251209,95327000,429900,2800,120370,20952,0,,,12665791,544755535,432700,428300,431800,431800,430000,430100,430200,430300,430400,430500,430600,430700,430800,430900,6700,6300,4700,7400,22800,46600,12500,1900,6300,22600,429800,429700,429600,429500,429400,429300,429200,429100,429000,428900,2400,4800,2200,15200,3400,45800,30200,2900,75500,20600,439690,425190,6870919,3215676,0,0,0,0,0,
600036.SH,600036,20251209,95330000,429900,2000,85981,20958,0,,,12667791,544841516,432700,428300,431800,431800,429900,430000,430100,430200,430300,430400,430500,430600,430700,430800,1100,5700,6400,4700,7400,22800,46600,12500,1900,6300,429800,429700,429600,429500,429400,429300,429200,429100,429000,428900,2800,4800,2700,15400,3400,45900,30100,2900,76300,20600,439680,425200,6872119,3223076,0,0,0,0,0,
600036.SH,600036,20251209,95333000,429800,12600,541700,20985,0,,,12680391,545383216,432700,428300,431800,431800,429900,430000,430100,430200,430300,430400,430500,430600,430700,430800,100,5300,6800,4700,7400,22800,46600,12500,1900,6300,429800,429700,429600,429500,429400,429300,429200,429100,429000,428900,2200,4800,4200,15500,3400,45900,30100,2900,76900,20600,439680,425200,6876619,3226676,0,0,0,0,0,
600036.SH,600036,20251209,95336000,429900,6700,288032,21007,0,,,12687091,545671248,432700,428300,431800,431800,430000,430100,430200,430300,430400,430500,430600,430700,430800,430900,5300,6800,4700,7400,22800,48600,13100,1900,6300,22600,429900,429800,429700,429600,429500,429400,429300,429200,429100,429000,400,7900,5600,4300,14500,3400,45900,30100,2900,76900,439680,425210,6879219,3232976,0,0,0,0,0,
600036.SH,600036,20251209,95339000,429800,2000,85974,21015,0,,,12689091,545757222,432700,428300,431800,431800,429900,430000,430100,430200,430300,430400,430500,430600,430700,430800,1500,5500,6800,4700,18100,22800,48600,13100,1900,6300,429800,429700,429600,429500,429400,429300,429200,429100,429000,428900,7400,5800,4400,14500,3400,45900,30100,2300,77000,20600,439660,425210,6893919,3235776,0,0,0,0,0,
600036.SH,600036,20251209,95342000,429900,1500,64485,21020,0,,,12690591,545821707,432700,428300,431800,431800,430000,430100,430200,430300,430400,430500,430600,430700,430800,430900,5100,7100,4700,18100,22800,48600,13100,1900,6300,24000,429900,429800,429700,429600,429500,429400,429300,429200,429100,429000,1300,18400,5800,4400,14500,3400,46000,30100,2300,77200,439660,425230,6895119,3249576,0,0,0,0,0,
600036.SH,600036,20251209,95345000,430000,7300,313909,21039,0,,,12697891,546135616,432700,428300,431800,431800,430100,430200,430300,430400,430500,430600,430700,430800,430900,431000,3500,4700,18100,22800,48600,13100,1900,6300,24000,18400,430000,429900,429800,429700,429600,429500,429400,429300,429200,429100,44000,4900,19100,5500,3400,15600,3900,45900,30100,12300,439670,425310,6887519,3308176,0,0,0,0,0,
600036.SH,600036,20251209,95348000,430000,400,17201,21042,0,,,12698291,546152817,432700,428300,431800,431800,430100,430200,430300,430400,430500,430600,430700,430800,430900,431000,3400,4700,18300,22800,48600,13100,1900,6300,24000,18400,430000,429900,429800,429700,429600,429500,429400,429300,429200,429100,44800,6600,19500,5000,3400,15900,3900,45900,30000,12300,439670,425320,6889019,3313276,0,0,0,0,0,
600036.SH,600036,20251209,95351000,430100,2400,103222,21050,0,,,12700691,546256039,432700,428300,431800,431800,430100,430200,430300,430400,430500,430600,430700,430800,430900,431000,8900,4700,18400,22800,48600,13100,1900,6300,24000,18400,430000,429900,429800,429700,429600,429500,429400,429300,429200,429100,44800,12100,10700,6100,3400,16400,3900,45900,30000,12300,439660,425310,6897519,3312676,0,0,0,0,0,
600036.SH,600036,20251209,95354000,430000,3400,146205,21059,0,,,12704091,546402244,432700,428300,431800,431800,430100,430200,430300,430400,430500,430600,430700,430800,430900,431000,8900,9100,18300,22800,49400,13100,1900,5300,24000,18400,430000,429900,429800,429700,429600,429500,429400,429300,429200,429100,42400,12500,10600,6100,3400,16400,3900,46400,30000,12300,439650,425310,6902919,3311476,0,0,0,0,0,
600036.SH,600036,20251209,95357000,430000,50800,2184471,21141,0,,,12754891,548586715,432700,428300,431800,431800,430000,430100,430200,430300,430400,430500,430600,430700,430800,430900,1400,2000,9400,18300,22800,6300,13100,1900,5300,24000,429900,429800,429700,429600,429500,429400,429300,429200,429100,429000,12500,11100,7100,3700,16400,3900,46400,30000,12400,77000,439710,425270,6861519,3293076,0,0,0,0,0,
600036.SH,600036,20251209,95400000,430000,7700,331153,21166,0,,,12762591,548917868,432700,428300,431800,431800,430000,430100,430200,430300,430400,430500,430600,430700,430800,430900,900,600,13000,18300,22800,6300,13100,1900,5300,24800,429900,429800,429700,429600,429500,429400,429300,429200,429100,429000,12000,11500,7100,3700,16400,3900,47300,29900,12400,77300,439700,425270,6866719,3297776,0,0,0,0,0,
600036.SH,600036,20251209,95403000,430000,4100,176282,21181,0,,,12766691,549094150,432700,428300,431800,431800,430000,430100,430200,430300,430400,430500,430600,430700,430800,430900,1700,500,13000,18300,22800,6600,13100,1900,5300,24800,429900,429800,429700,429600,429500,429400,429300,429200,429100,429000,5300,11400,7100,4700,16400,3900,47300,29900,12400,72400,439700,425260,6868819,3290376,0,0,0,0,0,
600036.SH,600036,20251209,95406000,430000,10300,442823,21213,0,,,12776991,549536973,432700,428300,431800,431800,430000,430100,430200,430300,430400,430500,430600,430700,430800,430900,5400,1100,12300,18300,22800,6600,13100,1900,5300,24800,429900,429800,429700,429600,429500,429400,429300,429200,429100,429000,700,11100,5900,4700,16400,3900,47700,30700,13400,72400,439700,425250,6877619,3285276,0,0,0,0,0,
600036.SH,600036,20251209,95409000,430000,1700,73099,21225,0,,,12778691,549610072,432700,428300,431800,431800,430000,430100,430200,430300,430400,430500,430600,430700,430800,430900,4300,1500,12300,18300,22800,6600,13100,1900,5300,24800,429900,429800,429700,429600,429500,429400,429300,429200,429100,429000,1200,11100,5900,4700,16400,3900,47700,30700,14400,72600,439700,425260,6876619,3289876,0,0,0,0,0,
600036.SH,600036,20251209,95412000,430200,7400,318227,21245,0,,,12786091,549928299,432700,428300,431800,431800,430100,430200,430300,430400,430500,430600,430700,430800,430900,431000,900,16300,19900,22800,6600,13100,1900,5300,24800,18400,429900,429800,429700,429600,429500,429400,429300,429200,429100,429000,3700,10200,5900,4700,16800,4400,48500,30700,14400,72600,439700,425260,6878619,3303476,0,0,0,0,0,
600036.SH,600036,20251209,95415000,430000,1500,64495,21255,0,,,12787591,549992794,432700,428300,431800,431800,430000,430100,430200,430300,430400,430500,430600,430700,430800,430900,500,1000,16300,19900,22800,6600,13100,1900,5300,24800,429900,429800,429700,429600,429500,429400,429300,429200,429100,429000,3900,10200,5900,4700,16800,4400,48500,30700,14600,72600,439690,425280,6880619,3332176,0,0,0,0,0,
600036.SH,600036,20251209,95418000,430000,1500,64500,21261,0,,,12789091,550057294,432700,428300,431800,431800,430100,430200,430300,430400,430500,430600,430700,430800,430900,431000,2000,16400,20400,22800,6600,13100,1900,5300,24800,18400,430000,429900,429800,429700,429600,429500,429400,429300,429200,429100,14500,4100,10400,7700,5200,16400,3900,42700,29900,14600,439690,425300,6881719,3348776,0,0,0,0,0,
600036.SH,600036,20251209,95421000,430100,16600,713809,21274,0,,,12805691,550771103,432700,428300,431800,431800,430100,430200,430300,430400,430500,430600,430700,430800,430900,431000,6400,16600,20400,22800,6600,13100,1900,5300,24800,18400,430000,429900,429800,429700,429600,429500,429400,429300,429200,429100,300,3900,9400,10400,6400,16400,3900,42200,29800,14600,439680,425290,6888119,3337476,0,0,0,0,0,
600036.SH,600036,20251209,95424000,430000,10400,447268,21293,0,,,12816091,551218371,432700,428300,431800,431800,430000,430100,430200,430300,430400,430500,430600,430700,430800,430900,500,6900,12200,20400,22800,6600,12800,1900,5300,24800,429900,429800,429700,429600,429500,429400,429300,429200,429100,429000,53900,9900,10400,6400,16400,3900,42200,29800,14600,75000,439690,425370,6884619,3409676,0,0,0,0,0,
600036.SH,600036,20251209,95427000,430000,21600,928853,21336,0,,,12837691,552147224,432700,428300,431800,431800,430000,430200,430300,430400,430500,430600,430700,430800,430900,431000,6100,12200,20400,22800,6600,12800,1900,5300,24800,18400,429900,429800,429700,429600,429500,429400,429300,429200,429100,429000,53900,10400,10400,6400,16400,3900,42200,29900,14900,78800,439690,425370,6883319,3415576,0,0,0,0,0,
600036.SH,600036,20251209,95430000,430000,7800,335346,21352,0,,,12845491,552482570,432700,428300,431800,431800,430000,430200,430300,430400,430500,430600,430700,430800,430900,431000,4100,13100,20400,22800,6600,12800,1900,5300,24800,18400,429900,429800,429700,429600,429500,429400,429300,429200,429100,429000,49900,10400,10400,6400,16400,3900,42200,30000,14900,78700,439690,425370,6885819,3412776,0,0,0,0,0,
600036.SH,600036,20251209,95433000,430000,5700,245100,21372,0,,,12851191,552727670,432700,428300,431800,431800,430000,430100,430200,430300,430400,430500,430600,430700,430800,430900,3500,800,13100,20900,22800,6600,12800,1900,5300,24800,429900,429800,429700,429600,429500,429400,429300,429200,429100,429000,49900,10200,10400,6400,16100,3900,42200,30000,15600,78700,439690,425380,6888319,3433076,0,0,0,0,0,
600036.SH,600036,20251209,95436000,430000,4100,176299,21387,0,,,12855291,552903969,432700,428300,431800,431800,430100,430200,430300,430400,430500,430600,430700,430800,430900,431000,800,13100,20900,22800,6600,12800,1900,5300,24800,18400,430000,429900,429800,429700,429600,429500,429400,429300,429200,429100,8500,49800,10200,10400,6400,16100,3800,42200,30000,15600,439690,425400,6891119,3449476,0,0,0,0,0,
600036.SH,600036,20251209,95439000,430000,100,4300,21388,0,,,12855391,552908269,432700,428300,431800,431800,430100,430200,430300,430400,430500,430600,430700,430800,430900,431000,900,10500,20900,22800,6600,12800,1900,5300,24800,18400,430000,429900,429800,429700,429600,429500,429400,429300,429200,429100,66200,49800,10600,10400,5900,16100,3800,42200,30000,15600,439690,425480,6887519,3507776,0,0,0,0,0,
600036.SH,600036,20251209,95442000,430100,900,38709,21394,0,,,12856291,552946978,432700,428300,431800,431800,430100,430200,430300,430400,430500,430600,430700,430800,430900,431000,2200,10600,20900,23100,6600,12800,1900,5300,24800,18400,430000,429900,429800,429700,429600,429500,429400,429300,429200,429100,69100,49800,10300,10400,5900,16100,3800,12200,30000,15600,439690,425450,6889819,3483476,0,0,0,0,0,
600036.SH,600036,20251209,95445000,430100,6300,270944,21410,0,,,12862591,553217922,432700,428300,431800,431800,430100,430200,430300,430400,430500,430600,430700,430800,430900,431000,3600,10600,20900,23100,6700,12800,1900,5300,24800,18400,430000,429900,429800,429700,429600,429500,429400,429300,429200,429100,70400,49800,10400,10400,4700,16100,3800,12200,2100,15600,439690,425420,6891419,3458676,0,0,0,0,0,
600036.SH,600036,20251209,95448000,430000,2800,120402,21413,0,,,12865391,553338324,432700,428300,431800,431800,430100,430200,430300,430400,430500,430600,430700,430800,430900,431000,4600,11000,21800,23100,6700,12800,1900,5300,24800,18400,430000,429900,429800,429700,429600,429500,429400,429300,429200,429100,67800,49800,10200,10400,4700,16100,3800,12200,2200,15600,439690,425420,6896819,3458076,0,0,0,0,0,
600036.SH,600036,20251209,95451000,430100,1700,73104,21416,0,,,12867091,553411428,432700,428300,431800,431800,430100,430200,430300,430400,430500,430600,430700,430800,430900,431000,6000,11000,21800,23100,6700,12800,1900,5300,24800,18700,430000,429900,429800,429700,429600,429500,429400,429300,429200,429100,68300,49800,10200,10400,4700,16900,10600,12200,2200,15600,439680,425440,6897019,3481476,0,0,0,0,0,
600036.SH,600036,20251209,95454000,430100,10100,434362,21436,0,,,12877191,553845790,432700,428300,431800,431800,430200,430300,430400,430500,430600,430700,430800,430900,431000,431100,11000,21800,23100,6700,12800,1900,5300,24800,18700,7500,430100,430000,429900,429800,429700,429600,429500,429400,429300,429200,400,76000,49800,9700,10400,4700,16900,10600,12200,2200,439690,425460,6894519,3490876,0,0,0,0,0,
600036.SH,600036,20251209,95457000,430100,100,4301,21437,0,,,12877291,553850091,432700,428300,431800,431800,430200,430300,430400,430500,430600,430700,430800,430900,431000,431100,11000,21600,23100,7200,12800,1900,5300,24800,19700,7500,430100,430000,429900,429800,429700,429600,429500,429400,429300,429200,2800,75700,51200,9900,9100,4700,16900,10600,12200,2200,439690,425470,6898819,3503676,0,0,0,0,0,
600036.SH,600036,20251209,95500000,430100,1600,68816,21442,0,,,12878891,553918907,432700,428300,431800,431800,430200,430300,430400,430500,430600,430700,430800,430900,431000,431100,11000,22400,23100,7200,12800,1900,5300,24800,19700,7500,430100,430000,429900,429800,429700,429600,429500,429400,429300,429200,2300,76500,51200,9900,9300,4600,17100,10600,12200,2200,439680,425470,6903119,3508376,0,0,0,0,0,
600036.SH,600036,20251209,95503000,430100,5700,245131,21463,0,,,12884591,554164038,432700,428300,431800,431800,430100,430200,430300,430400,430500,430600,430700,430800,430900,431000,3500,12600,22400,23100,7200,12800,1900,5300,24800,19700,430000,429900,429800,429700,429600,429500,429400,429300,429200,429100,74200,51200,9900,9300,4600,17700,10600,12200,2300,15100,439660,425470,6921219,3507776,0,0,0,0,0,
600036.SH,600036,20251209,95506000,430100,4700,202132,21485,0,,,12889291,554366170,432700,428300,431800,431800,430100,430200,430300,430400,430500,430600,430700,430800,430900,431000,4600,13000,22400,23100,7500,12800,1900,5300,24800,19700,430000,429900,429800,429700,429600,429500,429400,429300,429200,429100,72800,51400,10000,9300,5100,17700,10600,12200,2300,15100,439650,425470,6931719,3508276,0,0,0,0,0,
600036.SH,600036,20251209,95509000,430100,3500,150528,21493,0,,,12892791,554516698,432700,428300,431800,431800,430100,430200,430300,430400,430500,430600,430700,430800,430900,431000,3100,13200,22400,23100,7500,12800,1900,5300,25100,19700,430000,429900,429800,429700,429600,429500,429400,429300,429200,429100,72700,49800,9600,10100,5100,17700,10600,12200,2300,16100,439650,425470,6936619,3505976,0,0,0,0,0,
600036.SH,600036,20251209,95512000,430100,27600,1186937,21527,0,,,12920391,555703635,432700,428300,431800,431800,430200,430300,430400,430500,430600,430700,430800,430900,431000,431100,10000,22400,23100,7500,12800,1900,5300,25100,19700,12500,430100,430000,429900,429800,429700,429600,429500,429400,429300,429200,200,54500,49800,10100,10100,5100,17700,10600,12200,2300,439650,425440,6936719,3493076,0,0,0,0,0,
600036.SH,600036,20251209,95515000,430100,5100,219370,21540,0,,,12925491,555923005,432700,428300,431800,431800,430200,430300,430400,430500,430600,430700,430800,430900,431000,431100,9700,22400,23100,7500,12800,1900,5300,25100,20200,12500,430100,430000,429900,429800,429700,429600,429500,429400,429300,429200,300,60300,49800,10100,10100,5100,11700,10600,12200,2300,439600,425450,6985919,3501076,0,0,0,0,0,
600036.SH,600036,20251209,95518000,430100,2600,111825,21552,0,,,12928091,556034830,432700,428300,431800,431800,430100,430200,430300,430400,430500,430600,430700,430800,430900,431000,1200,9300,22400,23100,7500,12800,1900,5100,25100,20200,430000,429900,429800,429700,429600,429500,429400,429300,429200,429100,60200,49800,10100,10100,5100,11700,10600,12200,2300,16100,439590,425450,6997319,3497376,0,0,0,0,0,
600036.SH,600036,20251209,95521000,430100,6900,296815,21576,0,,,12934991,556331645,432700,428300,431800,431800,430100,430200,430300,430400,430500,430600,430700,430800,430900,431000,4300,4500,22500,23100,7500,13600,1900,5200,25100,20200,430000,429900,429800,429700,429600,429500,429400,429300,429200,429100,60000,49900,10100,10100,9600,11700,10600,12200,2300,15600,439600,425450,6999019,3500876,0,0,0,0,0,
600036.SH,600036,20251209,95524000,430000,100,4300,21577,0,,,12935091,556335945,432700,428300,431800,431800,430100,430200,430300,430400,430500,430600,430700,430800,430900,431000,14900,4600,22500,23100,7500,13600,1900,5200,25100,21700,430000,429900,429800,429700,429600,429500,429400,429300,429200,429100,63600,49900,10100,10100,9600,11700,10600,12200,2200,15600,439580,425460,7013019,3509076,0,0,0,0,0,
600036.SH,600036,20251209,95527000,430000,300,12900,21579,0,,,12935391,556348845,432700,428300,431800,431800,430100,430200,430300,430400,430500,430600,430700,430800,430900,431000,15200,4600,22400,22900,7500,13600,1900,5200,30100,21700,430000,429900,429800,429700,429600,429500,429400,429300,429200,429100,61700,49900,10300,10100,9600,11700,10600,12200,2200,15600,439570,425460,7020119,3508376,0,0,0,0,0,
600036.SH,600036,20251209,95530000,430000,4400,189242,21621,0,,,12939791,556538087,432700,428300,431800,431800,430100,430200,430300,430400,430500,430600,430700,430800,430900,431000,13000,4600,22700,22900,7500,13600,1900,5200,30100,21700,430000,429900,429800,429700,429600,429500,429400,429300,429200,429100,62400,49900,10300,10100,9600,11700,10600,12200,2200,15600,439580,425460,7032419,3509676,0,0,0,0,0,
600036.SH,600036,20251209,95533000,430100,7500,322520,21629,0,,,12947291,556860607,432700,428300,431800,431800,430100,430200,430300,430400,430500,430600,430700,430800,430900,431000,13500,3800,22700,22900,7500,13600,1900,5200,30100,21700,430000,429900,429800,429700,429600,429500,429400,429300,429200,429100,57300,49900,10300,10100,9600,11700,10600,12200,1000,15600,439580,425450,7035919,3506576,0,0,0,0,0,
600036.SH,600036,20251209,95536000,430000,5100,219324,21634,0,,,12952391,557079931,432700,428300,431800,431800,430100,430200,430300,430400,430500,430600,430700,430800,430900,431000,11200,4000,22700,22900,7500,13600,1900,5200,30100,21700,430000,429900,429800,429700,429600,429500,429400,429300,429200,429100,55000,50900,10400,10100,9600,13900,10600,12200,1000,15600,439580,425450,7041719,3507576,0,0,0,0,0,
600036.SH,600036,20251209,95539000,430100,2400,103206,21636,0,,,12954791,557183137,432700,428300,431800,431800,430100,430200,430300,430400,430500,430600,430700,430800,430900,431000,12600,4000,22700,21600,7500,13600,1900,5200,30100,21700,430000,429900,429800,429700,429600,429500,429400,429300,429200,429100,74300,50900,10400,10100,9600,13900,10600,12200,2000,15600,439570,425480,7042019,3530676,0,0,0,0,0,
600036.SH,600036,20251209,95542000,430100,6200,266649,21639,0,,,12960991,557449786,432700,428300,431800,431800,430100,430200,430300,430400,430500,430600,430700,430800,430900,431000,8500,4000,22700,21600,7500,13600,1900,5200,30100,21700,430000,429900,429800,429700,429600,429500,429400,429300,429200,429100,73200,50900,10100,10100,9600,13900,10600,12200,2000,19900,439580,425490,7046919,3534876,0,0,0,0,0,
600036.SH,600036,20251209,95545000,430000,900,38708,21646,0,,,12961891,557488494,432700,428300,431800,431800,430100,430200,430300,430400,430500,430600,430700,430800,430900,431000,8300,4000,22700,21600,7500,13600,1900,5200,30100,21700,430000,429900,429800,429700,429600,429500,429400,429300,429200,429100,72900,50900,11500,10100,9600,13900,10600,12200,2000,19900,439570,425490,7049619,3537576,0,0,0,0,0,
600036.SH,600036,20251209,95548000,430000,1700,73104,21650,0,,,12963591,557561598,432700,428300,431800,431800,430100,430200,430300,430400,430500,430600,430700,430800,430900,431000,8500,4900,22700,21600,7500,13600,1900,5200,30100,21700,430000,429900,429800,429700,429600,429500,429400,429300,429200,429100,71100,51200,11500,10100,9600,13900,10600,12200,2000,19900,439570,425490,7059319,3537076,0,0,0,0,0,
600036.SH,600036,20251209,95551000,430000,4800,206431,21658,0,,,12968391,557768029,432700,428300,431800,431800,430100,430200,430300,430400,430500,430600,430700,430800,430900,431000,6900,4900,22700,21600,7500,13600,1900,5200,30100,21700,430000,429900,429800,429700,429600,429500,429400,429300,429200,429100,71600,51400,11600,10100,9600,13900,10600,12200,2000,19900,439570,425490,7058619,3543276,0,0,0,0,0,
600036.SH,600036,20251209,95554000,430100,4100,176320,21668,0,,,12972491,557944349,432700,428300,431800,431800,430100,430200,430300,430400,430500,430600,430700,430800,430900,431000,4900,5000,22700,21600,7500,13700,1900,5200,30100,21700,430000,429900,429800,429700,429600,429500,429400,429300,429200,429100,69600,51400,11600,10100,9600,13900,10600,12000,2000,19900,439570,425490,7052719,3549076,0,0,0,0,0,
600036.SH,600036,20251209,95557000,430100,4400,189209,21674,0,,,12976891,558133558,432700,428300,431800,431800,430100,430200,430300,430400,430500,430600,430700,430800,430900,431000,4300,4900,22800,21600,7500,14700,1900,5200,30100,21700,430000,429900,429800,429700,429600,429500,429400,429300,429200,429100,66300,51400,11600,10600,9600,13900,10600,12000,2000,19900,439570,425440,7053019,3495776,0,0,0,0,0,
600036.SH,600036,20251209,95600000,430100,5800,249458,21693,0,,,12982691,558383016,432700,428300,431800,431800,430200,430300,430400,430500,430600,430700,430800,430900,431000,431100,5400,21900,21600,7500,14700,1900,5200,30100,21700,12500,430100,430000,429900,429800,429700,429600,429500,429400,429300,429200,6400,67400,52300,11600,9700,9600,14100,10600,12000,2000,439570,425450,7049319,3511876,0,0,0,0,0,
600036.SH,600036,20251209,95603000,430100,8400,361284,21708,0,,,12991091,558744300,432700,428300,431800,431800,430200,430300,430400,430500,430600,430700,430800,430900,431000,431100,7500,23100,21600,7500,14700,2200,5200,30100,21700,12500,430100,430000,429900,429800,429700,429600,429500,429400,429300,429200,1300,62500,52300,11600,9700,9600,14100,10600,12000,2000,439570,425450,7056319,3507176,0,0,0,0,0,
600036.SH,600036,20251209,95606000,430200,4600,197861,21726,0,,,12995691,558942161,432700,428300,431800,431800,430200,430300,430400,430500,430600,430700,430800,430900,431000,431100,6100,23800,21600,7000,14700,2200,5200,30100,21700,12500,430000,429900,429800,429700,429600,429500,429400,429300,429200,429100,62500,52300,12600,9700,9600,14100,10600,12000,2000,19900,439570,425450,7055319,3508676,0,0,0,0,0,
600036.SH,600036,20251209,95609000,430200,5100,219349,21740,0,,,13000791,559161510,432700,428300,431800,431800,430200,430300,430400,430500,430600,430700,430800,430900,431000,431100,6100,23900,21600,7000,14700,2200,5200,30100,21700,12500,430100,430000,429900,429800,429700,429600,429500,429400,429300,429200,100,62800,52300,12600,9700,9600,14100,10600,12000,2000,439570,425450,7055719,3509276,0,0,0,0,0,
600036.SH,600036,20251209,95612000,430100,7800,335466,21757,0,,,13008591,559496976,432700,428300,431800,431800,430100,430200,430300,430400,430500,430600,430700,430800,430900,431000,12600,6900,23800,22200,7000,14700,2200,5200,30100,21700,430000,429900,429800,429700,429600,429500,429400,429300,429200,429100,58900,52300,12500,10100,9600,14100,10600,12000,2000,20100,439550,425440,7069719,3508276,0,0,0,0,0,
600036.SH,600036,20251209,95615000,430100,8200,352675,21769,0,,,13016791,559849651,432700,428300,431800,431800,430100,430200,430300,430400,430500,430600,430700,430800,430900,431000,8300,12200,24400,22200,7000,14700,1900,5200,30100,21700,430000,429900,429800,429700,429600,429500,429400,429300,429200,429100,58500,52300,13900,10100,9600,14100,10600,12000,2000,20100,439550,425440,7072119,3508776,0,0,0,0,0,
600036.SH,600036,20251209,95618000,430100,45900,1973716,21814,0,,,13062691,561823367,432700,428300,431800,431800,430100,430200,430300,430400,430500,430600,430700,430800,430900,431000,6900,11500,23700,22200,7000,14700,1900,5200,30100,21700,430000,429900,429800,429700,429600,429500,429400,429300,429200,429100,17500,52300,13900,10100,9600,14100,10600,12000,2000,20100,439550,425380,7071119,3467476,0,0,0,0,0,
600036.SH,600036,20251209,95621000,430100,9000,387027,21825,0,,,13071691,562210394,432700,428300,431800,431800,430100,430200,430300,430400,430500,430600,430700,430800,430900,431000,5400,10500,23700,22200,8000,14700,1900,5200,30100,21700,430000,429900,429800,429700,429600,429500,429400,429300,429200,429100,11400,52300,13900,10100,9600,14100,10600,12000,2000,20100,439550,425370,7075319,3461476,0,0,0,0,0,
600036.SH,600036,20251209,95624000,429900,17200,739623,21863,0,,,13088891,562950017,432700,428300,431800,431800,430100,430200,430300,430400,430500,430600,430700,430800,430900,431000,6900,10500,23700,22200,8000,14700,1900,5200,30100,22000,429900,429800,429700,429600,429500,429400,429300,429200,429100,429000,50600,13900,10100,9600,14100,10600,12000,2000,20100,58500,439550,425360,7079419,3452476,0,0,0,0,0,
600036.SH,600036,20251209,95627000,430100,10400,447114,21875,0,,,13099291,563397131,432700,428300,431800,431800,430100,430200,430300,430400,430500,430600,430700,430800,430900,431000,5900,10100,23700,21600,7900,16700,1900,5200,31100,22000,430000,429900,429800,429700,429600,429500,429400,429300,429200,429100,5900,41600,14100,10600,9600,14100,10600,12000,2000,20100,439550,425360,7081819,3449376,0,0,0,0,0,
600036.SH,600036,20251209,95630000,430000,5000,215001,21886,0,,,13104291,563612132,432700,428300,431800,431800,430100,430200,430300,430400,430500,430600,430700,430800,430900,431000,1200,10600,24700,21600,7900,16700,1900,5200,31100,22000,430000,429900,429800,429700,429600,429500,429400,429300,429200,429100,1600,41600,14000,10600,9600,14100,10600,12000,2000,20100,439550,425350,7084619,3443976,0,0,0,0,0,
600036.SH,600036,20251209,95633000,430000,2900,124704,21896,0,,,13107191,563736836,432700,428300,431800,431800,430000,430100,430200,430300,430400,430500,430600,430700,430800,430900,3200,1700,11600,24700,21600,7900,16700,4900,5200,31100,429900,429800,429700,429600,429500,429400,429300,429200,429100,429000,41600,14200,10600,9600,14400,10600,12000,2000,20100,57600,439530,425340,7095819,3438976,0,0,0,0,0,
600036.SH,600036,20251209,95636000,430000,4600,197800,21903,0,,,13111791,563934636,432700,428300,431800,431800,430100,430200,430300,430400,430500,430600,430700,430800,430900,431000,1700,11600,24700,21600,7900,16700,4900,5200,31100,24000,429900,429800,429700,429600,429500,429400,429300,429200,429100,429000,42800,14200,10600,9600,14400,10600,12000,2000,20100,57600,439540,425350,7092619,3448776,0,0,0,0,0,
600036.SH,600036,20251209,95639000,430100,1400,60209,21911,0,,,13113191,563994845,432700,428300,431800,431800,430100,430200,430300,430400,430500,430600,430700,430800,430900,431000,2700,11600,25000,21600,7900,16700,4900,5200,31100,24000,430000,429900,429800,429700,429600,429500,429400,429300,429200,429100,1600,43100,12900,10600,9700,14400,10600,12000,2000,20100,439530,425350,7104919,3448276,0,0,0,0,0,
600036.SH,600036,20251209,95642000,430000,100,4300,21912,0,,,13113291,563999145,432700,428300,431800,431800,430100,430200,430300,430400,430500,430600,430700,430800,430900,431000,5500,11600,24700,21600,7900,16700,4900,5200,31100,25000,430000,429900,429800,429700,429600,429500,429400,429300,429200,429100,1600,43200,13000,10600,9700,15900,10600,12000,2000,20100,439530,425360,7108519,3451276,0,0,0,0,0,
600036.SH,600036,20251209,95645000,430100,7200,309655,21929,0,,,13120491,564308800,432700,428300,431800,431800,430100,430200,430300,430400,430500,430600,430700,430800,430900,431000,100,11600,24700,21600,7900,16700,4900,5200,31100,25000,430000,429900,429800,429700,429600,429500,429400,429300,429200,429100,100,43200,13000,11100,9700,15900,10600,12000,2000,20500,439540,425360,7102519,3454576,0,0,0,0,0,
600036.SH,600036,20251209,95648000,430000,500,21500,21934,0,,,13120991,564330300,432700,428300,431800,431800,430100,430200,430300,430400,430500,430600,430700,430800,430900,431000,400,14000,24700,21600,7900,16700,4900,7200,31100,25000,429900,429800,429700,429600,429500,429400,429300,429200,429100,429000,42000,13000,11100,9700,15600,10600,12000,2000,20500,53900,439530,425360,7108019,3452976,0,0,0,0,0,
600036.SH,600036,20251209,95651000,430100,13100,563305,21945,0,,,13134091,564893605,432700,428300,431800,431800,430100,430200,430300,430400,430500,430600,430700,430800,430900,431000,1100,14000,25000,21600,7900,16700,4900,7200,31100,25000,429900,429800,429700,429600,429500,429400,429300,429200,429100,429000,43100,13000,11100,9700,15600,10800,12000,2000,20500,53900,439540,425360,7112319,3456476,0,0,0,0,0,
600036.SH,600036,20251209,95654000,429900,300,12899,21948,0,,,13134391,564906504,432700,428300,431800,431800,430000,430100,430200,430300,430400,430500,430600,430700,430800,430900,100,1100,14000,25000,21600,7900,16700,4900,7200,31100,429900,429800,429700,429600,429500,429400,429300,429200,429100,429000,43800,13000,11100,9700,20600,10800,12000,2000,20500,54200,439540,425370,7113019,3464376,0,0,0,0,0,
600036.SH,600036,20251209,95657000,430000,1900,81712,21959,0,,,13136291,564988216,432700,428300,431800,431800,430200,430300,430400,430500,430600,430700,430800,430900,431000,431100,13900,25000,21600,7900,16700,4900,7200,34100,25000,12500,430000,429900,429800,429700,429600,429500,429400,429300,429200,429100,50100,43800,13000,11100,9700,19600,10800,12000,2000,20500,439530,425430,7114719,3515776,0,0,0,0,0,
600036.SH,600036,20251209,95700000,430200,3800,163448,21983,0,,,13140091,565151664,432700,428300,431800,431800,430200,430300,430400,430500,430600,430700,430800,430900,431000,431100,11500,25000,21600,8400,16700,4900,7200,34100,25000,12500,430100,430000,429900,429800,429700,429600,429500,429400,429300,429200,3900,50200,43600,13000,11100,9700,19600,10800,12000,2000,439560,425440,7116319,3520576,0,0,0,0,0,
600036.SH,600036,20251209,95703000,430300,17700,761458,22010,0,,,13157791,565913122,432700,428300,431800,431800,430300,430400,430500,430600,430700,430800,430900,431000,431100,431200,22000,21600,8500,16700,4900,7200,34100,25000,12500,11000,430200,430100,430000,429900,429800,429700,429600,429500,429400,429300,4900,4700,50300,42400,13000,11100,9700,19600,10800,12000,439580,425450,7102919,3524376,0,0,0,0,0,
600036.SH,600036,20251209,95706000,430300,6200,266744,22020,0,,,13163991,566179866,432700,428300,431800,431800,430300,430400,430500,430600,430700,430800,430900,431000,431100,431200,20900,21600,8500,16700,4900,7200,34100,25000,12500,11000,430200,430100,430000,429900,429800,429700,429600,429500,429400,429300,1500,5900,52000,42500,13200,8800,9700,19600,8800,12000,439580,425440,7103519,3519876,0,0,0,0,0,
600036.SH,600036,20251209,95709000,430200,3600,154895,22027,0,,,13167591,566334761,432700,428300,431800,431800,430300,430400,430500,430600,430700,430800,430900,431000,431100,431200,19400,23300,8500,16700,4900,7200,34100,25000,12500,11000,430200,430100,430000,429900,429800,429700,429600,429500,429400,429300,6900,8400,52000,42700,14200,8800,9700,19600,8800,12000,439580,425450,7104419,3528876,0,0,0,0,0,
600036.SH,600036,20251209,95712000,430200,9100,391455,22045,0,,,13176691,566726216,432700,428300,431800,431800,430200,430300,430400,430500,430600,430700,430800,430900,431000,431100,1200,27100,23300,8500,16700,4900,7200,34100,25000,12500,430100,430000,429900,429800,429700,429600,429500,429400,429300,429200,5700,52000,42700,15200,8800,9700,19600,9000,12000,2000,439560,425440,7114519,3522176,0,0,0,0,0,
600036.SH,600036,20251209,95715000,430200,9600,413064,22063,0,,,13186291,567139280,432700,428300,431800,431800,430200,430300,430400,430500,430600,430700,430800,430900,431000,431100,800,20600,23300,6500,16700,4900,7200,34100,25000,12500,430100,430000,429900,429800,429700,429600,429500,429400,429300,429200,7300,52000,42700,15200,8800,9700,19600,9000,12000,2000,439580,425440,7106219,3523176,0,0,0,0,0,
600036.SH,600036,20251209,95718000,430200,700,30109,22067,0,,,13186991,567169389,432700,428300,431800,431800,430200,430300,430400,430500,430600,430700,430800,430900,431000,431100,900,20600,23300,6500,16700,4900,7200,34100,25000,12500,430100,430000,429900,429800,429700,429600,429500,429400,429300,429200,6800,52000,43200,16600,8800,9700,19600,9000,12000,2000,439580,425450,7106619,3526076,0,0,0,0,0,
600036.SH,600036,20251209,95721000,430200,4200,180684,22074,0,,,13191191,567350073,432700,428300,431800,431800,430300,430400,430500,430600,430700,430800,430900,431000,431100,431200,20700,23300,6500,16700,4900,7200,34100,25000,12500,11000,430200,430100,430000,429900,429800,429700,429600,429500,429400,429300,300,7200,52400,43200,16600,8800,9700,19600,9000,12000,439580,425450,7109419,3526676,0,0,0,0,0,
600036.SH,600036,20251209,95724000,430300,6500,279670,22088,0,,,13197691,567629743,432700,428300,431800,431800,430200,430300,430400,430500,430600,430700,430800,430900,431000,431100,100,16700,23300,6500,16700,5500,7200,34100,25000,12500,430100,430000,429900,429800,429700,429600,429500,429400,429300,429200,7200,52900,42900,16900,8800,9700,19600,9000,12000,2000,439580,425450,7106319,3528476,0,0,0,0,0,
600036.SH,600036,20251209,95727000,430300,200,8605,22090,0,,,13197891,567638348,432700,428300,431800,431800,430300,430400,430500,430600,430700,430800,430900,431000,431100,431200,16600,23300,6500,16700,5500,7700,34100,25000,12500,11000,430200,430100,430000,429900,429800,429700,429600,429500,429400,429300,200,7500,51100,42600,17900,9700,9700,20200,9000,13000,439580,425450,7107719,3531076,0,0,0,0,0,
600036.SH,600036,20251209,95730000,430200,2200,94634,22096,0,,,13200091,567732982,432700,428300,431800,431800,430200,430300,430400,430500,430600,430700,430800,430900,431000,431100,1800,18000,23300,6500,16700,5500,7700,34100,29000,12500,430100,430000,429900,429800,429700,429600,429500,429400,429300,429200,6700,53100,42600,17900,9700,9700,20500,8900,13000,2000,439570,425450,7115519,3531676,0,0,0,0,0,
600036.SH,600036,20251209,95733000,430200,600,25812,22097,0,,,13200691,567758794,432700,428300,431800,431800,430200,430300,430400,430500,430600,430700,430800,430900,431000,431100,8000,16800,23300,6500,16700,5500,7200,34100,29000,12500,430100,430000,429900,429800,429700,429600,429500,429400,429300,429200,6800,53300,43500,17900,8800,9800,20300,8900,13000,2000,439560,425450,7120319,3531376,0,0,0,0,0,
600036.SH,600036,20251209,95736000,430200,17200,739758,22129,0,,,13217891,568498552,432700,428300,431800,431800,430200,430300,430400,430500,430600,430700,430800,430900,431000,431100,8300,14600,23300,12100,16700,5500,7200,34100,28600,12500,430000,429900,429800,429700,429600,429500,429400,429300,429200,429100,49000,43500,17900,8800,9800,20300,8900,13000,2100,20100,439560,425440,7125319,3520776,0,0,0,0,0,
600036.SH,600036,20251209,95739000,430000,200,8600,22130,0,,,13218091,568507152,432700,428300,431800,431800,430100,430200,430300,430400,430500,430600,430700,430800,430900,431000,3200,4600,15500,23600,12100,16700,5500,7200,34200,28600,430000,429900,429800,429700,429600,429500,429400,429300,429200,429100,51000,43500,17900,8800,9800,20300,8900,13000,2100,20100,439550,425440,7131619,3522976,0,0,0,0,0,
600036.SH,600036,20251209,95742000,430100,5500,236521,22144,0,,,13223591,568743673,432700,428300,431800,431800,430100,430200,430300,430400,430500,430600,430700,430800,430900,431000,2300,2400,14500,23600,11500,16700,5500,7200,36200,28300,430000,429900,429800,429700,429600,429500,429400,429300,429200,429100,53000,43500,17900,8800,9800,20300,8900,13000,2000,20100,439560,425440,7128119,3525376,0,0,0,0,0,
600036.SH,600036,20251209,95745000,430100,6500,279551,22168,0,,,13230091,569023224,432700,428300,431800,431800,430200,430300,430400,430500,430600,430700,430800,430900,431000,431100,3900,15300,23300,11500,16700,5500,7200,36200,28300,12500,430100,430000,429900,429800,429700,429600,429500,429400,429300,429200,24800,51400,43500,17900,8800,9600,20300,8900,13000,2000,439560,425460,7128319,3536376,0,0,0,0,0,
600036.SH,600036,20251209,95748000,430100,4200,180673,22180,0,,,13234291,569203897,432700,428300,431800,431800,430200,430300,430400,430500,430600,430700,430800,430900,431000,431100,2700,15300,23300,11500,16700,5500,7200,36200,24300,12500,430100,430000,429900,429800,429700,429600,429500,429400,429300,429200,24300,52600,43500,18100,8800,9800,20300,8900,13000,2000,439560,425460,7123219,3537776,0,0,0,0,0,
600036.SH,600036,20251209,95751000,430100,6700,288169,22189,0,,,13240991,569492066,432700,428300,431800,431800,430200,430300,430400,430500,430600,430700,430800,430900,431000,431100,9800,15400,23300,11500,16700,5500,7200,39000,24300,11900,430100,430000,429900,429800,429700,429600,429500,429400,429300,429200,18900,52800,43500,18100,8800,9800,20800,8900,13000,2000,439550,425450,7133319,3532376,0,0,0,0,0,
600036.SH,600036,20251209,95754000,430100,22100,950531,22249,0,,,13263091,570442597,432700,428300,431800,431800,430100,430200,430300,430400,430500,430600,430700,430800,430900,431000,9300,23800,15400,23300,11500,16700,5500,7200,39000,24300,430000,429900,429800,429700,429600,429500,429400,429300,429200,429100,52900,43600,18100,9000,9800,20800,8900,13000,2000,20100,439520,425430,7159719,3514376,0,0,0,0,0,
600036.SH,600036,20251209,95757000,430100,4900,210722,22266,0,,,13267991,570653319,432700,428300,431800,431800,430100,430200,430300,430400,430500,430600,430700,430800,430900,431000,2400,22700,15300,23300,11500,16700,5500,7200,39000,29300,430000,429900,429800,429700,429600,429500,429400,429300,429200,429100,60200,43600,18100,9000,9800,20600,9000,12800,2000,20100,439520,425440,7157019,3525376,0,0,0,0,0,
600036.SH,600036,20251209,95800000,430000,3500,150513,22268,0,,,13271491,570803832,432700,428300,431800,431800,430100,430200,430300,430400,430500,430600,430700,430800,430900,431000,5700,20300,15300,23300,11500,16700,5500,7200,39000,29300,430000,429900,429800,429700,429600,429500,429400,429300,429200,429100,58500,43700,18100,9000,9800,20600,12700,12800,2000,20100,439520,425440,7149019,3528076,0,0,0,0,0,
600036.SH,600036,20251209,95803000,430000,11300,485926,22293,0,,,13282791,571289758,432700,428300,431800,431800,430100,430200,430300,430400,430500,430600,430700,430800,430900,431000,11400,19200,15300,23300,11700,16700,5500,7200,39000,29300,430000,429900,429800,429700,429600,429500,429400,429300,429200,429100,50500,43500,18100,9000,9800,20600,12700,12800,2000,20100,439520,425440,7139919,3521576,0,0,0,0,0,
600036.SH,600036,20251209,95806000,430000,7300,313960,22302,0,,,13290091,571603718,432700,428300,431800,431800,430100,430200,430300,430400,430500,430600,430700,430800,430900,431000,2700,19100,15800,23300,11200,16700,5500,7200,39000,29300,430000,429900,429800,429700,429600,429500,429400,429300,429200,429100,49300,43500,18100,9000,9800,20600,12700,12800,2000,20100,439530,425430,7131219,3520676,0,0,0,0,0,
600036.SH,600036,20251209,95809000,430100,3700,159131,22318,0,,,13293791,571762849,432700,428300,431800,431800,430100,430200,430300,430400,430500,430600,430700,430800,430900,431000,600,17800,15700,23300,11200,16700,5500,7200,39000,29300,430000,429900,429800,429700,429600,429500,429400,429300,429200,429100,52500,43500,18100,8800,9800,20600,12700,12800,2000,20100,439540,425430,7128519,3524276,0,0,0,0,0,
600036.SH,600036,20251209,95812000,430000,17100,735317,22333,0,,,13310891,572498166,432700,428300,431800,431800,430100,430200,430300,430400,430500,430600,430700,430800,430900,431000,36700,17300,15700,21600,11200,16700,5500,7200,39000,29300,430000,429900,429800,429700,429600,429500,429400,429300,429200,429100,39100,43500,18100,8800,9800,20600,12700,12800,2000,20100,439490,425420,7162219,3512276,0,0,0,0,0,
600036.SH,600036,20251209,95815000,430000,7500,322527,22352,0,,,13318391,572820693,432700,428300,431800,431800,430100,430200,430300,430400,430500,430600,430700,430800,430900,431000,8600,16800,15600,21600,11200,19700,5500,7200,39000,29300,430000,429900,429800,429700,429600,429500,429400,429300,429200,429100,37000,43000,18000,8800,10100,21200,9000,12800,2000,20100,439510,425410,7153919,3507976,0,0,0,0,0,
600036.SH,600036,20251209,95818000,430100,8900,382729,22365,0,,,13327291,573203422,432700,428300,431800,431800,430100,430200,430300,430400,430500,430600,430700,430800,430900,431000,5600,17000,15600,21600,6100,19700,5500,7200,39000,29300,430000,429900,429800,429700,429600,429500,429400,429300,429200,429100,31500,43000,18000,8800,10100,21200,9000,12800,2200,20100,439520,425410,7146619,3502876,0,0,0,0,0,
600036.SH,600036,20251209,95821000,430100,2000,86015,22376,0,,,13329291,573289437,432700,428300,431800,431800,430100,430200,430300,430400,430500,430600,430700,430800,430900,431000,4600,13900,15400,21600,6100,19700,5500,7200,39000,29300,430000,429900,429800,429700,429600,429500,429400,429300,429200,429100,32100,43000,18000,8800,10100,21200,8900,12800,2200,20100,439520,425400,7142319,3499276,0,0,0,0,0,
600036.SH,600036,20251209,95824000,430000,3200,137625,22401,0,,,13332491,573427062,432700,428300,431800,431800,430100,430200,430300,430400,430500,430600,430700,430800,430900,431000,3200,13900,15400,21600,6100,19700,5500,7200,39000,29300,430000,429900,429800,429700,429600,429500,429400,429300,429200,429100,26400,43000,18200,8800,10100,21200,8800,12000,2200,20100,439530,425390,7140919,3491476,0,0,0,0,0,
600036.SH,600036,20251209,95827000,430100,200,8601,22403,0,,,13332691,573435663,432700,428300,431800,431800,430100,430200,430300,430400,430500,430600,430700,430800,430900,431000,8300,13900,15400,21600,6100,19700,5500,7200,39000,29300,430000,429900,429800,429700,429600,429500,429400,429300,429200,429100,22700,43000,18200,8800,8600,21200,8800,12000,2200,20100,439520,425390,7145219,3501476,0,0,0,0,0,
600036.SH,600036,20251209,95830000,430000,4200,180616,22422,0,,,13336891,573616279,432700,428300,431800,431800,430100,430200,430300,430400,430500,430600,430700,430800,430900,431000,6900,13900,15400,21600,6100,19700,5500,7200,39000,29300,430000,429900,429800,429700,429600,429500,429400,429300,429200,429100,19200,43100,18200,8800,8600,21200,8800,12000,2200,20100,439520,425390,7147219,3499376,0,0,0,0,0,
600036.SH,600036,20251209,95833000,430000,12800,550481,22444,0,,,13349691,574166760,432700,428300,431800,431800,430100,430200,430300,430400,430500,430600,430700,430800,430900,431000,500,14000,15400,21600,6100,19700,5500,7200,39000,29300,430000,429900,429800,429700,429600,429500,429400,429300,429200,429100,16600,43100,20700,8800,8600,21200,8800,12000,2200,20100,439530,425380,7140919,3514576,0,0,0,0,0,
600036.SH,600036,20251209,95836000,430100,4900,210728,22461,0,,,13354591,574377488,432700,428300,431800,431800,430100,430200,430300,430400,430500,430600,430700,430800,430900,431000,21600,13400,14400,21600,6100,19700,5500,7200,39000,29300,430000,429900,429800,429700,429600,429500,429400,429300,429200,429100,13900,41200,19300,9200,9600,21600,10000,11300,2200,20100,439600,425380,7180519,3512176,0,0,0,0,0,
600036.SH,600036,20251209,95839000,430100,3700,159129,22465,0,,,13358291,574536617,432700,428300,431800,431800,430100,430200,430300,430400,430500,430600,430700,430800,430900,431000,20300,13400,14400,22100,6100,19700,5500,7200,39000,29300,430000,429900,429800,429700,429600,429500,429400,429300,429200,429100,13400,41200,20600,10400,8600,21200,8800,11300,2200,20100,439600,425380,7181619,3511776,0,0,0,0,0,
600036.SH,600036,20251209,95842000,430100,2300,98910,22469,0,,,13360591,574635527,432700,428300,431800,431800,430100,430200,430300,430400,430500,430600,430700,430800,430900,431000,21100,13400,14400,22100,6100,19700,5500,7200,39000,29300,430000,429900,429800,429700,429600,429500,429400,429300,429200,429100,11000,41200,20600,10400,8800,21200,8800,11300,2200,20100,439600,425370,7182419,3509176,0,0,0,0,0,
600036.SH,600036,20251209,95845000,430100,32600,1402015,22516,0,,,13393191,576037542,432700,428300,431800,431800,430200,430300,430400,430500,430600,430700,430800,430900,431000,431100,14000,14900,22100,6100,19700,5500,7700,39000,29300,12500,430100,430000,429900,429800,429700,429600,429500,429400,429300,429200,1600,500,41200,20600,10400,8800,21300,8800,11300,2200,439620,425360,7165219,3500876,0,0,0,0,0,
600036.SH,600036,20251209,95848000,430000,4700,202138,22525,0,,,13397891,576239680,432700,428300,431800,431800,430000,430100,430200,430300,430400,430500,430600,430700,430800,430900,3000,400,17200,14900,22100,6100,19700,5500,7700,39000,429900,429800,429700,429600,429500,429400,429300,429200,429100,429000,41200,20600,10400,8800,21500,8800,12100,2200,20100,51800,439620,425360,7171719,3500376,0,0,0,0,0,
600036.SH,600036,20251209,95851000,430000,14400,619120,22535,0,,,13412291,576858800,432700,428300,431800,431800,430100,430200,430300,430400,430500,430600,430700,430800,430900,431000,4700,16100,14900,22100,6100,19700,5500,7700,39000,24300,430000,429900,429800,429700,429600,429500,429400,429300,429200,429100,47700,33200,20600,10400,7700,22000,8800,12100,2200,20100,439620,425410,7167419,3540476,0,0,0,0,0,
600036.SH,600036,20251209,95854000,430000,6300,270911,22543,0,,,13418591,577129711,432700,428300,431800,431800,430100,430200,430300,430400,430500,430600,430700,430800,430900,431000,3700,17100,14900,22100,6100,19700,5500,7700,39000,24300,430000,429900,429800,429700,429600,429500,429400,429300,429200,429100,43800,33200,20600,10400,7800,22000,8800,12100,2200,20100,439620,425410,7168419,3538376,0,0,0,0,0,
600036.SH,600036,20251209,95857000,430000,3500,150534,22553,0,,,13422091,577280245,432700,428300,431800,431800,430100,430200,430300,430400,430500,430600,430700,430800,430900,431000,1200,17900,14900,22100,6100,19700,5500,7700,39000,24300,430000,429900,429800,429700,429600,429500,429400,429300,429200,429100,44300,33200,20600,10400,7800,21300,8800,12100,2200,20100,439620,425410,7167419,3538276,0,0,0,0,0,
600036.SH,600036,20251209,95900000,430100,7900,339707,22566,0,,,13429991,577619952,432700,428300,431800,431800,430100,430200,430300,430400,430500,430600,430700,430800,430900,431000,3700,17800,14900,22100,6100,19700,5500,7700,39000,24300,430000,429900,429800,429700,429600,429500,429400,429300,429200,429100,38000,33200,20800,10400,7800,21300,8800,12100,2200,20100,439620,425400,7172019,3531876,0,0,0,0,0,
600036.SH,600036,20251209,95903000,430000,14500,623503,22579,0,,,13444491,578243455,432700,428300,431800,431800,430100,430200,430300,430400,430500,430600,430700,430800,430900,431000,3400,14800,14900,22100,11100,19700,5500,7700,39000,23000,430000,429900,429800,429700,429600,429500,429400,429300,429200,429100,23800,33200,21800,10400,7800,21300,8800,12100,2200,20100,439610,425380,7176119,3518176,0,0,0,0,0,
600036.SH,600036,20251209,95906000,430000,5500,236505,22587,0,,,13449991,578479960,432700,428300,431800,431800,430100,430200,430300,430400,430500,430600,430700,430800,430900,431000,1000,14900,14900,22100,11100,19700,5500,7700,39000,23000,430000,429900,429800,429700,429600,429500,429400,429300,429200,429100,21200,33200,21800,10400,8000,21300,8800,12100,2200,20100,439620,425380,7173919,3517776,0,0,0,0,0,
600036.SH,600036,20251209,95909000,430000,16500,709645,22629,0,,,13466491,579189605,432700,428300,431800,431800,430200,430300,430400,430500,430600,430700,430800,430900,431000,431100,9200,14400,21600,11100,20100,5500,7700,39400,23000,12500,430000,429900,429800,429700,429600,429500,429400,429300,429200,429100,13200,33200,22100,10400,8000,21400,8800,12100,2200,20100,439630,425370,7165319,3510576,0,0,0,0,0,
600036.SH,600036,20251209,95912000,430000,11200,481600,22646,0,,,13477691,579671205,432700,428300,431800,431800,430100,430200,430300,430400,430500,430600,430700,430800,430900,431000,3600,9200,14400,21600,11100,20100,5500,7700,39400,28000,430000,429900,429800,429700,429600,429500,429400,429300,429200,429100,2100,33100,22100,10400,8000,21300,8800,12100,2200,20100,439620,425360,7174519,3500976,0,0,0,0,0,
600036.SH,600036,20251209,95915000,430000,16100,692400,22686,0,,,13493791,580363605,432700,428300,431800,431800,430100,430200,430300,430400,430500,430600,430700,430800,430900,431000,1100,2100,14800,22000,12100,19700,5500,7700,39000,28000,429900,429800,429700,429600,429500,429400,429300,429200,429100,429000,30100,20200,9200,8600,22200,9200,13900,2200,20100,53200,439630,425350,7160219,3497776,0,0,0,0,0,
600036.SH,600036,20251209,95918000,430100,600,25804,22690,0,,,13494391,580389409,432700,428300,431800,431800,430100,430200,430300,430400,430500,430600,430700,430800,430900,431000,3600,2000,14800,22000,12100,19700,5500,7700,38800,28000,430000,429900,429800,429700,429600,429500,429400,429300,429200,429100,900,32100,21700,10000,8000,21300,8800,12700,2200,20100,439630,425360,7163219,3496276,0,0,0,0,0,
600036.SH,600036,20251209,95921000,430100,8300,356843,22702,0,,,13502691,580746252,432700,428300,431800,431800,430100,430200,430300,430400,430500,430600,430700,430800,430900,431000,5800,2300,14400,22000,12100,19700,5500,7700,38800,28000,429900,429800,429700,429600,429500,429400,429300,429200,429100,429000,26000,21700,10000,8100,21300,8800,12700,2200,20100,53200,439630,425350,7165519,3488976,0,0,0,0,0,
600036.SH,600036,20251209,95924000,430000,1200,51598,22711,0,,,13503891,580797850,432700,428300,431800,431800,430000,430100,430200,430300,430400,430500,430600,430700,430800,430900,500,6000,4000,14400,22000,12100,19700,5500,7700,38800,429900,429800,429700,429600,429500,429400,429300,429200,429100,429000,25800,21700,10000,8100,21300,8800,12700,2200,20100,53200,439620,425350,7168419,3489076,0,0,0,0,0,
600036.SH,600036,20251209,95927000,430000,1700,73100,22718,0,,,13505591,580870950,432700,428300,431800,431800,430000,430100,430200,430300,430400,430500,430600,430700,430800,430900,20900,5900,4000,14000,22000,12100,19700,5500,7700,38800,429900,429800,429700,429600,429500,429400,429300,429200,429100,429000,25900,21700,10000,8100,21300,8800,12700,2200,20100,53200,439600,425350,7189019,3489776,0,0,0,0,0,
600036.SH,600036,20251209,95930000,429900,5800,249352,22722,0,,,13511391,581120302,432700,428300,431800,431800,430000,430100,430200,430300,430400,430500,430600,430700,430800,430900,23100,27000,4000,14000,22000,12100,19700,5500,7700,38800,429900,429800,429700,429600,429500,429400,429300,429200,429100,429000,21700,21700,10000,8100,21300,8800,12700,2200,20100,53200,439560,425350,7212319,3486176,0,0,0,0,0,
600036.SH,600036,20251209,95933000,430000,7100,305285,22736,0,,,13518491,581425587,432700,428300,431800,431800,430000,430100,430200,430300,430400,430500,430600,430700,430800,430900,18100,27000,3900,14000,22000,12100,19700,5500,7700,38800,429900,429800,429700,429600,429500,429400,429300,429200,429100,429000,21600,21700,10000,8100,21300,8800,12700,2200,20100,53200,439570,425350,7207519,3485976,0,0,0,0,0,
600036.SH,600036,20251209,95936000,429900,4100,176262,22744,0,,,13522591,581601849,432700,428300,431800,431800,430000,430100,430200,430300,430400,430500,430600,430700,430800,430900,21000,27100,3900,14000,22000,12100,19700,5500,7700,38800,429900,429800,429700,429600,429500,429400,429300,429200,429100,429000,17800,22500,10000,8100,21300,8800,12700,2200,20100,53200,439570,425350,7210119,3493676,0,0,0,0,0,
600036.SH,600036,20251209,95939000,430000,7900,339668,22751,0,,,13530491,581941517,432700,428300,431800,431800,430000,430100,430200,430300,430400,430500,430600,430700,430800,430900,16500,26900,2900,14000,22000,12000,19700,5500,7700,38800,429900,429800,429700,429600,429500,429400,429300,429200,429100,429000,15000,22500,10000,8100,21300,8800,12900,2200,20100,53200,439570,425350,7209619,3491176,0,0,0,0,0,
600036.SH,600036,20251209,95942000,429900,11100,477256,22760,0,,,13541591,582418773,432700,428300,431800,431800,430000,430100,430200,430300,430400,430500,430600,430700,430800,430900,10700,25700,2900,14000,22000,12000,19700,5500,7700,38800,429900,429800,429700,429600,429500,429400,429300,429200,429100,429000,10700,22700,10000,8100,21300,8800,12900,2200,20100,53100,439580,425340,7202719,3486976,0,0,0,0,0,
600036.SH,600036,20251209,95945000,429900,43200,1857346,22820,0,,,13584791,584276119,432700,428300,431800,431800,430000,430100,430200,430300,430400,430500,430600,430700,430800,430900,900,37400,2600,14000,22000,12000,19700,5500,7700,38800,429900,429800,429700,429600,429500,429400,429300,429200,429100,429000,100,22700,10000,8100,21300,8800,12900,2200,20100,55100,439580,425330,7204319,3478276,0,0,0,0,0,
600036.SH,600036,20251209,95948000,429900,7800,335332,22833,0,,,13592591,584611451,432700,428300,431800,431800,430000,430100,430200,430300,430400,430500,430600,430700,430800,430900,21600,37400,4000,14000,22000,12000,19700,5500,7700,38800,429900,429800,429700,429600,429500,429400,429300,429200,429100,429000,4200,24000,10000,8100,21300,8800,12900,2200,20100,55200,439550,425340,7225719,3484076,0,0,0,0,0,
600036.SH,600036,20251209,95951000,429800,10200,438542,22850,0,,,13602791,585049993,432700,428300,431800,431800,429900,430000,430100,430200,430300,430400,430500,430600,430700,430800,300,18700,24700,4000,14000,22000,12000,19700,5500,7700,429800,429700,429600,429500,429400,429300,429200,429100,429000,428900,22600,9200,8100,22100,8800,12900,2200,20100,55200,16100,439570,425330,7211819,3478576,0,0,0,0,0,
600036.SH,600036,20251209,95954000,429800,5900,253650,22863,0,,,13608691,585303643,432700,428300,431800,431800,430000,430100,430200,430300,430400,430500,430600,430700,430800,430900,7200,24600,3900,14000,21600,12000,19700,5500,8700,38800,429900,429800,429700,429600,429500,429400,429300,429200,429100,429000,400,23600,9200,8100,22600,8800,12900,2200,20100,55400,439580,425340,7200419,3485076,0,0,0,0,0,
600036.SH,600036,20251209,95957000,429900,7500,322384,22879,0,,,13616191,585626027,432700,428300,431800,431800,429900,430000,430100,430200,430300,430400,430500,430600,430700,430800,2600,7900,24600,3900,14000,21600,12000,19700,5500,8700,429800,429700,429600,429500,429400,429300,429200,429100,429000,428900,15300,9200,8100,22600,8800,13200,2200,20100,55400,16100,439580,425320,7203919,3478676,0,0,0,0,0,
600036.SH,600036,20251209,100000000,429900,3000,128970,22884,0,,,13619191,585754997,432700,428300,431800,431800,429900,430000,430100,430200,430300,430400,430500,430600,430700,430800,11800,8500,25300,3900,13500,21600,12000,19700,5500,8700,429800,429700,429600,429500,429400,429300,429200,429100,429000,428900,15900,9200,8100,22600,8800,13200,2200,20100,55500,16100,439570,425320,7213919,3480076,0,0,0,0,0,
600036.SH,600036,20251209,100003000,429800,1100,47282,22890,0,,,13620291,585802279,432700,428300,431800,431800,429900,430000,430100,430200,430300,430400,430500,430600,430700,430800,14200,10800,25300,3900,13500,21600,12000,19700,5500,8700,429800,429700,429600,429500,429400,429300,429200,429100,429000,428900,16800,9200,8200,22600,8800,13200,2200,20300,55700,16100,439560,425330,7218619,3483176,0,0,0,0,0,
600036.SH,600036,20251209,100006000,429900,12100,520059,22917,0,,,13632391,586322338,432700,428300,431800,431800,429900,430000,430100,430200,430300,430400,430500,430600,430700,430800,14100,10800,25300,3900,13500,21600,12000,19700,5500,8700,429800,429700,429600,429500,429400,429300,429200,429100,429000,428900,5300,8500,8200,22600,8800,13200,2200,20800,55700,16100,439560,425310,7219819,3471976,0,0,0,0,0,
600036.SH,600036,20251209,100009000,429800,7700,330968,22942,0,,,13640091,586653306,432700,428300,431800,431800,429900,430000,430100,430200,430300,430400,430500,430600,430700,430800,23600,19000,25300,3900,13500,21600,12000,19700,5500,8700,429800,429700,429600,429500,429400,429300,429200,429100,429000,428900,100,8500,8200,22900,9600,13200,2200,20800,55700,16100,439540,425310,7236519,3468876,0,0,0,0,0,
600036.SH,600036,20251209,100012000,429800,3400,146120,22956,0,,,13643491,586799426,432700,428300,431800,431800,429800,429900,430000,430100,430200,430300,430400,430500,430600,430700,100,23700,13400,25300,3900,13500,21600,12000,19700,5500,429700,429600,429500,429400,429300,429200,429100,429000,428900,428800,7200,8200,22900,9500,6800,2200,20800,55700,16100,46300,439540,425300,7231319,3461476,0,0,0,0,0,
600036.SH,600036,20251209,100015000,429800,700,30085,22962,0,,,13644191,586829511,432700,428300,431800,431800,429800,429900,430000,430100,430200,430300,430400,430500,430600,430700,13700,24000,13300,25300,3900,13500,21600,12000,19700,5500,429700,429600,429500,429400,429300,429200,429100,429000,428900,428800,7300,8200,22900,9500,6800,2400,20800,55700,16100,46300,439530,425300,7245219,3462276,0,0,0,0,0,
600036.SH,600036,20251209,100018000,429800,100,4298,22963,0,,,13644291,586833809,432700,428300,431800,431800,429800,429900,430000,430100,430200,430300,430400,430500,430600,430700,14600,23800,13400,25300,3900,13500,21600,12000,19700,5500,429700,429600,429500,429400,429300,429200,429100,429000,428900,428800,7400,8200,23000,9500,6800,2400,20800,56600,16100,46300,439520,425300,7247219,3464276,0,0,0,0,0,
600036.SH,600036,20251209,100021000,429800,8000,343775,22984,0,,,13652291,587177584,432700,428300,431800,431800,429800,429900,430000,430100,430200,430300,430400,430500,430600,430700,17500,12100,13400,25300,3900,13500,21600,12000,19700,5500,429700,429600,429500,429400,429300,429200,429100,429000,428900,428800,900,8200,23000,10000,6800,2400,20800,56500,16100,46300,439530,425290,7239919,3457576,0,0,0,0,0,
600036.SH,600036,20251209,100024000,429800,8900,382452,23003,0,,,13661191,587560036,432700,428300,431800,431800,429800,429900,430000,430100,430200,430300,430400,430500,430600,430700,32000,12000,13400,25300,3700,13500,21600,12000,19700,5500,429600,429500,429400,429300,429200,429100,429000,428900,428800,428700,6800,22700,10000,8100,2400,20800,56500,16100,46300,21300,439520,425290,7253519,3456276,0,0,0,0,0,
600036.SH,600036,20251209,100027000,429600,5100,219141,23016,0,,,13666291,587779177,432700,428300,431800,431800,429700,429800,429900,430000,430100,430200,430300,430400,430500,430600,600,52900,12000,13400,25300,3700,13500,21600,12000,19700,429600,429500,429400,429300,429200,429100,429000,428900,428800,428700,4800,22900,9200,8100,3000,21200,55800,16100,46300,21300,439490,425290,7274719,3457076,0,0,0,0,0,
600036.SH,600036,20251209,100030000,429500,7000,300709,23033,0,,,13673291,588079886,432700,428300,431800,431800,429700,429800,429900,430000,430100,430200,430300,430400,430500,430600,39700,27500,12600,14100,24800,3700,13200,21600,11700,19700,429500,429400,429300,429200,429100,429000,428900,428800,428700,428600,21800,9200,8100,3000,21200,55800,16200,46300,21300,26100,439470,425280,7288619,3451976,0,0,0,0,0,
600036.SH,600036,20251209,100033000,429700,60600,2603875,23068,0,,,13733891,590683761,432700,428300,431800,431800,429800,429900,430000,430100,430200,430300,430400,430500,430600,430700,11000,12100,14100,24800,3700,12900,21600,11700,24700,5500,429700,429500,429400,429300,429200,429100,429000,428900,428800,428700,22400,22400,9100,8100,3000,21200,55800,16200,47100,21300,439540,425310,7237619,3475976,0,0,0,0,0,
600036.SH,600036,20251209,100036000,429700,28400,1220416,23093,0,,,13762291,591904177,432700,428300,431800,431800,429800,429900,430000,430100,430200,430300,430400,430500,430600,430700,4300,12100,13500,24800,3700,11700,21600,11700,24700,5500,429700,429500,429400,429300,429200,429100,429000,428900,428800,428700,1000,22400,9100,8100,3000,21200,55000,16200,47100,21300,439550,425290,7229719,3454176,0,0,0,0,0,
600036.SH,600036,20251209,100039000,429700,15100,648665,23132,0,,,13777391,592552842,432700,428300,431800,431800,429700,429800,429900,430000,430100,430200,430300,430400,430500,430600,2400,15000,12400,13500,24800,3700,11700,21600,11700,24700,429600,429500,429400,429300,429200,429100,429000,428900,428800,428700,400,14700,9100,8100,3000,21200,55200,16200,46400,21300,439530,425280,7243219,3448476,0,0,0,0,0,
600036.SH,600036,20251209,100042000,429700,27400,1177215,23164,0,,,13804791,593730057,432700,428300,431800,431800,429700,429800,429900,430000,430100,430200,430300,430400,430500,430600,1600,3300,11200,13500,23900,1900,11700,21600,11700,24700,429500,429400,429300,429200,429100,429000,428900,428800,428700,428600,8100,9500,8100,2400,21200,55400,16200,46400,21800,26300,439550,425270,7226419,3442576,0,0,0,0,0,
600036.SH,600036,20251209,100045000,429500,10000,429568,23193,0,,,13814791,594159625,432700,428300,431800,431800,429700,429800,429900,430000,430100,430200,430300,430400,430500,430600,11500,3200,11200,14000,23800,1900,11700,21600,11700,24700,429500,429400,429300,429200,429100,429000,428900,428800,428700,428600,3900,9500,8100,2400,21200,55700,17500,46600,21800,26300,439540,425270,7235619,3442576,0,0,0,0,0,
600036.SH,600036,20251209,100048000,429400,5700,244807,23217,0,,,13820491,594404432,432700,428300,431800,431800,429500,429600,429700,429800,429900,430000,430100,430200,430300,430400,20100,1700,11900,3200,11200,14000,23800,1900,11700,21600,429400,429300,429200,429100,429000,428900,428800,428700,428600,428500,8500,8100,2400,21200,55700,17500,46600,21800,26400,125800,439510,425260,7259019,3439376,0,0,0,0,0,
600036.SH,600036,20251209,100051000,429300,9300,399342,23228,0,,,13829791,594803774,432700,428300,431800,431800,429500,429600,429700,429800,429900,430000,430100,430200,430300,430400,22500,1700,1600,3200,11200,13400,23800,1900,11700,21600,429400,429300,429200,429100,429000,428900,428800,428700,428600,428500,100,7400,2400,21300,55700,18000,46900,21800,26400,125300,439520,425250,7249619,3431376,0,0,0,0,0,
600036.SH,600036,20251209,100054000,429500,26700,1146765,23249,0,,,13856491,595950539,432700,428300,431800,431800,429600,429700,429800,429900,430000,430100,430200,430300,430400,430500,3100,2200,3200,11400,13400,23800,1900,11700,21600,12700,429500,429400,429300,429200,429100,429000,428900,428800,428700,428600,500,500,6900,2400,22700,57100,18000,46900,21800,26400,439550,425260,7230319,3436276,0,0,0,0,0,
600036.SH,600036,20251209,100057000,429500,5900,253434,23272,0,,,13862391,596203973,432700,428300,431800,431800,429600,429700,429800,429900,430000,430100,430200,430300,430400,430500,2000,2200,3200,11400,13400,23800,1900,11200,21600,12700,429500,429400,429300,429200,429100,429000,428900,428800,428700,428600,10600,1800,7000,12700,22600,57900,18000,46900,21800,26500,439550,425290,7228719,3459276,0,0,0,0,0,
600036.SH,600036,20251209,100100000,429600,8200,352217,23294,0,,,13870591,596556190,432700,428300,431800,431800,429700,429800,429900,430000,430100,430200,430300,430400,430500,430600,3500,3200,11400,13400,23800,1900,11200,21600,12800,24700,429500,429400,429300,429200,429100,429000,428900,428800,428700,428600,6900,500,7300,12700,23600,57800,18000,46900,21800,26500,439550,425290,7229119,3463976,0,0,0,0,0,
600036.SH,600036,20251209,100103000,429700,7500,322194,23307,0,,,13878091,596878384,432700,428300,431800,431800,429600,429700,429800,429900,430000,430100,430200,430300,430400,430500,1600,6800,3200,11500,13400,23900,1900,6400,21600,12800,429500,429400,429300,429200,429100,429000,428900,428800,428700,428600,3300,500,7300,12700,23700,58200,18000,46900,21800,26500,439550,425280,7230619,3461576,0,0,0,0,0,
600036.SH,600036,20251209,100106000,429500,600,25770,23309,0,,,13878691,596904154,432700,428300,431800,431800,429600,429700,429800,429900,430000,430100,430200,430300,430400,430500,1900,7000,3200,10500,13400,23900,1900,6400,21600,12800,429500,429400,429300,429200,429100,429000,428900,428800,428700,428600,3000,500,7300,12700,23700,59300,18000,46900,21600,26500,439550,425280,7230619,3461176,0,0,0,0,0,
600036.SH,600036,20251209,100109000,429600,10400,446710,23350,0,,,13889091,597350864,432700,428300,431800,431800,429500,429600,429700,429800,429900,430000,430100,430200,430300,430400,1400,5100,5000,3300,10200,13400,23900,1900,6400,21600,429400,429300,429200,429100,429000,428900,428800,428700,428600,428500,500,7300,12700,23700,59300,18000,46900,21600,27800,127500,439550,425280,7233019,3460476,0,0,0,0,0,
600036.SH,600036,20251209,100112000,429600,36200,1554925,23430,0,,,13925291,598905789,432700,428300,431800,431800,429700,429800,429900,430000,430100,430200,430300,430400,430500,430600,6000,3200,10000,13400,23900,1900,6400,21600,12800,24700,429600,429400,429300,429200,429100,429000,428900,428800,428700,428600,24400,20000,6600,15200,42900,60300,18000,46900,21600,27800,439560,425360,7228119,3525576,0,0,0,0,0,
600036.SH,600036,20251209,100115000,429600,7500,322246,23437,0,,,13932791,599228035,432700,428300,431800,431800,429700,429800,429900,430000,430100,430200,430300,430400,430500,430600,1400,3200,9500,13400,23900,1900,6400,21600,12800,24700,429600,429500,429400,429300,429200,429100,429000,428900,428800,428700,21900,900,20400,6700,15200,43900,60400,18000,46900,21800,439560,425360,7224219,3525576,0,0,0,0,0,
600036.SH,600036,20251209,100118000,429600,1900,81636,23445,0,,,13934691,599309671,432700,428300,431800,431800,429700,429800,429900,430000,430100,430200,430300,430400,430500,430600,300,5000,9500,13400,23900,1900,6400,21600,12800,24700,429600,429500,429400,429300,429200,429100,429000,428900,428800,428700,23400,900,21100,6700,15600,43900,60800,17600,46900,21800,439560,425360,7224919,3528776,0,0,0,0,0,
600036.SH,600036,20251209,100121000,429600,5600,240603,23456,0,,,13940291,599550274,432700,428300,431800,431800,429700,429800,429900,430000,430100,430200,430300,430400,430500,430600,200,4500,9300,13400,23900,1900,6400,21600,12800,24700,429600,429500,429400,429300,429200,429100,429000,428900,428800,428700,19900,900,21100,6600,15600,43900,60800,17600,46900,21800,439560,425360,7224119,3525976,0,0,0,0,0,
600036.SH,600036,20251209,100124000,429600,13700,588656,23465,0,,,13953991,600138930,432700,428300,431800,431800,429700,429800,429900,430000,430100,430200,430300,430400,430500,430600,1900,4500,8300,14100,23900,1900,6400,21600,12800,24700,429600,429500,429400,429300,429200,429100,429000,428900,428800,428700,16600,900,21100,6600,15600,43900,60600,17600,46900,21800,439560,425350,7229619,3524376,0,0,0,0,0,
600036.SH,600036,20251209,100127000,429600,600,25776,23466,0,,,13954591,600164706,432700,428300,431800,431800,429700,429800,429900,430000,430100,430200,430300,430400,430500,430600,2000,4500,8300,14100,26300,1900,6400,21600,12800,24700,429600,429500,429400,429300,429200,429100,429000,428900,428800,428700,17100,20900,21100,6600,15600,44000,60600,17600,47400,21800,439560,425380,7232119,3547276,0,0,0,0,0,
600036.SH,600036,20251209,100130000,429600,2400,103111,23471,0,,,13956991,600267817,432700,428300,431800,431800,429700,429800,429900,430000,430100,430200,430300,430400,430500,430600,5000,4500,8300,14100,26300,1900,6400,21600,12800,24700,429600,429500,429400,429300,429200,429100,429000,428900,428800,428700,17800,20900,21100,6600,15600,44100,60600,17600,47400,21800,439560,425380,7223919,3551076,0,0,0,0,0,
600036.SH,600036,20251209,100133000,429700,1300,55850,23476,0,,,13958291,600323667,432700,428300,431800,431800,429700,429800,429900,430000,430100,430200,430300,430400,430500,430600,9700,4500,8200,14100,26300,1900,6400,21600,12800,24700,429600,429500,429400,429300,429200,429100,429000,428900,428800,428700,16700,20900,21100,5400,15700,44100,61600,17600,47400,21800,439560,425380,7228519,3549976,0,0,0,0,0,
600036.SH,600036,20251209,100136000,429600,1700,73039,23484,0,,,13959991,600396706,432700,428300,431800,431800,429700,429800,429900,430000,430100,430200,430300,430400,430500,430600,9000,4600,8200,14100,26300,1900,6400,21600,12800,24700,429600,429500,429400,429300,429200,429100,429000,428900,428800,428700,16300,31400,21100,5400,15700,44100,62200,17600,47400,21800,439560,425400,7229419,3561576,0,0,0,0,0,
600036.SH,600036,20251209,100139000,429700,2100,90237,23490,0,,,13962091,600486943,432700,428300,431800,431800,429700,429800,429900,430000,430100,430200,430300,430400,430500,430600,7000,3900,8200,14100,26300,1900,6400,21600,12800,24700,429600,429500,429400,429300,429200,429100,429000,428900,428800,428700,17100,31500,21100,5400,15700,44100,62700,18100,47400,21800,439560,425400,7227119,3562776,0,0,0,0,0,
600036.SH,600036,20251209,100142000,429700,14400,618685,23497,0,,,13976491,601105628,432700,428300,431800,431800,429700,429800,429900,430000,430100,430200,430300,430400,430500,430600,900,3900,8200,14100,26300,1900,6400,21600,12800,24700,429600,429500,429400,429300,429200,429100,429000,428900,428800,428700,8900,61500,21300,5400,15700,44100,64100,18100,47400,22800,439570,425430,7221319,3592076,0,0,0,0,0,
600036.SH,600036,20251209,100145000,429600,4500,193327,23513,0,,,13980991,601298955,432700,428300,431800,431800,429700,429800,429900,430000,430100,430200,430300,430400,430500,430600,500,3900,8200,14200,26300,1900,6400,21600,13300,24700,429600,429500,429400,429300,429200,429100,429000,428900,428800,428700,8300,61500,21500,5400,15700,44100,64100,17600,47400,22800,439570,425430,7223919,3593776,0,0,0,0,0,
600036.SH,600036,20251209,100148000,429700,4600,197672,23522,0,,,13985591,601496627,432700,428300,431800,431800,429800,429900,430000,430100,430200,430300,430400,430500,430600,430700,2900,8200,14200,26300,1900,6400,21600,13300,24700,5800,429700,429600,429500,429400,429300,429200,429100,429000,428900,428800,84600,9400,62600,21500,5400,15700,44100,64100,18000,47400,439570,425530,7223819,3681276,0,0,0,0,0,
600036.SH,600036,20251209,100151000,429700,1300,55872,23527,0,,,13986891,601552499,432700,428300,431800,431800,429800,429900,430000,430100,430200,430300,430400,430500,430600,430700,1800,8300,14100,26300,3400,6400,21600,13300,24700,5800,429700,429600,429500,429400,429300,429200,429100,429000,428900,428800,88600,6300,72600,21500,5400,15700,44200,64100,18000,47400,439570,425540,7224219,3691776,0,0,0,0,0,
600036.SH,600036,20251209,100154000,429700,7100,305110,23550,0,,,13993991,601857609,432700,428300,431800,431800,429800,429900,430000,430100,430200,430300,430400,430500,430600,430700,2500,8900,14100,26100,3400,6400,21600,13300,24700,5800,429700,429600,429500,429400,429300,429200,429100,429000,428900,428800,84800,6300,72800,21500,5400,15700,44200,64100,18000,47400,439560,425540,7225919,3688876,0,0,0,0,0,
600036.SH,600036,20251209,100157000,429700,1400,60170,23556,0,,,13995391,601917779,432700,428300,431800,431800,429800,429900,430000,430100,430200,430300,430400,430500,430600,430700,2200,8900,14100,26100,3400,6900,21600,13300,24700,5800,429700,429600,429500,429400,429300,429200,429100,429000,428900,428800,84800,6800,72800,21300,5800,15700,44200,63400,18000,47400,439560,425530,7226619,3687476,0,0,0,0,0,
600036.SH,600036,20251209,100200000,429800,7500,322389,23571,0,,,14002891,602240168,432700,428300,431800,431800,429900,430000,430100,430200,430300,430400,430500,430600,430700,430800,8000,14300,26100,3800,6900,21600,13300,24700,5800,8700,429800,429700,429600,429500,429400,429300,429200,429100,429000,428900,400,85600,6800,42800,21300,5800,15700,44300,63900,18000,439560,425510,7227219,3661276,0,0,0,0,0,
600036.SH,600036,20251209,100203000,429800,5800,249284,23580,0,,,14008691,602489452,432700,428300,431800,431800,429800,429900,430000,430100,430200,430300,430400,430500,430600,430700,2700,8500,14300,26100,3800,6900,21600,13300,24700,5800,429700,429600,429500,429400,429300,429200,429100,429000,428900,428800,84400,12100,23200,900,6000,17300,44300,64500,17000,47500,439560,425470,7230419,3629476,0,0,0,0,0,
600036.SH,600036,20251209,100206000,429700,2300,98831,23583,0,,,14010991,602588283,432700,428300,431800,431800,429800,429900,430000,430100,430200,430300,430400,430500,430600,430700,10300,8100,14300,26100,3800,6900,21600,13300,24700,5800,429700,429600,429500,429400,429300,429200,429100,429000,428900,428800,82100,12200,23000,900,6000,17300,44300,67900,17000,47700,439550,425480,7237619,3635876,0,0,0,0,0,
600036.SH,600036,20251209,100209000,429700,14200,610198,23641,0,,,14025191,603198481,432700,428300,431800,431800,429800,429900,430000,430100,430200,430300,430400,430500,430600,430700,26200,5500,14300,26100,3800,6900,21600,13300,24700,5800,429700,429600,429500,429400,429300,429200,429100,429000,428900,428800,70200,14200,23100,1400,6000,17300,44300,68100,17000,47700,439530,425470,7251119,3627576,0,0,0,0,0,
600036.SH,600036,20251209,100212000,429700,12600,541422,23678,0,,,14037791,603739903,432700,428300,431800,431800,429800,429900,430000,430100,430200,430300,430400,430500,430600,430700,28000,6900,13600,26100,3800,6900,21600,13300,24700,5800,429700,429600,429500,429400,429300,429200,429100,429000,428900,428800,77600,13700,23100,1500,7000,17300,44300,68600,17000,47700,439530,425480,7253419,3635976,0,0,0,0,0,
600036.SH,600036,20251209,100215000,429900,28500,1224936,23703,0,,,14066291,604964839,432700,428300,431800,431800,429900,430000,430100,430200,430300,430400,430500,430600,430700,430800,5800,13600,26100,3800,6900,21600,13300,24700,5800,8700,429800,429700,429600,429500,429400,429300,429200,429100,429000,428900,400,77000,13700,22900,1500,7000,17300,44300,70000,17000,439570,425470,7224919,3639676,0,0,0,0,0,
600036.SH,600036,20251209,100218000,429800,2400,103158,23709,0,,,14068691,605067997,432700,428300,431800,431800,429900,430000,430100,430200,430300,430400,430500,430600,430700,430800,5100,13800,26100,3800,6900,21600,13300,24700,5800,8700,429800,429700,429600,429500,429400,429300,429200,429100,429000,428900,5400,77100,13700,23500,1500,6600,17300,44800,70000,17000,439570,425480,7224619,3646376,0,0,0,0,0,
600036.SH,600036,20251209,100221000,429800,2300,98858,23714,0,,,14070991,605166855,432700,428300,431800,431800,429900,430000,430100,430200,430300,430400,430500,430600,430700,430800,3400,13700,26100,3800,6900,21600,13300,24700,5800,8700,429800,429700,429600,429500,429400,429300,429200,429100,429000,428900,5600,77300,13600,23500,1500,6600,17300,24800,69700,17000,439570,425460,7225319,3627176,0,0,0,0,0,
600036.SH,600036,20251209,100224000,429800,2000,85966,23718,0,,,14072991,605252821,432700,428300,431800,431800,429900,430000,430100,430200,430300,430400,430500,430600,430700,430800,2900,16300,26100,3800,6900,21600,15300,24700,5800,8700,429800,429700,429600,429500,429400,429300,429200,429100,429000,428900,7300,77300,13600,23500,1500,6800,17300,24800,69700,17000,439560,425460,7229619,3631076,0,0,0,0,0,
600036.SH,600036,20251209,100227000,429800,2400,103152,23725,0,,,14075391,605355973,432700,428300,431800,431800,429900,430000,430100,430200,430300,430400,430500,430600,430700,430800,5000,16300,26100,3700,6900,21600,15300,24700,5800,8700,429800,429700,429600,429500,429400,429300,429200,429100,429000,428900,5000,77300,13500,23700,1500,6800,17300,24800,70000,17000,439560,425460,7231319,3629476,0,0,0,0,0,
600036.SH,600036,20251209,100230000,429900,17600,756417,23746,0,,,14092991,606112390,432700,428300,431800,431800,429900,430000,430100,430200,430300,430400,430500,430600,430700,430800,5500,16300,26100,3700,6900,21600,15300,24700,5800,8700,429800,429700,429600,429500,429400,429300,429200,429100,429000,428900,14400,74300,12500,24700,1400,6800,17300,26300,70000,17000,439560,425470,7232019,3638576,0,0,0,0,0,
600036.SH,600036,20251209,100233000,429900,5600,240734,23767,0,,,14098591,606353124,432700,428300,431800,431800,429900,430000,430100,430200,430300,430400,430500,430600,430700,430800,1400,16700,25100,3700,6900,21600,15300,24700,5800,9700,429800,429700,429600,429500,429400,429300,429200,429100,429000,428900,13600,74500,12500,24700,1400,6800,17300,26300,70000,17000,439550,425470,7248119,3638076,0,0,0,0,0,
600036.SH,600036,20251209,100236000,429900,10300,442756,23817,0,,,14108891,606795880,432700,428300,431800,431800,429900,430000,430100,430200,430300,430400,430500,430600,430700,430800,14700,16700,25400,3700,6900,21600,15300,24700,5800,9700,429800,429700,429600,429500,429400,429300,429200,429100,429000,428900,11500,74500,12500,24700,1400,6800,17300,26300,70000,17000,439540,425470,7262119,3636176,0,0,0,0,0,
600036.SH,600036,20251209,100239000,429800,16000,687699,23839,0,,,14124891,607483579,432700,428300,431800,431800,429800,429900,430000,430100,430200,430300,430400,430500,430600,430700,48700,16200,17800,25100,3700,6900,21600,15300,24700,5800,429700,429600,429500,429400,429300,429200,429100,429000,428900,428800,74400,12600,24800,1400,6800,17300,26300,71200,17000,48300,439470,425460,7313119,3625376,0,0,0,0,0,
600036.SH,600036,20251209,100242000,429700,25700,1104543,23850,0,,,14150591,608588122,432700,428300,431800,431800,429800,429900,430000,430100,430200,430300,430400,430500,430600,430700,27800,46800,17800,25100,3700,6900,21600,15300,24700,5800,429700,429600,429500,429400,429300,429200,429100,429000,428900,428800,70600,17600,27800,1400,6800,17300,26300,71800,17000,48300,439460,425460,7321919,3631576,0,0,0,0,0,
600036.SH,600036,20251209,100245000,429700,200,8594,23852,0,,,14150791,608596716,432700,428300,431800,431800,429800,429900,430000,430100,430200,430300,430400,430500,430600,430700,41700,46700,17800,25100,3700,6900,21600,15300,24700,5800,429700,429600,429500,429400,429300,429200,429100,429000,428900,428800,70600,17600,27800,1400,6800,17400,26300,71700,17000,48300,439440,425460,7336719,3630776,0,0,0,0,0,
600036.SH,600036,20251209,100248000,429700,13100,562911,23860,0,,,14163891,609159627,432700,428300,431800,431800,429800,429900,430000,430100,430200,430300,430400,430500,430600,430700,40200,37200,17800,25100,3700,6900,21600,15300,24700,5800,429700,429600,429500,429400,429300,429200,429100,429000,428900,428800,57900,17600,28900,1400,6800,17400,28000,72000,17000,48300,439450,425450,7327619,3621876,0,0,0,0,0,
600036.SH,600036,20251209,100251000,429700,11100,477042,23870,0,,,14174991,609636669,432700,428300,431800,431800,429800,429900,430000,430100,430200,430300,430400,430500,430600,430700,34600,37200,17800,25200,3700,6900,21600,15300,24700,5800,429700,429600,429500,429400,429300,429200,429100,429000,428900,428800,54600,17600,28900,1400,6800,17400,28000,71800,17000,48800,439460,425450,7322119,3618276,0,0,0,0,0,
600036.SH,600036,20251209,100254000,429800,35300,1517194,23888,0,,,14210291,611153863,432700,428300,431800,431800,429900,430000,430100,430200,430300,430400,430500,430600,430700,430800,37200,17800,25200,3700,6900,21600,15300,24700,5800,8700,429800,429700,429600,429500,429400,429300,429200,429100,429000,428900,15400,54900,17600,32300,1400,6800,17000,28500,72800,17000,439500,425470,7291319,3640076,0,0,0,0,0,
600036.SH,600036,20251209,100257000,429900,600,25791,23891,0,,,14210891,611179654,432700,428300,431800,431800,429900,430000,430100,430200,430300,430400,430500,430600,430700,430800,43500,17900,25200,3700,6900,21600,15400,24700,5800,8700,429800,429700,429600,429500,429400,429300,429200,429100,429000,428900,16100,54700,17600,32400,1400,6800,17000,28500,72800,17100,439490,425470,7298419,3641076,0,0,0,0,0,
600036.SH,600036,20251209,100300000,429900,3200,137565,23899,0,,,14214091,611317219,432700,428300,431800,431800,429900,430000,430100,430200,430300,430400,430500,430600,430700,430800,40600,17900,25200,3700,7500,21600,15400,24700,5800,8700,429800,429700,429600,429500,429400,429300,429200,429100,429000,428900,17000,54700,17600,32900,1400,6800,15400,28500,72500,17100,439500,425470,7292519,3638876,0,0,0,0,0,
600036.SH,600036,20251209,100303000,429900,48800,2097938,23924,0,,,14262891,613415157,432700,428300,431800,431800,430000,430100,430200,430300,430400,430500,430600,430700,430800,430900,15300,25200,3700,7500,21600,15400,24700,5800,8700,37400,429900,429800,429700,429600,429500,429400,429300,429200,429100,429000,37500,17200,54200,16800,32900,900,6800,15400,28500,72500,439550,425520,7250119,3676876,0,0,0,0,0,
600036.SH,600036,20251209,100306000,429800,48100,2067736,23970,0,,,14310991,615482893,432700,428300,431800,431800,429900,430000,430100,430200,430300,430400,430500,430600,430700,430800,26300,45000,25300,3700,7500,21600,15400,24700,5800,8700,429800,429700,429600,429500,429400,429300,429200,429100,429000,428900,8000,54200,17800,32900,900,6800,15400,28500,72500,17100,439480,425460,7306919,3632076,0,0,0,0,0,
600036.SH,600036,20251209,100309000,429800,9600,412607,24014,0,,,14320591,615895500,432700,428300,431800,431800,429900,430000,430100,430200,430300,430400,430500,430600,430700,430800,31600,105400,25200,3300,7500,21600,15400,24700,5800,8700,429700,429600,429500,429400,429300,429200,429100,429000,428900,428800,53800,17400,33400,1500,6800,15400,28500,72500,17100,49800,439400,425450,7372419,3625776,0,0,0,0,0,
600036.SH,600036,20251209,100312000,429600,64000,2750021,24082,0,,,14384591,618645521,432700,428300,431800,431800,429700,429800,429900,430000,430100,430200,430300,430400,430500,430600,400,7900,23300,105300,25200,3300,7500,21600,15400,24700,429600,429500,429400,429300,429200,429100,429000,428900,428800,428700,9700,32900,1500,7200,15400,28500,72500,17100,49800,23400,439400,425390,7372219,3569876,0,0,0,0,0,
600036.SH,600036,20251209,100315000,429600,11700,502628,24136,0,,,14396291,619148149,432700,428300,431800,431800,429600,429700,429800,429900,430000,430100,430200,430300,430400,430500,1700,9800,8200,23200,104700,25200,3300,7100,21600,15400,429500,429400,429300,429200,429100,429000,428900,428800,428700,428600,32500,900,7200,16000,28500,72500,17300,49800,23400,34400,439380,425370,7384719,3560376,0,0,0,0,0,
600036.SH,600036,20251209,100318000,429500,5700,244825,24141,0,,,14401991,619392974,432700,428300,431800,431800,429600,429700,429800,429900,430000,430100,430200,430300,430400,430500,2000,10100,8300,22800,104600,25200,3300,7100,21600,15400,429500,429400,429300,429200,429100,429000,428900,428800,428700,428600,28100,900,7200,16000,28700,71500,17800,50300,23400,34400,439380,425370,7384619,3557276,0,0,0,0,0,
600036.SH,600036,20251209,100321000,429500,9400,403736,24158,0,,,14411391,619796710,432700,428300,431800,431800,429600,429700,429800,429900,430000,430100,430200,430300,430400,430500,4500,8400,9300,22800,104600,25200,3300,7100,21600,15400,429500,429400,429300,429200,429100,429000,428900,428800,428700,428600,14500,900,7200,16000,28700,71800,18000,49800,23600,34400,439380,425350,7387519,3547876,0,0,0,0,0,
600036.SH,600036,20251209,100324000,429400,32100,1378802,24243,0,,,14443491,621175512,432700,428300,431800,431800,429500,429600,429700,429800,429900,430000,430100,430200,430300,430400,400,4400,7500,9300,22800,104600,25200,3300,7100,21600,429400,429300,429200,429100,429000,428900,428800,428700,428600,428500,200,5200,15600,28700,72500,18000,50200,23600,34900,143400,439380,425340,7387119,3535676,0,0,0,0,0,
600036.SH,600036,20251209,100327000,429400,5600,240472,24261,0,,,14449091,621415984,432700,428300,431800,431800,429400,429500,429600,429700,429800,429900,430000,430100,430200,430300,400,3300,4000,7300,8100,22400,104600,25200,3300,7100,429300,429200,429100,429000,428900,428800,428700,428600,428500,428400,2900,15400,28700,73000,18000,51400,24100,34900,143900,46100,439380,425340,7390119,3545676,0,0,0,0,0,
600036.SH,600036,20251209,100330000,429400,2000,85864,24271,0,,,14451091,621501848,432700,428300,431800,431800,429400,429500,429600,429700,429800,429900,430000,430100,430200,430300,600,3500,3200,7400,8400,22400,104600,25200,3300,7100,429300,429200,429100,429000,428900,428800,428700,428600,428500,428400,4200,15400,28700,73000,18000,51400,23600,34900,143900,46100,439380,425340,7390119,3546476,0,0,0,0,0,
600036.SH,600036,20251209,100333000,429400,8200,352019,24297,0,,,14459291,621853867,432700,428300,431800,431800,429500,429600,429700,429800,429900,430000,430100,430200,430300,430400,3600,3800,7400,7800,22400,104400,25200,3300,7100,21600,429400,429300,429200,429100,429000,428900,428800,428700,428600,428500,9100,300,13400,29100,73000,18000,52800,23600,34900,144400,439380,425340,7389419,3552676,0,0,0,0,0,
600036.SH,600036,20251209,100336000,429500,700,30065,24299,0,,,14459991,621883932,432700,428300,431800,431800,429500,429600,429700,429800,429900,430000,430100,430200,430300,430400,3700,4500,7300,7800,23400,104400,25200,3300,7100,21600,429400,429300,429200,429100,429000,428900,428800,428700,428600,428500,11800,300,14900,29100,73000,18000,52800,23600,34900,144400,439380,425340,7390719,3553176,0,0,0,0,0,
600036.SH,600036,20251209,100339000,429400,1000,42947,24301,0,,,14460991,621926879,432700,428300,431800,431800,429500,429600,429700,429800,429900,430000,430100,430200,430300,430400,3600,3800,7300,7800,23400,104600,25200,3300,7100,21600,429400,429300,429200,429100,429000,428900,428800,428700,428600,428500,12100,300,14900,29100,72500,18000,52800,23600,34900,144500,439380,425350,7390119,3556976,0,0,0,0,0,
600036.SH,600036,20251209,100342000,429400,69600,2987276,24411,0,,,14530591,624914155,432700,428300,431800,431800,429500,429600,429700,429800,429900,430000,430100,430200,430300,430400,7900,1700,7400,7600,23400,104700,25200,3300,7100,21600,429400,429200,429100,429000,428900,428800,428700,428600,428500,428400,16800,1300,13500,71900,18000,52800,23600,34900,145500,44700,439370,425320,7392319,3532676,0,0,0,0,0,
600036.SH,600036,20251209,100345000,429500,7600,326419,24438,0,,,14538191,625240574,432700,428300,431800,431800,429600,429700,429800,429900,430000,430100,430200,430300,430400,430500,1700,7500,7500,23400,104700,25000,3300,7100,21600,15400,429500,429400,429300,429200,429100,429000,428900,428800,428700,428600,5900,16900,100,1300,14500,77400,18000,58800,23600,34900,439390,425340,7384219,3550976,0,0,0,0,0,
600036.SH,600036,20251209,100348000,429500,3700,158915,24446,0,,,14541891,625399489,432700,428300,431800,431800,429600,429700,429800,429900,430000,430100,430200,430300,430400,430500,1700,7400,7500,23400,104000,25000,3300,7100,21600,15400,429500,429400,429300,429200,429100,429000,428900,428800,428700,428600,2400,17000,100,1800,15300,77000,20000,58400,23600,34900,439380,425340,7385919,3551476,0,0,0,0,0,
600036.SH,600036,20251209,100351000,429500,6800,292032,24463,0,,,14548691,625691521,432700,428300,431800,431800,429600,429700,429800,429900,430000,430100,430200,430300,430400,430500,4700,7400,7500,23400,104000,25000,3300,7100,21600,15400,429500,429400,429300,429200,429100,429000,428900,428800,428700,428600,200,16400,700,1800,15300,77100,20000,59000,23600,34900,439390,425340,7380419,3551776,0,0,0,0,0,
600036.SH,600036,20251209,100354000,429600,6000,257746,24476,0,,,14554691,625949267,432700,428300,431800,431800,429600,429700,429800,429900,430000,430100,430200,430300,430400,430500,2300,7400,7500,23400,104000,25000,3300,7100,21600,15400,429400,429300,429200,429100,429000,428900,428800,428700,428600,428500,16400,700,1800,15300,82200,19900,59000,23600,34900,146100,439390,425350,7384519,3561076,0,0,0,0,0,
600036.SH,600036,20251209,100357000,429500,600,25770,24481,0,,,14555291,625975037,432700,428300,431800,431800,429600,429700,429800,429900,430000,430100,430200,430300,430400,430500,2400,7400,7500,23400,104000,25000,3300,7100,21600,15400,429500,429400,429300,429200,429100,429000,428900,428800,428700,428600,400,16600,700,1800,16100,81800,19900,59000,23600,34900,439390,425350,7379619,3562976,0,0,0,0,0,
600036.SH,600036,20251209,100400000,429600,1100,47255,24485,0,,,14556391,626022292,432700,428300,431800,431800,429600,429700,429800,429900,430000,430100,430200,430300,430400,430500,9600,7500,7500,24000,104000,25000,3300,7100,21600,16400,429500,429400,429300,429200,429100,429000,428900,428800,428700,428600,1800,16700,700,1800,16100,81700,19900,59000,23600,35000,439380,425360,7388619,3564976,0,0,0,0,0,
600036.SH,600036,20251209,100403000,429500,1500,64425,24496,0,,,14557891,626086717,432700,428300,431800,431800,429600,429700,429800,429900,430000,430100,430200,430300,430400,430500,12600,7600,7500,24000,104000,25000,3300,7100,21600,16400,429500,429400,429300,429200,429100,429000,428900,428800,428700,428600,21400,17200,700,1800,16100,82900,19900,59100,23600,35000,439380,425380,7391819,3587576,0,0,0,0,0,
600036.SH,600036,20251209,100406000,429500,1900,81610,24504,0,,,14559791,626168327,432700,428300,431800,431800,429600,429700,429800,429900,430000,430100,430200,430300,430400,430500,16400,7500,7500,24000,104200,25000,3300,7100,21600,16400,429500,429400,429300,429200,429100,429000,428900,428800,428700,428600,20500,17300,700,1800,16100,83400,20000,59100,23600,35600,439370,425380,7400719,3592476,0,0,0,0,0,
600036.SH,600036,20251209,100409000,429500,600,25770,24506,0,,,14560391,626194097,432700,428300,431800,431800,429600,429700,429800,429900,430000,430100,430200,430300,430400,430500,16400,15700,7500,23600,104200,25000,3300,7100,21600,16400,429500,429400,429300,429200,429100,429000,428900,428800,428700,428600,20600,17300,700,2100,16100,83500,20000,59000,23600,35600,439360,425360,7408519,3583676,0,0,0,0,0,
600036.SH,600036,20251209,100412000,429600,18500,794759,24524,0,,,14578891,626988856,432700,428300,431800,431800,429700,429800,429900,430000,430100,430200,430300,430400,430500,430600,15600,8000,22600,104300,25000,3300,7100,21600,16400,24700,429600,429500,429400,429300,429200,429100,429000,428900,428800,428700,13100,21700,17300,200,2100,17100,83500,20000,59000,23600,439370,425380,7397219,3597976,0,0,0,0,0,
600036.SH,600036,20251209,100415000,429700,21200,910910,24547,0,,,14600091,627899766,432700,428300,431800,431800,429800,429900,430000,430100,430200,430300,430400,430500,430600,430700,4100,22600,104300,25000,3300,7100,21600,16400,25700,5800,429700,429600,429500,429400,429300,429200,429100,429000,428900,428800,57100,8100,41800,17300,600,2300,16700,83600,20000,59000,439390,425460,7383719,3676976,0,0,0,0,0,
600036.SH,600036,20251209,100418000,429700,700,30085,24554,0,,,14600791,627929851,432700,428300,431800,431800,429800,429900,430000,430100,430200,430300,430400,430500,430600,430700,26000,17400,104300,25000,3300,7500,21600,16400,25700,5800,429700,429600,429500,429400,429300,429200,429100,429000,428900,428800,57600,9200,42400,17700,600,1800,17200,83600,20000,59600,439370,425470,7401819,3680076,0,0,0,0,0,
600036.SH,600036,20251209,100421000,429700,6500,279312,24561,0,,,14607291,628209163,432700,428300,431800,431800,429800,429900,430000,430100,430200,430300,430400,430500,430600,430700,25500,16800,104900,25600,3300,7500,21600,16400,25700,5800,429700,429600,429500,429400,429300,429200,429100,429000,428900,428800,52000,11500,42500,17600,600,4800,17200,83600,20000,59600,439370,425470,7402019,3680276,0,0,0,0,0,
600036.SH,600036,20251209,100424000,429700,37000,1589898,24692,0,,,14644291,629799061,432700,428300,431800,431800,429800,429900,430000,430100,430200,430300,430400,430500,430600,430700,26600,11900,104900,25600,3300,7500,21600,16400,25700,5800,429700,429600,429500,429400,429300,429200,429100,429000,428900,428800,15800,11700,24800,17600,900,4800,17200,83600,20200,59600,439370,425410,7398219,3634376,0,0,0,0,0,
600036.SH,600036,20251209,100427000,429600,16700,717600,24711,0,,,14660991,630516661,432700,428300,431800,431800,429700,429800,429900,430000,430100,430200,430300,430400,430500,430600,11100,32900,12300,104900,25600,3300,7500,21600,16400,25700,429600,429500,429400,429300,429200,429100,429000,428900,428800,428700,12600,28100,17600,2300,5000,16800,83100,20200,59600,23600,439360,425390,7402219,3623476,0,0,0,0,0,
600036.SH,600036,20251209,100430000,429700,11200,481207,24737,0,,,14672191,630997868,432700,428300,431800,431800,429700,429800,429900,430000,430100,430200,430300,430400,430500,430600,7300,18000,12400,104900,25600,3900,7500,21600,16400,25700,429600,429500,429400,429300,429200,429100,429000,428900,428800,428700,7400,28200,17600,2300,5000,18300,83100,25100,59900,23600,439390,425390,7384219,3624976,0,0,0,0,0,
600036.SH,600036,20251209,100433000,429700,14000,601559,24755,0,,,14686191,631599427,432700,428300,431800,431800,429800,429900,430000,430100,430200,430300,430400,430500,430600,430700,18200,12400,104900,25600,4100,7500,21600,16400,25700,5800,429700,429600,429500,429400,429300,429200,429100,429000,428900,428800,10000,6800,28200,17600,2300,5000,18300,83300,25100,60400,439400,425410,7377319,3636876,0,0,0,0,0,
600036.SH,600036,20251209,100436000,429700,17500,752044,24769,0,,,14703691,632351471,432700,428300,431800,431800,429800,429900,430000,430100,430200,430300,430400,430500,430600,430700,11400,12400,104900,25600,4100,7500,21600,16400,25700,5800,429700,429600,429500,429400,429300,429200,429100,429000,428900,428800,1500,7000,28300,17600,2900,6800,18300,82900,25100,60000,439400,425400,7372719,3631076,0,0,0,0,0,
600036.SH,600036,20251209,100439000,429600,10400,446806,24791,0,,,14714091,632798277,432700,428300,431800,431800,429600,429800,429900,430000,430100,430200,430300,430400,430500,430600,1600,14800,12600,104900,25600,5100,7500,21600,16500,25700,429500,429400,429300,429200,429100,429000,428900,428800,428700,428600,28800,17600,3400,6800,18300,83000,25100,59800,23600,36200,439400,425390,7379119,3623276,0,0,0,0,0,
600036.SH,600036,20251209,100442000,429600,18100,777577,24812,0,,,14732191,633575854,432700,428300,431800,431800,429600,429700,429800,429900,430000,430100,430200,430300,430400,430500,3700,7900,15700,12600,102300,26600,5100,7500,21600,16500,429500,429400,429300,429200,429100,429000,428900,428800,428700,428600,28800,17600,3400,6800,18300,83000,25100,59800,23600,36200,439380,425390,7395519,3624576,0,0,0,0,0,
600036.SH,600036,20251209,100445000,429600,8600,369499,24826,0,,,14740791,633945353,432700,428300,431800,431800,429700,429800,429900,430000,430100,430200,430300,430400,430500,430600,3600,15700,12600,102300,27600,4900,7500,21600,16500,25700,429600,429500,429400,429300,429200,429100,429000,428900,428800,428700,16100,31900,17600,3700,6800,18300,84400,25100,59800,23600,439390,425410,7388319,3646576,0,0,0,0,0,
600036.SH,600036,20251209,100448000,429600,2300,98809,24830,0,,,14743091,634044162,432700,428300,431800,431800,429700,429800,429900,430000,430100,430200,430300,430400,430500,430600,3500,15800,12700,102300,27600,4900,7500,21600,16500,25700,429600,429500,429400,429300,429200,429100,429000,428900,428800,428700,14100,31800,17600,3700,6800,18300,84700,25100,59800,23600,439380,425410,7388719,3645276,0,0,0,0,0,
600036.SH,600036,20251209,100451000,429700,3100,133186,24832,0,,,14746191,634177348,432700,428300,431800,431800,429700,429800,429900,430000,430100,430200,430300,430400,430500,430600,2500,15800,12700,102300,27600,4900,7500,21600,16500,25700,429600,429500,429400,429300,429200,429100,429000,428900,428800,428700,15400,30500,17600,3700,6800,18300,84700,25100,60100,23600,439390,425410,7386819,3645976,0,0,0,0,0,
600036.SH,600036,20251209,100454000,429600,600,25781,24837,0,,,14746791,634203129,432700,428300,431800,431800,429700,429800,429900,430000,430100,430200,430300,430400,430500,430600,2200,15800,12700,102300,27600,4900,7500,21600,16500,25700,429600,429500,429400,429300,429200,429100,429000,428900,428800,428700,15300,30600,17600,3700,6800,18300,87100,25100,60100,23600,439380,425410,7388819,3648476,0,0,0,0,0,
600036.SH,600036,20251209,100457000,429600,3900,167598,24842,0,,,14750691,634370727,432700,428300,431800,431800,429700,429800,429900,430000,430100,430200,430300,430400,430500,430600,1400,16300,12700,102300,27600,4900,7500,21600,16500,25700,429600,429500,429400,429300,429200,429100,429000,428900,428800,428700,17800,31200,17600,3700,6800,18300,87100,25100,60300,23600,439380,425420,7388719,3652076,0,0,0,0,0,
600036.SH,600036,20251209,100500000,429700,10800,464014,24857,0,,,14761491,634834741,432700,428300,431800,431800,429800,429900,430000,430100,430200,430300,430400,430500,430600,430700,15200,12700,102300,27600,4900,7500,21600,16500,25700,5800,429700,429600,429500,429400,429300,429200,429100,429000,428900,428800,2400,12900,31200,18100,3700,6800,21300,87900,25100,60300,439390,425420,7386219,3652476,0,0,0,0,0,
600036.SH,600036,20251209,100503000,429700,9800,421094,24870,0,,,14771291,635255835,432700,428300,431800,431800,429800,429900,430000,430100,430200,430300,430400,430500,430600,430700,16200,12700,102300,27600,4900,7500,21600,16500,25700,5800,429700,429600,429500,429400,429300,429200,429100,429000,428900,428800,600,11700,31100,18100,3700,6800,21300,88100,25100,60300,439380,425490,7391219,3780076,0,0,0,0,0,
600036.SH,600036,20251209,100506000,429700,3800,163286,24882,0,,,14775091,635419121,432700,428300,431800,431800,429800,429900,430000,430100,430200,430300,430400,430500,430600,430700,16400,12500,102300,27600,4900,7500,21600,16500,25700,5800,429700,429600,429500,429400,429300,429200,429100,429000,428900,428800,900,12200,31600,18100,3700,6900,21800,88200,25100,60300,439380,425490,7391019,3782176,0,0,0,0,0,
600036.SH,600036,20251209,100509000,429700,1400,60158,24887,0,,,14776491,635479279,432700,428300,431800,431800,429700,429800,429900,430000,430100,430200,430300,430400,430500,430600,5100,16400,12500,102300,27600,4900,7500,21600,16500,25700,429600,429500,429400,429300,429200,429100,429000,428900,428800,428700,12900,31600,18100,3700,6900,21800,88200,25100,60300,23900,439380,425490,7396419,3782976,0,0,0,0,0,
600036.SH,600036,20251209,100512000,429700,1000,42970,24888,0,,,14777491,635522249,432700,428300,431800,431800,429700,429800,429900,430000,430100,430200,430300,430400,430500,430600,4600,16200,12400,102300,27600,4900,7500,21600,16500,25700,429600,429500,429400,429300,429200,429100,429000,428900,428800,428700,13200,31600,18100,3700,6900,21800,88200,25100,60300,23900,439380,425500,7395619,3785476,0,0,0,0,0,
600036.SH,600036,20251209,100515000,429700,22600,971130,24906,0,,,14800091,636493379,432700,428300,431800,431800,429800,429900,430000,430100,430200,430300,430400,430500,430600,430700,12500,12400,102300,27600,4900,7500,21600,16500,25700,5800,429700,429600,429500,429400,429300,429200,429100,429000,428900,428800,700,10200,31600,18100,3700,6900,21800,88200,25100,60300,439390,425490,7387319,3784476,0,0,0,0,0,
600036.SH,600036,20251209,100518000,429700,1700,73043,24911,0,,,14801791,636566422,432700,428300,431800,431800,429700,429800,429900,430000,430100,430200,430300,430400,430500,430600,6600,15700,13700,102300,27600,4900,7600,21600,16500,25700,429600,429500,429400,429300,429200,429100,429000,428900,428800,428700,9600,31800,18100,3700,6900,21800,88200,25100,60300,23900,439380,425490,7398519,3784076,0,0,0,0,0,
600036.SH,600036,20251209,100521000,429600,400,17187,24914,0,,,14802191,636583609,432700,428300,431800,431800,429700,429800,429900,430000,430100,430200,430300,430400,430500,430600,7000,15700,14200,102300,27000,4900,7600,21600,16500,25700,429600,429500,429400,429300,429200,429100,429000,428900,428800,428700,9500,30600,18100,3700,6900,21800,89700,26100,60300,23900,439370,425500,7399619,3786476,0,0,0,0,0,
600036.SH,600036,20251209,100524000,429700,2300,98816,24926,0,,,14804491,636682425,432700,428300,431800,431800,429700,429800,429900,430000,430100,430200,430300,430400,430500,430600,7600,15200,14100,102300,27000,4900,7600,21600,16500,25700,429600,429500,429400,429300,429200,429100,429000,428900,428800,428700,25500,30600,18100,3700,6900,21800,89700,26500,60300,23900,439370,425510,7399419,3802876,0,0,0,0,0,
600036.SH,600036,20251209,100527000,429700,53500,2298338,24985,0,,,14857991,638980763,432700,428300,431800,431800,429700,429800,429900,430000,430100,430200,430300,430400,430500,430600,3400,13200,14100,102300,27000,4900,7600,21600,16500,25700,429600,429500,429400,429300,429200,429100,429000,428900,428800,428700,200,15600,20800,3700,6900,18800,92000,26500,60500,23900,439380,425470,7393319,3768476,0,0,0,0,0,
600036.SH,600036,20251209,100530000,429600,5300,227721,24995,0,,,14863291,639208484,432700,428300,431800,431800,429600,429700,429800,429900,430000,430100,430200,430300,430400,430500,600,14400,31600,14100,102300,27000,4900,7600,21600,16500,429500,429400,429300,429200,429100,429000,428900,428800,428700,428600,15900,20800,3700,6900,18800,92000,26500,60500,23900,34700,439340,425470,7423419,3769576,0,0,0,0,0,
600036.SH,600036,20251209,100533000,429600,400,17184,24997,0,,,14863691,639225668,432700,428300,431800,431800,429600,429700,429800,429900,430000,430100,430200,430300,430400,430500,10800,14400,31600,14100,102300,27000,4900,7600,21600,16500,429500,429400,429300,429200,429100,429000,428900,428800,428700,428600,15900,20800,3700,6900,18800,92100,26500,60500,23900,34700,439330,425470,7433919,3769976,0,0,0,0,0,
600036.SH,600036,20251209,100536000,429500,3100,133156,25004,0,,,14866791,639358824,432700,428300,431800,431800,429600,429700,429800,429900,430000,430100,430200,430300,430400,430500,11100,14300,31600,14100,102300,27000,4900,7600,21600,16500,429500,429400,429300,429200,429100,429000,428900,428800,428700,428600,13900,20800,3900,6900,18800,92100,26500,62500,23900,34700,439330,425470,7434119,3770276,0,0,0,0,0,
600036.SH,600036,20251209,100539000,429600,4200,180395,25009,0,,,14870991,639539219,432700,428300,431800,431800,429600,429700,429800,429900,430000,430100,430200,430300,430400,430500,10900,18400,31600,14800,102300,27000,4900,7600,21600,16500,429500,429400,429300,429200,429100,429000,428900,428800,428700,428600,11700,20800,3900,6900,18800,92100,26500,62500,23900,34700,439320,425470,7438719,3769376,0,0,0,0,0,
600036.SH,600036,20251209,100542000,429500,8000,343613,25028,0,,,14878991,639882832,432700,428300,431800,431800,429600,429700,429800,429900,430000,430100,430200,430300,430400,430500,23000,18400,31600,18800,102300,27000,4900,7600,21600,16500,429500,429400,429300,429200,429100,429000,428900,428800,428700,428600,5000,20800,3900,6900,18800,92200,26500,62500,23900,34700,439310,425460,7451719,3763876,0,0,0,0,0,
600036.SH,600036,20251209,100545000,429500,8400,360780,25050,0,,,14887391,640243612,432700,428300,431800,431800,429600,429700,429800,429900,430000,430100,430200,430300,430400,430500,27200,14200,31600,19300,102300,27000,4900,7600,21600,16500,429500,429400,429300,429200,429100,429000,428900,428800,428700,428600,1100,20800,3900,6900,18800,93200,26500,62500,23900,34700,439310,425460,7452319,3760776,0,0,0,0,0,
600036.SH,600036,20251209,100548000,429500,12500,536874,25067,0,,,14899891,640780486,432700,428300,431800,431800,429600,429700,429800,429900,430000,430100,430200,430300,430400,430500,27200,14700,31600,18700,102800,27000,4900,7600,21600,16500,429500,429400,429300,429200,429100,429000,428900,428800,428700,428600,9900,20800,2100,6900,19900,94200,26500,62500,23900,34700,439310,425470,7452319,3770976,0,0,0,0,0,
600036.SH,600036,20251209,100551000,429500,11700,502585,25074,0,,,14911591,641283071,432700,428300,431800,431800,429600,429700,429800,429900,430000,430100,430200,430300,430400,430500,20200,14700,31600,18700,102800,27000,4900,7600,21600,16500,429500,429400,429300,429200,429100,429000,428900,428800,428700,428600,6300,20800,2100,6900,19900,94400,26500,62500,23900,36700,439320,425470,7446019,3769976,0,0,0,0,0,
600036.SH,600036,20251209,100554000,429500,1100,47255,25077,0,,,14912691,641330326,432700,428300,431800,431800,429600,429700,429800,429900,430000,430100,430200,430300,430400,430500,19200,14700,31600,18700,102800,27000,4900,7600,21600,16500,429500,429400,429300,429200,429100,429000,428900,428800,428700,428600,6600,21600,2100,6900,19900,94500,26900,62500,23900,36700,439320,425470,7446519,3773076,0,0,0,0,0,
600036.SH,600036,20251209,100557000,429500,8500,365080,25092,0,,,14921191,641695406,432700,428300,431800,431800,429500,429600,429700,429800,429900,430000,430100,430200,430300,430400,1900,9500,14700,31600,18700,102900,27300,4900,7600,21600,429400,429300,429200,429100,429000,428900,428800,428700,428600,428500,21100,2100,6900,20100,94500,26900,62500,23900,36700,150300,439330,425460,7439319,3765376,0,0,0,0,0,
600036.SH,600036,20251209,100600000,429500,4900,210455,25107,0,,,14926091,641905861,432700,428300,431800,431800,429600,429700,429800,429900,430000,430100,430200,430300,430400,430500,9500,14700,31600,18700,105300,27300,4900,7600,21600,16500,429500,429400,429300,429200,429100,429000,428900,428800,428700,428600,2800,22400,2100,6900,20100,94500,26900,62700,23900,36700,439340,425470,7421819,3770976,0,0,0,0,0,
600036.SH,600036,20251209,100603000,429600,3000,128876,25119,0,,,14929091,642034737,432700,428300,431800,431800,429600,429700,429800,429900,430000,430100,430200,430300,430400,430500,7100,14700,31600,18600,105300,27300,4900,7600,21600,16500,429500,429400,429300,429200,429100,429000,428900,428800,428700,428600,5100,21900,2100,6900,20200,94500,26900,62700,23900,36700,439350,425470,7410819,3773976,0,0,0,0,0,
600036.SH,600036,20251209,100606000,429600,3600,154655,25129,0,,,14932691,642189392,432700,428300,431800,431800,429600,429700,429800,429900,430000,430100,430200,430300,430400,430500,4000,10700,31600,18600,105200,27300,4900,7600,21600,16500,429500,429400,429300,429200,429100,429000,428900,428800,428700,428600,6600,21900,2100,6900,20200,94500,26900,62700,23900,36700,439360,425470,7394219,3775276,0,0,0,0,0,
600036.SH,600036,20251209,100609000,429600,400,17184,25133,0,,,14933091,642206576,432700,428300,431800,431800,429600,429700,429800,429900,430000,430100,430200,430300,430400,430500,3800,10700,31600,19100,105200,27300,4900,7600,21600,16500,429500,429400,429300,429200,429100,429000,428900,428800,428700,428600,7700,21900,2100,6900,20200,94500,27600,62700,23900,36700,439360,425480,7394719,3777276,0,0,0,0,0,
600036.SH,600036,20251209,100612000,429500,1900,81616,25139,0,,,14934991,642288192,432700,428300,431800,431800,429600,429700,429800,429900,430000,430100,430200,430300,430400,430500,12700,10700,31600,19100,105200,27300,4900,7600,21600,16500,429500,429400,429300,429200,429100,429000,428900,428800,428700,428600,14000,21900,2100,6900,20200,94100,27600,62700,23900,36700,439360,425480,7390719,3784976,0,0,0,0,0,
600036.SH,600036,20251209,100615000,429600,2100,90205,25147,0,,,14937091,642378397,432700,428300,431800,431800,429600,429700,429800,429900,430000,430100,430200,430300,430400,430500,11700,10700,31600,19100,105200,27300,4900,7600,21600,16500,429500,429400,429300,429200,429100,429000,428900,428800,428700,428600,13300,21900,2100,6900,20200,94100,27600,62700,23900,36700,439370,425480,7370519,3785476,0,0,0,0,0,
600036.SH,600036,20251209,100618000,429600,100,4296,25148,0,,,14937191,642382693,432700,428300,431800,431800,429600,429700,429800,429900,430000,430100,430200,430300,430400,430500,14900,10600,31600,19100,105400,27300,4900,7600,21600,16500,429500,429400,429300,429200,429100,429000,428900,428800,428700,428600,13500,21900,2100,12500,19400,94500,29600,62700,23900,36700,439370,425490,7373819,3794076,0,0,0,0,0,
600036.SH,600036,20251209,100621000,429500,1200,51540,25154,0,,,14938391,642434233,432700,428300,431800,431800,429600,429700,429800,429900,430000,430100,430200,430300,430400,430500,15600,10600,31600,19100,105400,27300,4900,7600,21600,16500,429500,429400,429300,429200,429100,429000,428900,428800,428700,428600,12500,21900,2900,12600,19900,94700,29600,62700,23900,36800,439360,425490,7374519,3795576,0,0,0,0,0,
600036.SH,600036,20251209,100624000,429500,500,21479,25156,0,,,14938891,642455712,432700,428300,431800,431800,429600,429700,429800,429900,430000,430100,430200,430300,430400,430500,12100,10600,31600,19200,105400,27300,4900,7600,21600,16500,429500,429400,429300,429200,429100,429000,428900,428800,428700,428600,12700,22000,2900,12600,20100,94700,29600,62700,23900,36800,439370,425490,7371319,3796976,0,0,0,0,0,
600036.SH,600036,20251209,100627000,429600,400,17183,25158,0,,,14939291,642472895,432700,428300,431800,431800,429600,429700,429800,429900,430000,430100,430200,430300,430400,430500,11800,10600,30800,19200,105400,27300,4900,7600,21600,16500,429500,429400,429300,429200,429100,429000,428900,428800,428700,428600,13300,22000,2900,12600,20100,94700,29600,62700,23900,36800,439370,425490,7370219,3797776,0,0,0,0,0,
600036.SH,600036,20251209,100630000,429500,19600,841820,25191,0,,,14958891,643314715,432700,428300,431800,431800,429500,429600,429700,429800,429900,430000,430100,430200,430300,430400,100,11600,11900,30800,19200,105400,27300,4900,7600,21600,429400,429300,429200,429100,429000,428900,428800,428700,428600,428500,22000,3000,12600,20100,93800,29600,62700,23900,36800,151800,439380,425480,7373419,3783276,0,0,0,0,0,
600036.SH,600036,20251209,100633000,429500,6900,296361,25216,0,,,14965791,643611076,432700,428300,431800,431800,429500,429600,429700,429800,429900,430000,430100,430200,430300,430400,6000,11000,12000,30800,19200,45500,27300,4900,7600,21600,429400,429300,429200,429100,429000,428900,428800,428700,428600,428500,23400,3000,12600,20100,93800,29600,62700,23900,37000,151800,439450,425480,7319019,3785676,0,0,0,0,0,
600036.SH,600036,20251209,100636000,429700,17600,756039,25229,0,,,14983391,644367115,432700,428300,431800,431800,429700,429800,429900,430000,430100,430200,430300,430400,430500,430600,11600,30800,19200,45500,27300,4900,7600,21600,16500,25700,429600,429500,429400,429300,429200,429100,429000,428900,428800,428700,1000,7600,23600,3700,12300,19600,93800,29600,62700,23900,439470,425490,7301619,3798376,0,0,0,0,0,
600036.SH,600036,20251209,100639000,429600,10300,442498,25244,0,,,14993691,644809613,432700,428300,431800,431800,429600,429700,429800,429900,430000,430100,430200,430300,430400,430500,20600,12100,30800,19200,45500,27300,4900,7600,21600,16500,429500,429400,429300,429200,429100,429000,428900,428800,428700,428600,11000,44900,5200,12300,19600,94400,29600,62700,23900,37000,439440,425510,7322719,3824176,0,0,0,0,0,
600036.SH,600036,20251209,100642000,429700,27300,1172792,25290,0,,,15020991,645982405,432700,428300,431800,431800,429700,429800,429900,430000,430100,430200,430300,430400,430500,430600,10700,30800,19200,45500,27300,4900,7600,21600,16500,25700,429500,429400,429300,429200,429100,429000,428900,428800,428700,428600,9900,44900,5200,12600,19700,94400,29600,62800,23900,37000,439470,425510,7300719,3822976,0,0,0,0,0,
600036.SH,600036,20251209,100645000,429600,14600,627198,25308,0,,,15035591,646609603,432700,428300,431800,431800,429600,429700,429800,429900,430000,430100,430200,430300,430400,430500,1500,12200,12400,19200,45500,27300,4900,7600,21600,16500,429500,429400,429300,429200,429100,429000,428900,428800,428700,428600,12300,44900,3700,12600,19700,93500,29600,62800,23900,37000,439500,425510,7282019,3822876,0,0,0,0,0,
600036.SH,600036,20251209,100648000,429600,2600,111701,25319,0,,,15038191,646721304,432700,428300,431800,431800,429700,429800,429900,430000,430100,430200,430300,430400,430500,430600,9900,12400,19200,45500,27300,4900,7600,21600,16500,25700,429600,429500,429400,429300,429200,429100,429000,428900,428800,428700,5100,17100,43000,3800,12600,19700,94500,29600,62800,23900,439500,425520,7278319,3831476,0,0,0,0,0,
600036.SH,600036,20251209,100651000,429600,9900,425308,25339,0,,,15048091,647146612,432700,428300,431800,431800,429600,429700,429800,429900,430000,430100,430200,430300,430400,430500,2300,9500,12400,19200,46800,27300,4900,7600,21600,16600,429500,429400,429300,429200,429100,429000,428900,428800,428700,428600,18000,43000,4300,12600,19300,94500,29800,63000,23900,37200,439500,425520,7281619,3827976,0,0,0,0,0,
600036.SH,600036,20251209,100654000,429600,4700,201886,25351,0,,,15052791,647348498,432700,428300,431800,431800,429600,429700,429800,429900,430000,430100,430200,430300,430400,430500,600,9400,12400,19200,46800,27300,4900,7600,21600,16600,429500,429400,429300,429200,429100,429000,428900,428800,428700,428600,16100,43400,4300,12600,19300,96500,29800,63000,23900,37200,439500,425520,7280119,3829376,0,0,0,0,0,
600036.SH,600036,20251209,100657000,429600,4100,176139,25363,0,,,15056891,647524637,432700,428300,431800,431800,429600,429700,429800,429900,430000,430100,430200,430300,430400,430500,2500,10800,12400,19200,46800,27300,4900,7600,21600,16600,429500,429400,429300,429200,429100,429000,428900,428800,428700,428600,11700,44900,7100,13000,19300,96000,29800,63000,23900,37200,439500,425520,7283419,3829276,0,0,0,0,0,
600036.SH,600036,20251209,100700000,429600,12500,536888,25377,0,,,15069391,648061525,432700,428300,431800,431800,429600,429700,429800,429900,430000,430100,430200,430300,430400,430500,8900,9800,12400,19200,49800,27300,4900,7600,21600,16600,429500,429400,429300,429200,429100,429000,428900,428800,428700,428600,11400,44900,7200,13000,19300,96100,29800,63000,23900,37200,439480,425520,7291719,3829076,0,0,0,0,0,
600036.SH,600036,20251209,100703000,429600,6000,257760,25386,0,,,15075391,648319285,432700,428300,431800,431800,429600,429700,429800,429900,430000,430100,430200,430300,430400,430500,3200,7100,12400,16200,49800,27300,4900,7600,21600,16600,429500,429400,429300,429200,429100,429000,428900,428800,428700,428600,15600,44900,7200,13000,19300,96100,29800,63000,23900,37200,439500,425520,7280319,3833776,0,0,0,0,0,
600036.SH,600036,20251209,100706000,429500,4800,206168,25396,0,,,15080191,648525453,432700,428300,431800,431800,429600,429700,429800,429900,430000,430100,430200,430300,430400,430500,8700,7100,12400,16200,49800,27300,4900,7600,21600,16600,429500,429400,429300,429200,429100,429000,428900,428800,428700,428600,13100,44900,7200,13000,19800,96200,29800,63000,23900,38100,439490,425520,7285819,3833576,0,0,0,0,0,
600036.SH,600036,20251209,100709000,429600,1300,55843,25398,0,,,15081491,648581296,432700,428300,431800,431800,429600,429700,429800,429900,430000,430100,430200,430300,430400,430500,26100,7000,12400,16200,49800,25300,4900,7600,21600,16600,429500,429400,429300,429200,429100,429000,428900,428800,428700,428600,12700,44900,7200,13000,19800,96600,29800,63000,23900,38100,439470,425520,7301119,3833576,0,0,0,0,0,
600036.SH,600036,20251209,100712000,429600,300,12888,25401,0,,,15081791,648594184,432700,428300,431800,431800,429600,429700,429800,429900,430000,430100,430200,430300,430400,430500,36100,6800,12400,16200,49800,25400,4900,7600,21600,16600,429500,429400,429300,429200,429100,429000,428900,428800,428700,428600,12900,44900,7200,13000,20100,96600,29800,63000,23900,38300,439460,425520,7311319,3834376,0,0,0,0,0,
600036.SH,600036,20251209,100715000,429600,14900,639965,25417,0,,,15096691,649234149,432700,428300,431800,431800,429600,429700,429800,429900,430000,430100,430200,430300,430400,430500,35300,6800,12400,16200,49800,25400,4900,7600,21600,16600,429500,429400,429300,429200,429100,429000,428900,428800,428700,428600,100,44900,7200,13000,20100,96600,29800,63000,23900,38300,439460,425510,7309919,3821976,0,0,0,0,0,
600036.SH,600036,20251209,100718000,429500,700,30067,25423,0,,,15097391,649264216,432700,428300,431800,431800,429600,429700,429800,429900,430000,430100,430200,430300,430400,430500,43700,6800,12400,16200,49800,25400,4900,7600,21600,16400,429500,429400,429300,429200,429100,429000,428900,428800,428700,428600,4900,44900,7200,13100,20100,96800,29800,63000,23900,36300,439450,425510,7318319,3825176,0,0,0,0,0,
600036.SH,600036,20251209,100721000,429500,1200,51540,25427,0,,,15098591,649315756,432700,428300,431800,431800,429600,429700,429800,429900,430000,430100,430200,430300,430400,430500,28200,9200,12400,16200,53800,25400,4900,7600,21600,16400,429500,429400,429300,429200,429100,429000,428900,428800,428700,428600,7700,44900,7200,13100,21100,97000,29800,62300,23900,36300,439460,425520,7309219,3829076,0,0,0,0,0,
600036.SH,600036,20251209,100724000,429500,15000,644350,25442,0,,,15113591,649960106,432700,428300,431800,431800,429600,429700,429800,429900,430000,430100,430200,430300,430400,430500,18400,9200,12400,16200,53800,25400,4900,7600,21600,16400,429500,429400,429300,429200,429100,429000,428900,428800,428700,428600,3100,44900,7200,13100,21200,97000,29800,62500,23900,36300,439490,425510,7289419,3825376,0,0,0,0,0,
600036.SH,600036,20251209,100727000,429500,83100,3567695,25528,0,,,15196691,653527801,432700,428300,431800,431800,429500,429600,429700,429800,429900,430000,430100,430200,430300,430400,6100,23800,9200,12400,16200,53800,25400,4900,7600,21600,429400,429300,429200,429100,429000,428900,428800,428700,428600,428500,400,100,20600,22500,97000,29800,62500,23900,36300,152100,439480,425470,7295919,3779476,0,0,0,0,0,
600036.SH,600036,20251209,100730000,429400,6000,257649,25544,0,,,15202691,653785450,432700,428300,431800,431800,429400,429500,429600,429700,429800,429900,430000,430100,430200,430300,6200,6100,23800,8200,12400,15700,53800,25400,4900,7600,429300,429200,429100,429000,428900,428800,428700,428600,428500,428400,100,20600,22500,97000,29800,62500,23900,36300,152100,46700,439470,425470,7295619,3778976,0,0,0,0,0,
600036.SH,600036,20251209,100733000,429500,11700,502448,25586,0,,,15214391,654287898,432700,428300,431800,431800,429500,429600,429700,429800,429900,430000,430100,430200,430300,430400,2700,23700,7900,12400,15400,53800,25400,4900,7600,21600,429400,429300,429200,429100,429000,428900,428800,428700,428600,428500,1400,1600,20600,22500,97000,29800,62600,24200,36300,152100,439490,425470,7280919,3782376,0,0,0,0,0,
600036.SH,600036,20251209,100736000,429300,16700,716982,25637,0,,,15231091,655004880,432700,428300,431800,431800,429400,429500,429600,429700,429800,429900,430000,430100,430200,430300,1400,3200,23600,7900,12800,15400,53800,25400,4900,7600,429300,429200,429100,429000,428900,428800,428700,428600,428500,428400,100,33000,21500,97000,29800,62600,24200,35800,152200,46700,439490,425480,7283219,3791476,0,0,0,0,0,
600036.SH,600036,20251209,100739000,429300,9300,399251,25659,0,,,15240391,655404131,432700,428300,431800,431800,429400,429500,429600,429700,429800,429900,430000,430100,430200,430300,1200,3100,23700,7900,12800,15400,53800,25400,4900,7600,429300,429200,429100,429000,428900,428800,428700,428600,428500,428400,200,15200,13700,97600,29800,62600,25200,35600,153200,46700,439490,425460,7283319,3769076,0,0,0,0,0,
600036.SH,600036,20251209,100742000,429200,3800,163123,25667,0,,,15244191,655567254,432700,428300,431800,431800,429400,429500,429600,429700,429800,429900,430000,430100,430200,430300,800,21500,23700,7900,12800,15400,53800,25400,4900,7600,429300,429200,429100,429000,428900,428800,428700,428600,428500,428400,100,12400,13700,97600,30300,64600,25200,35600,153200,46600,439470,425450,7302619,3767976,0,0,0,0,0,
600036.SH,600036,20251209,100745000,429400,700,30057,25672,0,,,15244891,655597311,432700,428300,431800,431800,429400,429500,429600,429700,429800,429900,430000,430100,430200,430300,41400,21600,23600,7900,12800,15400,53800,25400,4900,7600,429300,429200,429100,429000,428900,428800,428700,428600,428500,428400,3000,12400,13700,97700,30300,64700,25200,35600,153200,46600,439410,425460,7343219,3771676,0,0,0,0,0,
600036.SH,600036,20251209,100748000,429500,78300,3362251,25729,0,,,15323191,658959562,432700,428300,431800,431800,429500,429600,429700,429800,429900,430000,430100,430200,430300,430400,7400,15500,7900,12800,14700,53800,25400,4900,7600,21600,429300,429200,429100,429000,428900,428800,428700,428600,428500,428400,15700,33300,13700,97800,30300,64700,25200,36600,153400,46600,439490,425490,7283919,3806976,0,0,0,0,0,
600036.SH,600036,20251209,100751000,429500,1100,47243,25734,0,,,15324291,659006805,432700,428300,431800,431800,429500,429600,429700,429800,429900,430000,430100,430200,430300,430400,6500,15500,7900,12800,14700,53800,25400,4900,7600,21600,429400,429300,429200,429100,429000,428900,428800,428700,428600,428500,900,24500,33300,15000,98300,30300,64700,25200,36600,153400,439490,425500,7288019,3819576,0,0,0,0,0,
600036.SH,600036,20251209,100754000,429600,38600,1657274,25793,0,,,15362891,660664079,432700,428300,431800,431800,429600,429700,429800,429900,430000,430100,430200,430300,430400,430500,15600,7400,12400,14700,53800,25400,4900,7600,21600,16400,429400,429300,429200,429100,429000,428900,428800,428700,428600,428500,50200,13900,35300,15000,97800,29600,64700,25200,36600,153400,439500,425540,7280719,3857876,0,0,0,0,0,
600036.SH,600036,20251209,100757000,429600,600,25774,25798,0,,,15363491,660689853,432700,428300,431800,431800,429600,429700,429800,429900,430000,430100,430200,430300,430400,430500,15300,7400,12400,14700,53800,25400,4900,7600,21600,16400,429500,429400,429300,429200,429100,429000,428900,428800,428700,428600,900,51700,11100,37200,15000,97800,29600,64700,25200,37600,439500,425550,7285419,3860476,0,0,0,0,0,
600036.SH,600036,20251209,100800000,429600,1300,55838,25804,0,,,15364791,660745691,432700,428300,431800,431800,429600,429700,429800,429900,430000,430100,430200,430300,430400,430500,15100,7400,12400,14700,53800,25400,4900,7600,21600,16400,429500,429400,429300,429200,429100,429000,428900,428800,428700,428600,1800,53300,11200,37300,15000,98700,29600,114700,25300,37700,439500,425590,7285219,3913676,0,0,0,0,0,
600036.SH,600036,20251209,100803000,429600,24900,1069639,25842,0,,,15389691,661815330,432700,428300,431800,431800,429600,429700,429800,429900,430000,430100,430200,430300,430400,430500,2500,7400,12400,14700,53900,25400,4900,7600,20400,16400,429500,429400,429300,429200,429100,429000,428900,428800,428700,428600,1100,53500,11200,37300,15000,102100,29600,114700,25300,37700,439510,425590,7271819,3916776,0,0,0,0,0,
600036.SH,600036,20251209,100806000,429700,18300,786214,25881,0,,,15407991,662601544,432700,428300,431800,431800,429700,429800,429900,430000,430100,430200,430300,430400,430500,430600,100,12500,14700,53900,25400,4900,7600,20400,16400,26400,429600,429500,429400,429300,429200,429100,429000,428900,428800,428700,6500,2500,70000,11200,37800,15700,102200,29100,114700,25300,439530,425620,7262119,3942476,0,0,0,0,0,
600036.SH,600036,20251209,100809000,429700,7300,313623,25888,0,,,15415291,662915167,432700,428300,431800,431800,429800,429900,430000,430100,430200,430300,430400,430500,430600,430700,12500,14800,53900,25400,4900,7600,20400,16400,26400,5700,429600,429500,429400,429300,429200,429100,429000,428900,428800,428700,600,10200,53000,7600,37800,15700,102200,29100,114700,25300,439530,425600,7262319,3924376,0,0,0,0,0,
600036.SH,600036,20251209,100812000,429700,1500,64460,25894,0,,,15416791,662979627,432700,428300,431800,431800,429800,429900,430000,430100,430200,430300,430400,430500,430600,430700,11900,9400,54000,25400,4900,7600,20400,16400,26400,5700,429700,429600,429500,429400,429300,429200,429100,429000,428900,428800,800,13800,10200,53000,7600,37800,15700,102200,29100,117700,439540,425620,7256419,3942176,0,0,0,0,0,
600036.SH,600036,20251209,100815000,429800,7000,300860,25902,0,,,15423791,663280487,432700,428300,431800,431800,429800,429900,430000,430100,430200,430300,430400,430500,430600,430700,13500,9300,54000,25500,4900,7600,20400,16400,26400,5700,429700,429600,429500,429400,429300,429200,429100,429000,428900,428800,6200,13800,10600,53000,8100,37800,15700,102000,29100,117700,439530,425620,7257719,3950976,0,0,0,0,0,
600036.SH,600036,20251209,100818000,429900,29400,1263689,25956,0,,,15453191,664544176,432700,428300,431800,431800,429900,430000,430100,430200,430300,430400,430500,430600,430700,430800,200,54000,25500,4900,7600,20400,16400,26500,5700,8500,429800,429700,429600,429500,429400,429300,429200,429100,429000,428900,100,5000,14100,10400,53000,8100,37600,15700,102000,29100,439560,425620,7234519,3949476,0,0,0,0,0,
600036.SH,600036,20251209,100821000,429800,3600,154726,25968,0,,,15456791,664698902,432700,428300,431800,431800,429800,429900,430000,430100,430200,430300,430400,430500,430600,430700,3500,200,54300,25500,4900,7600,20400,16400,26500,5700,429700,429600,429500,429400,429300,429200,429100,429000,428900,428800,1100,13600,12400,51600,8100,37100,15700,103000,29300,117700,439560,425610,7238319,3937776,0,0,0,0,0,
600036.SH,600036,20251209,100824000,429700,4100,176177,25977,0,,,15460891,664875079,432700,428300,431800,431800,429700,429800,429900,430000,430100,430200,430300,430400,430500,430600,6000,7000,300,54100,25500,4900,7600,20400,16400,26500,429600,429500,429400,429300,429200,429100,429000,428900,428800,428700,3900,11900,51600,8600,18700,15700,102400,29300,117700,25400,439540,425580,7252919,3908476,0,0,0,0,0,
600036.SH,600036,20251209,100827000,429600,4200,180435,26000,0,,,15465091,665055514,432700,428300,431800,431800,429600,429700,429800,429900,430000,430100,430200,430300,430400,430500,4700,6000,7100,700,53900,25500,4900,7600,20400,16400,429500,429400,429300,429200,429100,429000,428900,428800,428700,428600,12200,51500,8600,18700,15700,102400,29300,117700,25400,38200,439540,425580,7257919,3904876,0,0,0,0,0,
600036.SH,600036,20251209,100830000,429600,1300,55848,26005,0,,,15466391,665111362,432700,428300,431800,431800,429600,429700,429800,429900,430000,430100,430200,430300,430400,430500,5500,6800,7100,700,53900,25500,4900,7600,20400,16400,429500,429400,429300,429200,429100,429000,428900,428800,428700,428600,12800,51500,8600,18700,15700,102400,29300,117700,25600,38000,439530,425580,7260219,3906276,0,0,0,0,0,
600036.SH,600036,20251209,100833000,429600,7000,300720,26013,0,,,15473391,665412082,432700,428300,431800,431800,429600,429700,429800,429900,430000,430100,430200,430300,430400,430500,7500,7000,6800,700,53900,25500,4900,7600,20400,16400,429500,429400,429300,429200,429100,429000,428900,428800,428700,428600,13500,51500,8600,18700,15700,102700,29300,117700,25600,38000,439530,425580,7263219,3910976,0,0,0,0,0,
600036.SH,600036,20251209,100836000,429600,10100,433858,26030,0,,,15483491,665845940,432700,428300,431800,431800,429600,429700,429800,429900,430000,430100,430200,430300,430400,430500,9600,6800,6800,700,54100,25500,4900,7600,20400,16400,429500,429400,429300,429200,429100,429000,428900,428800,428700,428600,100600,51500,8700,18700,15700,102700,29800,117700,25600,38000,439530,425670,7264219,3996576,0,0,0,0,0,
600036.SH,600036,20251209,100839000,429600,1900,81623,26040,0,,,15485391,665927563,432700,428300,431800,431800,429600,429700,429800,429900,430000,430100,430200,430300,430400,430500,8600,6800,6800,700,54100,25500,4900,7600,20400,16400,429500,429400,429300,429200,429100,429000,428900,428800,428700,428600,101100,51500,9000,18900,15700,103700,29800,132400,25600,38000,439520,425680,7272619,4013276,0,0,0,0,0,
600036.SH,600036,20251209,100842000,429600,19900,854957,26055,0,,,15505291,666782520,432700,428300,431800,431800,429700,429800,429900,430000,430100,430200,430300,430400,430500,430600,1600,6800,700,54600,25500,4900,7600,20400,16400,26500,429600,429500,429400,429300,429200,429100,429000,428900,428800,428700,27600,101200,51500,9000,18900,15700,103700,29800,132300,25600,439540,425710,7259519,4041076,0,0,0,0,0,
600036.SH,600036,20251209,100845000,429600,100,4296,26056,0,,,15505391,666786816,432700,428300,431800,431800,429700,429800,429900,430000,430100,430200,430300,430400,430500,430600,1600,6800,700,57700,25500,4900,7600,20400,16400,26500,429600,429500,429400,429300,429200,429100,429000,428900,428800,428700,28700,90300,51800,9200,18900,15700,103800,29800,132600,25600,439530,425700,7264519,4032976,0,0,0,0,0,
600036.SH,600036,20251209,100848000,429700,12600,541397,26069,0,,,15517991,667328213,432700,428300,431800,431800,429700,429800,429900,430000,430100,430200,430300,430400,430500,430600,500,6800,700,58300,25500,4900,7700,20400,16400,26500,429600,429500,429400,429300,429200,429100,429000,428900,428800,428700,29200,92100,51800,9200,18900,15700,103800,29800,132600,25600,439540,425700,7264219,4035376,0,0,0,0,0,
600036.SH,600036,20251209,100851000,429600,10400,446789,26074,0,,,15528391,667775002,432700,428300,431800,431800,429700,429800,429900,430000,430100,430200,430300,430400,430500,430600,100,6800,700,58300,25500,4900,7700,20400,16400,27000,429600,429500,429400,429300,429200,429100,429000,428900,428800,428700,19700,92100,51800,9200,18900,15800,103800,29800,132600,25600,439550,425690,7230419,4027776,0,0,0,0,0,
600036.SH,600036,20251209,100854000,429600,1200,51558,26083,0,,,15529591,667826560,432700,428300,431800,431800,429700,429800,429900,430000,430100,430200,430300,430400,430500,430600,3500,8700,700,58100,25500,4900,7700,20400,16400,27000,429600,429500,429400,429300,429200,429100,429000,428900,428800,428700,20200,91800,51800,9200,18900,15800,103800,29800,132600,25600,439540,425700,7240319,4030776,0,0,0,0,0,
600036.SH,600036,20251209,100857000,429700,1300,55859,26092,0,,,15530891,667882419,432700,428300,431800,431800,429700,429800,429900,430000,430100,430200,430300,430400,430500,430600,11700,8700,700,57800,25500,4900,7700,20400,16400,27000,429600,429500,429400,429300,429200,429100,429000,428900,428800,428700,20500,91800,51800,9500,18900,15800,104400,29800,132600,25600,439530,425700,7248719,4027376,0,0,0,0,0,
600036.SH,600036,20251209,100900000,429700,700,30076,26096,0,,,15531591,667912495,432700,428300,431800,431800,429700,429800,429900,430000,430100,430200,430300,430400,430500,430600,11500,8900,700,57800,25500,4900,7700,20400,16400,27000,429600,429500,429400,429300,429200,429100,429000,428900,428800,428700,21300,92800,51800,9500,18900,15800,104400,29800,132600,25600,439530,425700,7248719,4030276,0,0,0,0,0,
600036.SH,600036,20251209,100903000,429700,1400,60158,26105,0,,,15532991,667972653,432700,428300,431800,431800,429700,429800,429900,430000,430100,430200,430300,430400,430500,430600,10700,8900,700,57800,25500,4900,7600,20400,16400,27000,429600,429500,429400,429300,429200,429100,429000,428900,428800,428700,21500,92800,51800,9500,18900,15800,104400,29800,132700,25600,439530,425700,7248319,4033476,0,0,0,0,0,
600036.SH,600036,20251209,100906000,429700,300,12891,26107,0,,,15533291,667985544,432700,428300,431800,431800,429700,429800,429900,430000,430100,430200,430300,430400,430500,430600,23600,8900,700,57800,25500,4900,7600,20400,16400,27000,429600,429500,429400,429300,429200,429100,429000,428900,428800,428700,30200,92600,51800,9500,18900,15800,104600,29800,133200,25600,439510,425710,7261219,4041876,0,0,0,0,0,
600036.SH,600036,20251209,100909000,429600,800,34374,26113,0,,,15534091,668019918,432700,428300,431800,431800,429700,429800,429900,430000,430100,430200,430300,430400,430500,430600,23900,8900,1100,57800,25500,3400,7600,20400,16400,27000,429600,429500,429400,429300,429200,429100,429000,428900,428800,428700,35800,93500,51900,9500,18900,15800,104700,29800,133200,25600,439510,425710,7260419,4048676,0,0,0,0,0,
600036.SH,600036,20251209,100912000,429600,19700,846457,26128,0,,,15553791,668866375,432700,428300,431800,431800,429700,429800,429900,430000,430100,430200,430300,430400,430500,430600,10100,8900,1100,57800,25500,3400,7600,20100,16400,27000,429600,429500,429400,429300,429200,429100,429000,428900,428800,428700,32400,93300,51900,9500,18900,15800,104700,29800,133200,25600,439530,425710,7246319,4045276,0,0,0,0,0,
600036.SH,600036,20251209,100915000,429800,15900,683168,26145,0,,,15569691,669549543,432700,428300,431800,431800,429800,429900,430000,430100,430200,430300,430400,430500,430600,430700,8900,1200,57800,25500,3400,7600,20100,16400,27000,5700,429600,429500,429400,429300,429200,429100,429000,428900,428800,428700,27600,93300,51900,9500,18900,15800,104700,29800,133300,25600,439550,425700,7233119,4039876,0,0,0,0,0,
600036.SH,600036,20251209,100918000,429600,700,30073,26148,0,,,15570391,669579616,432700,428300,431800,431800,429800,429900,430000,430100,430200,430300,430400,430500,430600,430700,18000,1200,58200,25500,3400,7600,20100,16400,27000,5700,429600,429500,429400,429300,429200,429100,429000,428900,428800,428700,27100,93300,51900,10100,18900,15800,105100,29700,133100,25900,439540,425700,7242619,4041276,0,0,0,0,0,
600036.SH,600036,20251209,100921000,429800,1000,42980,26150,0,,,15571391,669622596,432700,428300,431800,431800,429800,429900,430000,430100,430200,430300,430400,430500,430600,430700,42800,1200,58200,25500,3400,7600,20100,16400,27000,5700,429700,429600,429500,429400,429300,429200,429100,429000,428900,428800,5400,27200,96000,51900,10100,18900,15800,105100,29700,133100,439480,425710,7297419,4049576,0,0,0,0,0,
600036.SH,600036,20251209,100924000,429700,2300,98845,26157,0,,,15573691,669721441,432700,428300,431800,431800,429800,429900,430000,430100,430200,430300,430400,430500,430600,430700,51400,1700,58000,25500,3400,7600,20800,16400,27000,5700,429700,429600,429500,429400,429300,429200,429100,429000,428900,428800,5900,25500,95900,51900,10400,18900,15800,104900,29700,133100,439460,425710,7307619,4048776,0,0,0,0,0,
600036.SH,600036,20251209,100927000,429700,9200,395339,26174,0,,,15582891,670116780,432700,428300,431800,431800,429700,429800,429900,430000,430100,430200,430300,430400,430500,430600,7900,51100,1700,58100,25500,3400,7600,20800,16400,27000,429600,429500,429400,429300,429200,429100,429000,428900,428800,428700,26800,95700,51900,10400,19400,15800,104900,29700,133100,25900,439450,425710,7315519,4049976,0,0,0,0,0,
600036.SH,600036,20251209,100930000,429600,10200,438293,26184,0,,,15593091,670555073,432700,428300,431800,431800,429700,429800,429900,430000,430100,430200,430300,430400,430500,430600,3000,50900,1600,58100,25500,3400,7600,20800,16400,27000,429600,429500,429400,429300,429200,429100,429000,428900,428800,428700,26800,95700,51900,10400,19400,15800,105500,29700,133100,25900,439460,425710,7310319,4050176,0,0,0,0,0,
600036.SH,600036,20251209,100933000,429800,6500,279336,26194,0,,,15599591,670834409,432700,428300,431800,431800,429800,429900,430000,430100,430200,430300,430400,430500,430600,430700,48900,1600,58100,25500,3400,7600,20800,16400,27000,5700,429600,429500,429400,429300,429200,429100,429000,428900,428800,428700,27400,95700,51900,10500,19500,15800,105500,29700,133700,25900,439460,425710,7310719,4052776,0,0,0,0,0,
600036.SH,600036,20251209,100936000,429700,4500,193361,26205,0,,,15604091,671027770,432700,428300,431800,431800,429700,429800,429900,430000,430100,430200,430300,430400,430500,430600,1200,49100,1600,57900,25900,3400,7600,20100,16400,27000,429600,429500,429400,429300,429200,429100,429000,428900,428800,428700,28500,95700,51900,10500,19500,15800,105500,29700,133800,25900,439470,425710,7296619,4055276,0,0,0,0,0,
600036.SH,600036,20251209,100939000,429800,8800,378139,26211,0,,,15612891,671405909,432700,428300,431800,431800,429800,429900,430000,430100,430200,430300,430400,430500,430600,430700,48800,1600,57900,25900,3400,7600,20100,16400,27000,5700,429700,429600,429500,429400,429300,429200,429100,429000,428900,428800,41500,28800,95700,51900,10500,19500,15800,105600,29700,133800,439470,425750,7295119,4098176,0,0,0,0,0,
600036.SH,600036,20251209,100942000,429800,600,25784,26216,0,,,15613491,671431693,432700,428300,431800,431800,429800,429900,430000,430100,430200,430300,430400,430500,430600,430700,48700,1600,57900,25900,3400,7600,20100,16400,27000,5700,429700,429600,429500,429400,429300,429200,429100,429000,428900,428800,41800,29100,95700,51900,10500,19500,15800,105600,29700,133800,439470,425750,7295019,4098776,0,0,0,0,0,
600036.SH,600036,20251209,100945000,429700,1200,51564,26220,0,,,15614691,671483257,432700,428300,431800,431800,429800,429900,430000,430100,430200,430300,430400,430500,430600,430700,51300,1600,57900,25900,3400,7600,20100,16400,27000,5700,429700,429600,429500,429400,429300,429200,429100,429000,428900,428800,41400,24200,95700,51300,10800,19500,15800,105600,29700,135000,439460,425750,7299019,4094276,0,0,0,0,0,
600036.SH,600036,20251209,100948000,429700,200,8595,26222,0,,,15614891,671491852,432700,428300,431800,431800,429800,429900,430000,430100,430200,430300,430400,430500,430600,430700,52700,1900,57900,25900,3400,7600,20100,16400,27000,5700,429700,429600,429500,429400,429300,429200,429100,429000,428900,428800,41400,24200,98700,51300,10800,19500,15800,105600,29700,135000,439460,425750,7301019,4096476,0,0,0,0,0,
600036.SH,600036,20251209,100951000,429700,11700,502851,26233,0,,,15626591,671994703,432700,428300,431800,431800,429800,429900,430000,430100,430200,430300,430400,430500,430600,430700,43000,1900,57900,25900,3400,7600,20100,16400,27000,5700,429700,429600,429500,429400,429300,429200,429100,429000,428900,428800,40300,25400,99700,51300,10800,19500,15800,105600,29700,135000,439470,425750,7294119,4097676,0,0,0,0,0,
600036.SH,600036,20251209,100954000,429700,12100,520035,26242,0,,,15638691,672514738,432700,428300,431800,431800,429800,429900,430000,430100,430200,430300,430400,430500,430600,430700,34400,1900,57900,5000,3400,7600,20100,16400,27000,5700,429700,429600,429500,429400,429300,429200,429100,429000,428900,428800,39000,25500,99700,51500,10800,19500,15800,105600,29700,135000,439510,425750,7264719,4096976,0,0,0,0,0,
600036.SH,600036,20251209,100957000,429800,18000,773623,26249,0,,,15656691,673288361,432700,428300,431800,431800,429800,429900,430000,430100,430200,430300,430400,430500,430600,430700,39300,1800,57900,5000,3400,7600,20100,16400,27000,5700,429700,429600,429500,429400,429300,429200,429100,429000,428900,428800,39200,25600,99700,51600,10800,19500,15800,103400,29700,135000,439490,425750,7284519,4095376,0,0,0,0,0,
600036.SH,600036,20251209,101000000,429800,10248,440361,26256,0,,,15666939,673728722,432700,428300,431800,431800,429800,429900,430000,430100,430200,430300,430400,430500,430600,430700,39600,1800,57900,5000,3400,7600,20100,16400,27000,5700,429700,429600,429500,429400,429300,429200,429100,429000,428900,428800,30252,24600,99700,51600,10800,19500,15800,103500,29700,135000,439490,425740,7285819,4085528,0,0,0,0,0,
600036.SH,600036,20251209,101003000,429800,1500,64460,26261,0,,,15668439,673793182,432700,428300,431800,431800,429800,429900,430000,430100,430200,430300,430400,430500,430600,430700,39900,1800,57900,5000,3400,7600,20100,16400,27000,5700,429700,429600,429500,429400,429300,429200,429100,429000,428900,428800,29752,24100,100200,52400,10300,19500,15800,104500,29700,135000,439490,425740,7286419,4086228,0,0,0,0,0,
600036.SH,600036,20251209,101006000,429700,5600,240654,26268,0,,,15674039,674033836,432700,428300,431800,431800,429800,429900,430000,430100,430200,430300,430400,430500,430600,430700,37700,1400,57900,5000,3400,7600,20100,16400,27000,5700,429700,429600,429500,429400,429300,429200,429100,429000,428900,428800,29252,24300,100300,52400,10300,19500,15800,104500,29700,135000,439490,425740,7283719,4086928,0,0,0,0,0,
600036.SH,600036,20251209,101009000,429800,1100,47278,26271,0,,,15675139,674081114,432700,428300,431800,431800,429800,429900,430000,430100,430200,430300,430400,430500,430600,430700,39400,1400,57900,5000,3400,7600,20100,16400,27000,5700,429700,429600,429500,429400,429300,429200,429100,429000,428900,428800,30352,24300,100300,52400,10300,19500,15800,104600,29700,135000,439490,425740,7287819,4089528,0,0,0,0,0,
600036.SH,600036,20251209,101012000,429800,1900,81647,26274,0,,,15677039,674162761,432700,428300,431800,431800,429800,429900,430000,430100,430200,430300,430400,430500,430600,430700,39000,1800,57900,5400,3400,7600,20100,16400,27000,5700,429700,429600,429500,429400,429300,429200,429100,429000,428900,428800,29352,24500,100300,52400,10300,20000,15800,104600,29700,135000,439490,425740,7285319,4090728,0,0,0,0,0,
600036.SH,600036,20251209,101015000,429800,5900,253541,26286,0,,,15682939,674416302,432700,428300,431800,431800,429800,429900,430000,430100,430200,430300,430400,430500,430600,430700,37900,1800,57900,5400,3400,7600,20100,16400,27000,5700,429700,429600,429500,429400,429300,429200,429100,429000,428900,428800,26052,24500,100300,52400,10800,20000,15800,104600,29200,135000,439490,425740,7284419,4087128,0,0,0,0,0,
600036.SH,600036,20251209,101018000,429800,9700,416885,26310,0,,,15692639,674833187,432700,428300,431800,431800,429800,429900,430000,430100,430200,430300,430400,430500,430600,430700,34200,2600,57900,5400,3400,7600,20100,16400,27000,5700,429700,429600,429500,429400,429300,429200,429100,429000,428900,428800,24452,26100,101300,52700,10800,20000,15800,105400,29300,137000,439490,425740,7289219,4094128,0,0,0,0,0,
600036.SH,600036,20251209,101021000,429700,3000,128918,26314,0,,,15695639,674962105,432700,428300,431800,431800,429800,429900,430000,430100,430200,430300,430400,430500,430600,430700,33500,2600,57900,5400,3400,7600,20100,16400,27000,5700,429700,429600,429500,429400,429300,429200,429100,429000,428900,428800,22852,27600,101300,52700,10800,20000,15800,105400,29300,137000,439490,425740,7288519,4091628,0,0,0,0,0,
600036.SH,600036,20251209,101024000,429800,2800,120330,26325,0,,,15698439,675082435,432700,428300,431800,431800,429800,429900,430000,430100,430200,430300,430400,430500,430600,430700,32200,2600,57900,6300,3400,7600,20100,16400,27000,5700,429700,429600,429500,429400,429300,429200,429100,429000,428900,428800,22152,27600,101400,52700,10800,21000,15800,105400,29300,137100,439490,425740,7291119,4090628,0,0,0,0,0,
600036.SH,600036,20251209,101027000,429700,2600,111731,26336,0,,,15701039,675194166,432700,428300,431800,431800,429800,429900,430000,430100,430200,430300,430400,430500,430600,430700,33600,2600,57900,6300,3400,7600,20100,16400,27000,5700,429700,429600,429500,429400,429300,429200,429100,429000,428900,428800,20452,27700,100400,52700,10800,21000,15800,105400,29300,137100,439490,425740,7291819,4089028,0,0,0,0,0,
600036.SH,600036,20251209,101030000,429800,1500,64459,26343,0,,,15702539,675258625,432700,428300,431800,431800,429800,429900,430000,430100,430200,430300,430400,430500,430600,430700,42300,2600,57900,6300,3400,7600,20100,16400,27000,5700,429700,429600,429500,429400,429300,429200,429100,429000,428900,428800,20052,27700,100800,52700,10800,21000,16300,105400,29300,137100,439490,425740,7304419,4088728,0,0,0,0,0,
600036.SH,600036,20251209,101033000,429800,6300,270739,26353,0,,,15708839,675529364,432700,428300,431800,431800,429800,429900,430000,430100,430200,430300,430400,430500,430600,430700,39800,2600,57900,6300,3400,7600,20100,17100,27000,5700,429700,429600,429500,429400,429300,429200,429100,429000,428900,428800,16552,38200,100800,52700,10800,21000,16300,105400,29300,137100,439490,425750,7302619,4096128,0,0,0,0,0,
600036.SH,600036,20251209,101036000,429700,16300,700475,26392,0,,,15725139,676229839,432700,428300,431800,431800,429800,429900,430000,430100,430200,430300,430400,430500,430600,430700,63900,3000,57900,6300,3400,7600,20100,17100,27000,5700,429700,429600,429500,429400,429300,429200,429100,429000,428900,428800,11552,38200,99800,52700,10900,21000,16300,105500,29300,137100,439460,425740,7327819,4089728,0,0,0,0,0,
600036.SH,600036,20251209,101039000,429700,12752,547954,26429,0,,,15737891,676777793,432700,428300,431800,431800,429700,429800,429900,430000,430100,430200,430300,430400,430500,430600,2448,64700,3000,57900,6300,3400,7600,20100,17100,27000,429600,429500,429400,429300,429200,429100,429000,428900,428800,428700,38400,99700,52700,11600,21000,16300,105600,28900,137500,25900,439460,425740,7331067,4089676,0,0,0,0,0,
600036.SH,600036,20251209,101042000,429700,2100,90234,26441,0,,,15739991,676868027,432700,428300,431800,431800,429700,429800,429900,430000,430100,430200,430300,430400,430500,430600,40648,35200,2500,57900,6300,3400,7600,20100,17100,28000,429600,429500,429400,429300,429200,429100,429000,428900,428800,428700,38100,99900,52700,11600,21000,16100,105600,28900,137500,25900,439440,425740,7340867,4089676,0,0,0,0,0,
600036.SH,600036,20251209,101045000,429600,1000,42968,26453,0,,,15740991,676910995,432700,428300,431800,431800,429700,429800,429900,430000,430100,430200,430300,430400,430500,430600,42348,33600,2500,57900,6300,3400,7600,20100,17100,28000,429600,429500,429400,429300,429200,429100,429000,428900,428800,428700,38200,99900,52700,11600,21000,16100,105600,28900,137500,25900,439440,425740,7340967,4089576,0,0,0,0,0,
600036.SH,600036,20251209,101048000,429700,10700,459734,26473,0,,,15751691,677370729,432700,428300,431800,431800,429700,429800,429900,430000,430100,430200,430300,430400,430500,430600,36048,31400,2500,57900,6300,3400,7600,20100,17100,28000,429600,429500,429400,429300,429200,429100,429000,428900,428800,428700,35100,100000,52700,11600,21000,16100,106600,28900,137500,25900,439450,425730,7332467,4087876,0,0,0,0,0,
600036.SH,600036,20251209,101051000,429600,700,30077,26475,0,,,15752391,677400806,432700,428300,431800,431800,429700,429800,429900,430000,430100,430200,430300,430400,430500,430600,36148,31400,2500,57900,6300,3400,7600,20100,17100,28000,429600,429500,429400,429300,429200,429100,429000,428900,428800,428700,37800,100000,52700,11600,21000,16100,106600,28900,137500,26200,439450,425740,7332567,4091076,0,0,0,0,0,
600036.SH,600036,20251209,101054000,429600,4700,201941,26482,0,,,15757091,677602747,432700,428300,431800,431800,429700,429800,429900,430000,430100,430200,430300,430400,430500,430600,33948,31400,2500,57900,6300,3400,7600,20100,17100,28000,429600,429500,429400,429300,429200,429100,429000,428900,428800,428700,36600,100000,52700,11600,21000,16100,106600,29000,137500,26200,439460,425740,7330467,4091076,0,0,0,0,0,
600036.SH,600036,20251209,101057000,429600,600,25776,26484,0,,,15757691,677628523,432700,428300,431800,431800,429700,429800,429900,430000,430100,430200,430300,430400,430500,430600,36248,28100,3000,57900,5900,3400,7600,20100,17100,28000,429600,429500,429400,429300,429200,429100,429000,428900,428800,428700,35900,99700,52700,11600,21000,16100,106800,29000,137500,26200,439460,425740,7329667,4095676,0,0,0,0,0,
600036.SH,600036,20251209,101100000,429500,38300,1645350,26535,0,,,15795991,679273873,432700,428300,431800,431800,429600,429700,429800,429900,430000,430100,430200,430300,430400,430500,74100,37348,28200,2300,58300,5900,3400,7600,20100,17100,429500,429400,429300,429200,429100,429000,428900,428800,428700,428600,97900,52700,11600,21200,16100,107300,29000,137500,26200,42300,439360,425700,7404667,4057776,0,0,0,0,0,
600036.SH,600036,20251209,101103000,429500,1700,73023,26540,0,,,15797691,679346896,432700,428300,431800,431800,429600,429700,429800,429900,430000,430100,430200,430300,430400,430500,83000,36448,19100,2300,58300,5900,3400,7600,20100,17100,429500,429400,429300,429200,429100,429000,428900,428800,428700,428600,101300,52900,11700,21200,16100,107300,29000,137500,26300,42300,439360,425700,7403567,4062076,0,0,0,0,0,
600036.SH,600036,20251209,101106000,429500,7300,313547,26551,0,,,15804991,679660443,432700,428300,431800,431800,429600,429700,429800,429900,430000,430100,430200,430300,430400,430500,83700,36448,19100,2300,58300,5900,3400,7600,20100,17100,429500,429400,429300,429200,429100,429000,428900,428800,428700,428600,95300,52900,11700,21200,16300,107300,29000,137500,26300,42300,439360,425700,7404267,4057776,0,0,0,0,0,
600036.SH,600036,20251209,101109000,429600,11800,506859,26562,0,,,15816791,680167302,432700,428300,431800,431800,429600,429700,429800,429900,430000,430100,430200,430300,430400,430500,79000,36848,18700,2600,58300,5900,3400,7600,20100,17100,429500,429400,429300,429200,429100,429000,428900,428800,428700,428600,89100,52900,10500,21200,16300,107300,29000,137500,26300,42300,439360,425690,7399867,4050376,0,0,0,0,0,
600036.SH,600036,20251209,101112000,429500,3300,141759,26568,0,,,15820091,680309061,432700,428300,431800,431800,429600,429700,429800,429900,430000,430100,430200,430300,430400,430500,77000,36848,18700,2600,58300,5900,3400,7600,20100,17100,429500,429400,429300,429200,429100,429000,428900,428800,428700,428600,88900,52900,10500,21500,16300,107700,29000,137500,26300,42300,439370,425690,7397667,4050476,0,0,0,0,0,
600036.SH,600036,20251209,101115000,429500,9000,386620,26574,0,,,15829091,680695681,432700,428300,431800,431800,429600,429700,429800,429900,430000,430100,430200,430300,430400,430500,70300,36548,18700,2600,58300,5900,3400,7600,20100,17100,429500,429400,429300,429200,429100,429000,428900,428800,428700,428600,87600,52900,10500,21500,16300,107700,29000,137500,26300,42300,439380,425690,7390667,4048276,0,0,0,0,0,
600036.SH,600036,20251209,101118000,429500,0,0,26574,0,,,15829091,680695681,432700,428300,431800,431800,429600,429700,429800,429900,430000,430100,430200,430300,430400,430500,91600,7048,18700,2800,58300,5900,3400,7600,20100,17100,429500,429400,429300,429200,429100,429000,428900,428800,428700,428600,88300,54300,10500,21500,16300,107700,29000,137500,26300,42300,439390,425690,7382667,4050376,0,0,0,0,0,
600036.SH,600036,20251209,101121000,429500,1600,68721,26580,0,,,15830691,680764402,432700,428300,431800,431800,429600,429700,429800,429900,430000,430100,430200,430300,430400,430500,121000,6548,18700,2700,59300,5900,3400,7600,20100,17100,429500,429400,429300,429200,429100,429000,428900,428800,428700,428600,87000,54300,6900,21500,17300,107600,29000,137500,26300,42300,439350,425690,7412367,4046276,0,0,0,0,0,
600036.SH,600036,20251209,101124000,429500,84800,3642168,26893,0,,,15915491,684406570,432700,428300,431800,431800,429600,429700,429800,429900,430000,430100,430200,430300,430400,430500,124300,7248,18700,3100,59100,5900,3400,7600,20100,17100,429500,429400,429300,429200,429100,429000,428900,428800,428700,428600,2900,54300,5100,20200,17300,107700,29000,137500,26300,42300,439340,425610,7416867,3959576,0,0,0,0,0,
600036.SH,600036,20251209,101127000,429400,4200,180391,26915,0,,,15919691,684586961,432700,428300,431800,431800,429500,429600,429700,429800,429900,430000,430100,430200,430300,430400,8500,124200,4948,19400,3100,59100,5900,3400,7600,20100,429400,429300,429200,429100,429000,428900,428800,428700,428600,428500,54200,5400,20200,17500,107700,29000,137500,26300,42300,161100,439330,425600,7424667,3957576,0,0,0,0,0,
600036.SH,600036,20251209,101130000,429500,13200,566817,26928,0,,,15932891,685153778,432700,428300,431800,431800,429500,429600,429700,429800,429900,430000,430100,430200,430300,430400,13000,124800,5448,19200,2600,59100,5900,3400,7600,20100,429400,429300,429200,429100,429000,428900,428800,428700,428600,428500,43000,5300,20200,18000,107700,29000,137500,26300,42300,161100,439330,425590,7429767,3947776,0,0,0,0,0,
600036.SH,600036,20251209,101133000,429400,50100,2151248,27033,0,,,15982991,687305026,432700,428300,431800,431800,429300,429400,429500,429600,429700,429800,429900,430000,430100,430200,4900,12200,33000,114700,4648,19200,2600,59100,5900,3400,429200,429100,429000,428900,428800,428700,428600,428500,428400,428300,15200,17200,108100,29000,137500,26200,42300,161600,48600,102976,439290,425540,7455967,3894776,0,0,0,0,0,
600036.SH,600036,20251209,101136000,429100,14800,635204,27076,0,,,15997791,687940230,432700,428300,431800,431800,429200,429300,429400,429500,429600,429700,429800,429900,430000,430100,2600,54200,14300,32300,63000,3448,18100,2600,59000,5900,429100,429000,428900,428800,428700,428600,428500,428400,428300,428200,11500,103300,28600,137700,26600,42800,162300,48600,102976,150400,439290,425520,7455167,3870476,0,0,0,0,0,
600036.SH,600036,20251209,101139000,429100,12800,549245,27105,0,,,16010591,688489475,432700,428300,431800,431800,429100,429200,429300,429400,429500,429600,429700,429800,429900,430000,2900,50800,3400,9300,32100,63100,2948,17600,2600,59000,429000,428900,428800,428700,428600,428500,428400,428300,428200,428100,103000,28600,137800,26600,42800,162300,48600,102976,150400,195200,439300,425510,7449267,3858876,0,0,0,0,0,
600036.SH,600036,20251209,101142000,429200,5600,240316,27116,0,,,16016191,688729791,432700,428300,431800,431800,429100,429200,429300,429400,429500,429600,429700,429800,429900,430000,30500,6000,3100,9200,32100,63100,2948,17600,2600,59000,429000,428900,428800,428700,428600,428500,428400,428300,428200,428100,103000,28600,137600,26600,42800,162800,48700,102976,150400,195200,439320,425510,7431267,3860376,0,0,0,0,0,
600036.SH,600036,20251209,101145000,429000,8600,368992,27135,0,,,16024791,689098783,432700,428300,431800,431800,429100,429200,429300,429400,429500,429600,429700,429800,429900,430000,27200,6000,2800,8900,31500,62900,2948,16500,2600,59000,429000,428900,428800,428700,428600,428500,428400,428300,428200,428100,99200,28600,137700,26600,42800,162400,48700,102976,150400,195200,439330,425500,7424767,3856576,0,0,0,0,0,
600036.SH,600036,20251209,101148000,429100,27000,1158570,27156,0,,,16051791,690257353,432700,428300,431800,431800,429100,429200,429300,429400,429500,429600,429700,429800,429900,430000,11800,7800,2800,7000,31500,62900,2748,14600,3100,59000,429000,428900,428800,428700,428600,428500,428400,428300,428200,428100,102100,28600,137700,26600,42800,162400,48700,102976,150400,195200,439350,425500,7407667,3859576,0,0,0,0,0,
600036.SH,600036,20251209,101151000,429100,9000,386135,27181,0,,,16060791,690643488,432700,428300,431800,431800,429100,429200,429300,429400,429500,429600,429700,429800,429900,430000,8400,7800,2800,7000,31300,62900,2748,14600,3100,59000,429000,428900,428800,428700,428600,428500,428400,428300,428200,428100,97100,29100,137700,26600,42800,162400,48500,102976,150400,195200,439360,425500,7404067,3855176,0,0,0,0,0,
600036.SH,600036,20251209,101154000,429200,14000,600710,27204,0,,,16074791,691244198,432700,428300,431800,431800,429200,429300,429400,429500,429600,429700,429800,429900,430000,430100,6700,2800,7000,31300,62900,2748,14600,4400,59000,6000,429100,429000,428900,428800,428700,428600,428500,428400,428300,428200,1000,94400,29100,139000,26600,41800,162400,48500,102976,150400,439370,425500,7398967,3854276,0,0,0,0,0,
600036.SH,600036,20251209,101157000,429100,4100,175950,27214,0,,,16078891,691420148,432700,428300,431800,431800,429100,429200,429300,429400,429500,429600,429700,429800,429900,430000,5800,6500,2800,7100,31300,7000,2748,14600,6400,59000,429000,428900,428800,428700,428600,428500,428400,428300,428200,428100,95100,29600,140000,26600,42000,162400,48500,103976,150400,195200,439430,425500,7350867,3856876,0,0,0,0,0,
600036.SH,600036,20251209,101200000,429100,101100,4337197,27387,0,,,16179991,695757345,432700,428300,431800,431800,429100,429200,429300,429400,429500,429600,429700,429800,429900,430000,6300,7900,2800,7100,31300,6900,2748,14600,6400,59000,429000,428900,428800,428700,428600,428500,428400,428300,428200,428100,700,30600,140200,26600,42000,161600,49500,104276,147400,196200,439430,425410,7353167,3761976,0,0,0,0,0,
600036.SH,600036,20251209,101203000,429000,20200,866476,27429,0,,,16200191,696623821,432700,428300,431800,431800,429100,429200,429300,429400,429500,429600,429700,429800,429900,430000,61000,7700,2800,7000,29400,6900,2748,14600,6400,29900,429000,428900,428800,428700,428600,428500,428400,428300,428200,428100,4100,17400,140700,26600,42000,161600,49500,104276,147400,196200,439390,425410,7376067,3756476,0,0,0,0,0,
600036.SH,600036,20251209,101206000,429000,6000,257403,27434,0,,,16206191,696881224,432700,428300,431800,431800,429000,429100,429200,429300,429400,429500,429600,429700,429800,429900,10800,61600,7700,2800,6800,29400,6800,2748,14600,6400,428900,428800,428700,428600,428500,428400,428300,428200,428100,428000,17800,141100,26900,42000,161700,49500,104276,147400,196200,547600,439380,425410,7387567,3753876,0,0,0,0,0,
600036.SH,600036,20251209,101209000,429000,10100,433290,27440,0,,,16216291,697314514,432700,428300,431800,431800,429000,429100,429200,429300,429400,429500,429600,429700,429800,429900,1600,61600,6100,3300,6100,29000,6600,2748,14600,6400,428900,428800,428700,428600,428500,428400,428300,428200,428100,428000,18000,141700,26900,42000,161700,49500,104576,148000,196200,547800,439390,425410,7375967,3755776,0,0,0,0,0,
600036.SH,600036,20251209,101212000,429000,3500,150147,27461,0,,,16219791,697464661,432700,428300,431800,431800,429000,429100,429200,429300,429400,429500,429600,429700,429800,429900,100,61100,6100,3700,6100,28000,6200,3548,14600,6400,428900,428800,428700,428600,428500,428400,428300,428200,428100,428000,18100,141700,26900,42000,160500,49500,104576,148100,196200,547800,439390,425410,7374767,3754776,0,0,0,0,0,
600036.SH,600036,20251209,101215000,428900,4300,184439,27485,0,,,16224091,697649100,432700,428300,431800,431800,429000,429100,429200,429300,429400,429500,429600,429700,429800,429900,300,60700,6100,3700,6100,28000,6200,3548,14600,6400,428900,428800,428700,428600,428500,428400,428300,428200,428100,428000,41100,140700,26900,42300,164800,49500,103476,148100,197200,548100,439390,425430,7374567,3781776,0,0,0,0,0,
600036.SH,600036,20251209,101218000,429000,6900,295982,27499,0,,,16230991,697945082,432700,428300,431800,431800,429000,429100,429200,429300,429400,429500,429600,429700,429800,429900,6400,59700,6100,3700,6100,28000,6200,3548,14600,6400,428900,428800,428700,428600,428500,428400,428300,428200,428100,428000,38900,141300,26900,42300,165500,49200,103476,148100,197200,549500,439390,425430,7378767,3781976,0,0,0,0,0,
600036.SH,600036,20251209,101221000,428900,2700,115810,27502,0,,,16233691,698060892,432700,428300,431800,431800,429000,429100,429200,429300,429400,429500,429600,429700,429800,429900,6700,59700,6100,3700,6100,28000,6200,3548,14600,6400,428900,428800,428700,428600,428500,428400,428300,428200,428100,428000,37500,141000,28900,43400,168000,48900,101076,148100,197200,549600,439390,425430,7377467,3783676,0,0,0,0,0,
600036.SH,600036,20251209,101224000,428900,800,34312,27506,0,,,16234491,698095204,432700,428300,431800,431800,429000,429100,429200,429300,429400,429500,429600,429700,429800,429900,6800,59500,6100,3700,6100,28000,6100,3548,14600,6400,428900,428800,428700,428600,428500,428400,428300,428200,428100,428000,38100,141000,28900,42400,167600,49900,101076,148100,197200,549900,439390,425430,7377267,3784176,0,0,0,0,0,
600036.SH,600036,20251209,101227000,429000,17200,737828,27527,0,,,16251691,698833032,432700,428300,431800,431800,429000,429100,429200,429300,429400,429500,429600,429700,429800,429900,2100,59700,6100,3700,6100,28000,6100,3348,14600,6400,428900,428800,428700,428600,428500,428400,428300,428200,428100,428000,36400,141500,28900,42500,168500,49900,101076,148100,197200,552000,439400,425430,7372567,3788476,0,0,0,0,0,
600036.SH,600036,20251209,101230000,429100,8500,364678,27541,0,,,16260191,699197710,432700,428300,431800,431800,429100,429200,429300,429400,429500,429600,429700,429800,429900,430000,57100,5500,3200,6700,28000,6100,3348,14600,6400,30800,429000,428900,428800,428700,428600,428500,428400,428300,428200,428100,100,40600,142800,28300,42800,168600,49800,101076,148100,197300,439400,425440,7367667,3795576,0,0,0,0,0,
600036.SH,600036,20251209,101233000,429000,6900,295961,27559,0,,,16267091,699493671,432700,428300,431800,431800,429100,429200,429300,429400,429500,429600,429700,429800,429900,430000,57100,5500,3200,6700,28000,6100,3348,14600,6400,30800,429000,428900,428800,428700,428600,428500,428400,428300,428200,428100,4000,36800,145300,28100,43700,168400,49800,101076,148100,197300,439400,425440,7368367,3798976,0,0,0,0,0,
600036.SH,600036,20251209,101236000,429000,4300,184474,27578,0,,,16271391,699678145,432700,428300,431800,431800,429100,429200,429300,429400,429500,429600,429700,429800,429900,430000,57200,5500,3200,4200,28000,6100,3348,14600,6400,30800,429000,428900,428800,428700,428600,428500,428400,428300,428200,428100,500,37100,144700,28200,43800,170500,49800,101076,148100,197300,439410,425430,7365867,3806876,0,0,0,0,0,
600036.SH,600036,20251209,101239000,429000,3200,137266,27588,0,,,16274591,699815411,432700,428300,431800,431800,429100,429200,429300,429400,429500,429600,429700,429800,429900,430000,12400,4500,3200,5100,18900,6100,3348,14600,6400,30800,429000,428900,428800,428700,428600,428500,428400,428300,428200,428100,700,33900,145700,28500,43800,170400,49800,101276,147500,197300,439480,425430,7311867,3805376,0,0,0,0,0,
600036.SH,600036,20251209,101242000,429000,4300,184471,27607,0,,,16278891,699999882,432700,428300,431800,431800,429000,429100,429200,429300,429400,429500,429600,429700,429800,429900,1900,12100,5400,3200,4200,14900,6100,17548,14600,6400,428900,428800,428700,428600,428500,428400,428300,428200,428100,428000,39400,151300,28500,43300,170300,49800,100976,147000,197300,551900,439470,425440,7323667,3815476,0,0,0,0,0,
600036.SH,600036,20251209,101245000,429000,5400,231649,27624,0,,,16284291,700231531,432700,428300,431800,431800,429000,429100,429200,429300,429400,429500,429600,429700,429800,429900,63300,12700,4300,3200,4200,14900,6100,17548,14600,6400,428900,428800,428700,428600,428500,428400,428300,428200,428100,428000,38300,151300,28500,43300,180000,49800,100976,147000,197300,551900,439380,425450,7384567,3824676,0,0,0,0,0,
600036.SH,600036,20251209,101248000,428900,9400,403224,27634,0,,,16293691,700634755,432700,428300,431800,431800,429000,429100,429200,429300,429400,429500,429600,429700,429800,429900,61100,13000,2700,3200,4200,14900,6100,17548,14600,6400,428900,428800,428700,428600,428500,428400,428300,428200,428100,428000,36300,151300,28500,43300,180200,49800,100976,148200,197300,551600,439390,425450,7381067,3824176,0,0,0,0,0,
600036.SH,600036,20251209,101251000,428900,41400,1776023,27643,0,,,16335091,702410778,432700,428300,431800,431800,429000,429100,429200,429300,429400,429500,429600,429700,429800,429900,48700,15600,2700,3200,4200,14900,6100,17548,14600,6400,428900,428800,428700,428600,428500,428400,428300,428200,428100,428000,32700,151400,28500,43300,180200,49800,101276,148200,197300,556900,439400,425450,7370267,3827476,0,0,0,0,0,
600036.SH,600036,20251209,101254000,428900,22100,947906,27664,0,,,16357191,703358684,432700,428300,431800,431800,429000,429100,429200,429300,429400,429500,429600,429700,429800,429900,45000,15600,3100,3200,4200,14900,6100,3348,14600,6400,428900,428800,428700,428600,428500,428400,428300,428200,428100,428000,15800,151500,28800,43500,180200,49800,101276,148200,197300,557300,439420,425430,7352267,3815176,0,0,0,0,0,
600036.SH,600036,20251209,101257000,429000,10800,463216,27687,0,,,16367991,703821900,432700,428300,431800,431800,429000,429100,429200,429300,429400,429500,429600,429700,429800,429900,52700,15600,3100,3200,4200,14900,6100,3348,14600,6400,428900,428800,428700,428600,428500,428400,428300,428200,428100,428000,21100,151700,28800,43500,180200,49800,101276,148200,197300,557400,439410,425440,7360067,3821376,0,0,0,0,0,
600036.SH,600036,20251209,101300000,428900,20600,883713,27704,0,,,16388591,704705613,432700,428300,431800,431800,429000,429100,429200,429300,429400,429500,429600,429700,429800,429900,38000,14900,3100,3200,4200,14900,6100,3348,14600,5900,428900,428800,428700,428600,428500,428400,428300,428200,428100,428000,24800,151700,30900,43500,180500,49900,101376,148200,197400,559500,439430,425440,7344767,3833376,0,0,0,0,0,
600036.SH,600036,20251209,101303000,429000,3900,167301,27716,0,,,16392491,704872914,432700,428300,431800,431800,429000,429100,429200,429300,429400,429500,429600,429700,429800,429900,35200,14900,3100,3200,4200,14900,6100,3348,14600,5900,428900,428800,428700,428600,428500,428400,428300,428200,428100,428000,26100,151700,31000,44300,178700,50000,101376,148200,197400,560500,439440,425450,7344367,3837476,0,0,0,0,0,
600036.SH,600036,20251209,101306000,428900,3700,158695,27730,0,,,16396191,705031609,432700,428300,431800,431800,429000,429100,429200,429300,429400,429500,429600,429700,429800,429900,48700,14900,3100,3200,4200,14900,6100,3348,14600,5900,428900,428800,428700,428600,428500,428400,428300,428200,428100,428000,26500,152400,31200,44300,169600,50000,101476,148200,197400,562900,439420,425440,7357967,3833376,0,0,0,0,0,
600036.SH,600036,20251209,101309000,429000,4200,180159,27739,0,,,16400391,705211768,432700,428300,431800,431800,429000,429100,429200,429300,429400,429500,429600,429700,429800,429900,48400,14900,3100,3200,4200,14900,6100,3348,14600,6400,428900,428800,428700,428600,428500,428400,428300,428200,428100,428000,28300,153600,31200,44300,170400,50000,101876,148700,197400,563200,439420,425450,7358167,3839076,0,0,0,0,0,
600036.SH,600036,20251209,101312000,428900,13600,583432,27746,0,,,16413991,705795200,432700,428300,431800,431800,429000,429100,429200,429300,429400,429500,429600,429700,429800,429900,37700,14900,3100,3200,4200,14900,6100,3348,14600,6400,428900,428800,428700,428600,428500,428400,428300,428200,428100,428000,28300,156400,31300,44800,170600,50200,102276,148700,197400,564800,439430,425450,7347967,3845376,0,0,0,0,0,
600036.SH,600036,20251209,101315000,428900,200,8579,27748,0,,,16414191,705803779,432700,428300,431800,431800,429000,429100,429200,429300,429400,429500,429600,429700,429800,429900,37600,14900,3100,3200,4200,14900,6100,3348,14600,6400,428900,428800,428700,428600,428500,428400,428300,428200,428100,428000,29400,158800,31300,45700,170800,50200,102076,148700,197400,569500,439430,425460,7349067,3856376,0,0,0,0,0,
600036.SH,600036,20251209,101318000,429000,20000,858000,27776,0,,,16434191,706661779,432700,428300,431800,431800,429000,429100,429200,429300,429400,429500,429600,429700,429800,429900,34400,5800,3100,3200,4200,14900,6100,3348,14600,6400,428900,428800,428700,428600,428500,428400,428300,428200,428100,428000,31700,159000,31500,45700,170800,50200,102276,148700,197400,569900,439450,425460,7337967,3861276,0,0,0,0,0,
600036.SH,600036,20251209,101321000,429000,39200,1681633,27816,0,,,16473391,708343412,432700,428300,431800,431800,429100,429200,429300,429400,429500,429600,429700,429800,429900,430000,5800,3600,3200,4200,14900,6100,3348,14600,6400,34400,429000,428900,428800,428700,428600,428500,428400,428300,428200,428100,300,25200,177100,31500,45700,170900,50200,102276,148700,197400,439490,425470,7305067,3873276,0,0,0,0,0,
600036.SH,600036,20251209,101324000,429100,1500,64357,27826,0,,,16474891,708407769,432700,428300,431800,431800,429100,429200,429300,429400,429500,429600,429700,429800,429900,430000,5100,3600,3600,4200,15200,6100,3348,14600,6400,34400,429000,428900,428800,428700,428600,428500,428400,428300,428200,428100,7000,33600,179100,32100,44300,171400,50200,102276,148700,197400,439490,425480,7305367,3892276,0,0,0,0,0,
600036.SH,600036,20251209,101327000,429000,2500,107258,27837,0,,,16477391,708515027,432700,428300,431800,431800,429100,429200,429300,429400,429500,429600,429700,429800,429900,430000,9200,3600,3600,4200,15200,6100,3348,14600,6400,34400,429000,428900,428800,428700,428600,428500,428400,428300,428200,428100,12600,34700,179400,45700,44300,172400,50200,102376,148700,197400,439490,425500,7309567,3915176,0,0,0,0,0,
600036.SH,600036,20251209,101330000,429100,1600,68656,27846,0,,,16478991,708583683,432700,428300,431800,431800,429100,429200,429300,429400,429500,429600,429700,429800,429900,430000,19600,3800,3600,4200,14900,6100,3348,14600,6400,34400,429000,428900,428800,428700,428600,428500,428400,428300,428200,428100,12000,48700,179200,45700,44400,173100,51400,102376,148700,197500,439470,425520,7319867,3930576,0,0,0,0,0,
600036.SH,600036,20251209,101333000,429100,2700,115854,27863,0,,,16481691,708699537,432700,428300,431800,431800,429100,429200,429300,429400,429500,429600,429700,429800,429900,430000,17400,4100,3600,4200,14200,6100,3348,19600,6400,34400,429000,428900,428800,428700,428600,428500,428400,428300,428200,428100,15100,49000,180100,45700,44400,173100,51400,102376,148700,197500,439470,425520,7322267,3935676,0,0,0,0,0,
600036.SH,600036,20251209,101336000,429100,5100,218799,27886,0,,,16486791,708918336,432700,428300,431800,431800,429100,429200,429300,429400,429500,429600,429700,429800,429900,430000,16700,4000,3600,4200,14200,800,3348,19600,6400,34400,429000,428900,428800,428700,428600,428500,428400,428300,428200,428100,11200,50400,180100,45700,44700,173100,51400,102376,148700,197500,439480,425520,7316567,3933976,0,0,0,0,0,
600036.SH,600036,20251209,101339000,429200,26500,1137106,27900,0,,,16513291,710055442,432700,428300,431800,431800,429200,429300,429400,429500,429600,429700,429800,429900,430000,430100,4200,4100,4600,14200,800,3348,19600,6400,34400,5200,429100,429000,428900,428800,428700,428600,428500,428400,428300,428200,27400,16600,50500,182800,45700,44700,173200,53100,102376,148700,439500,425550,7300967,3971576,0,0,0,0,0,
600036.SH,600036,20251209,101342000,429100,9400,403484,27933,0,,,16522691,710458926,432700,428300,431800,431800,429300,429400,429500,429600,429700,429800,429900,430000,430100,430200,100,2900,14200,1200,3348,19600,6400,34400,5200,3500,429100,429000,428900,428800,428700,428600,428500,428400,428300,428200,29800,16000,49600,182900,46200,44700,173200,53100,102376,148900,439510,425550,7291467,3975276,0,0,0,0,0,
600036.SH,600036,20251209,101345000,429300,400,17172,27936,0,,,16523091,710476098,432700,428300,431800,431800,429300,429400,429500,429600,429700,429800,429900,430000,430100,430200,400,2200,14500,1200,3348,20200,6400,34200,5200,3500,429200,429100,429000,428900,428800,428700,428600,428500,428400,428300,300,29900,14600,49600,180000,46200,46900,173500,53100,102376,439510,425550,7292267,3976076,0,0,0,0,0,
600036.SH,600036,20251209,101348000,429200,600,25755,27940,0,,,16523691,710501853,432700,428300,431800,431800,429300,429400,429500,429600,429700,429800,429900,430000,430100,430200,12200,3100,14500,800,3348,20200,6400,34200,5200,3500,429200,429100,429000,428900,428800,428700,428600,428500,428400,428300,1400,29800,14600,50500,179100,45600,46600,173300,53100,102376,439490,425550,7304867,3978376,0,0,0,0,0,
600036.SH,600036,20251209,101351000,429200,600,25752,27943,0,,,16524291,710527605,432700,428300,431800,431800,429300,429400,429500,429600,429700,429800,429900,430000,430100,430200,12300,3100,14800,800,3348,19600,6400,34200,5200,3500,429200,429100,429000,428900,428800,428700,428600,428500,428400,428300,4900,31100,14000,52800,178600,45200,46600,173600,53100,102076,439490,425560,7305667,3983876,0,0,0,0,0,
600036.SH,600036,20251209,101354000,429200,1000,42929,27949,0,,,16525291,710570534,432700,428300,431800,431800,429300,429400,429500,429600,429700,429800,429900,430000,430100,430200,11400,3000,14800,800,3348,19600,6400,34600,5200,3500,429200,429100,429000,428900,428800,428700,428600,428500,428400,428300,5000,31100,14600,53300,178500,45400,46600,173600,53100,102076,439490,425560,7305067,3985276,0,0,0,0,0,
600036.SH,600036,20251209,101357000,429300,11600,497988,27958,0,,,16536891,711068522,432700,428300,431800,431800,429400,429500,429600,429700,429800,429900,430000,430100,430200,430300,2600,7300,800,3348,19600,6500,34600,5200,3500,7600,429300,429200,429100,429000,428900,428800,428700,428600,428500,428400,500,6600,31100,15600,55300,178700,45400,46600,173800,53100,439520,425560,7287567,3993776,0,0,0,0,0,
600036.SH,600036,20251209,101400000,429400,500,21468,27960,0,,,16537391,711089990,432700,428300,431800,431800,429400,429500,429600,429700,429800,429900,430000,430100,430200,430300,2400,7600,800,3348,19600,6500,34600,5200,3500,7600,429300,429200,429100,429000,428900,428800,428700,428600,428500,428400,2000,7400,31500,15600,55600,178700,46000,46600,173800,53100,439520,425560,7287967,3997476,0,0,0,0,0,
600036.SH,600036,20251209,101403000,429300,2400,103038,27974,0,,,16539791,711193028,432700,428300,431800,431800,429400,429500,429600,429700,429800,429900,430000,430100,430200,430300,5200,7700,800,3348,19600,6500,34600,5200,3500,7600,429300,429200,429100,429000,428900,428800,428700,428600,428500,428400,600,6400,31400,15600,56200,178800,46000,45700,174500,53100,439520,425560,7290967,4000376,0,0,0,0,0,
600036.SH,600036,20251209,101406000,429300,6500,279082,27998,0,,,16546291,711472110,432700,428300,431800,431800,429300,429400,429500,429600,429700,429800,429900,430000,430100,430200,800,1600,7700,800,3348,19600,6500,34600,5200,3500,429200,429100,429000,428900,428800,428700,428600,428500,428400,428300,6800,31700,15700,56200,179300,46000,45700,174500,53100,102176,439520,425550,7288167,4003476,0,0,0,0,0,
600036.SH,600036,20251209,101409000,429300,4200,180280,28010,0,,,16550491,711652390,432700,428300,431800,431800,429400,429500,429600,429700,429800,429900,430000,430100,430200,430300,1700,7100,800,3348,20300,6500,34600,5200,3500,7600,429200,429100,429000,428900,428800,428700,428600,428500,428400,428300,8300,31700,16400,55900,179300,46000,45700,175400,53300,102176,439520,425550,7285567,4005376,0,0,0,0,0,
600036.SH,600036,20251209,101412000,429300,300,12878,28012,0,,,16550791,711665268,432700,428300,431800,431800,429400,429500,429600,429700,429800,429900,430000,430100,430200,430300,2600,7400,1200,3348,20300,6500,34600,5200,3500,7600,429300,429200,429100,429000,428900,428800,428700,428600,428500,428400,5200,9400,30600,15700,57300,178900,46300,45900,175400,53300,439520,425560,7286467,4011976,0,0,0,0,0,
600036.SH,600036,20251209,101415000,429400,400,17173,28016,0,,,16551191,711682441,432700,428300,431800,431800,429400,429500,429600,429700,429800,429900,430000,430100,430200,430300,5700,7400,2900,3348,19600,6500,34600,5200,3500,7600,429300,429200,429100,429000,428900,428800,428700,428600,428500,428400,5100,9800,30900,16200,57400,178900,46000,46700,175400,53300,439510,425560,7290267,4014676,0,0,0,0,0,
600036.SH,600036,20251209,101418000,429300,1100,47233,28019,0,,,16552291,711729674,432700,428300,431800,431800,429400,429500,429600,429700,429800,429900,430000,430100,430200,430300,15100,7400,2900,3348,19600,6500,34700,5200,3500,7600,429300,429200,429100,429000,428900,428800,428700,428600,428500,428400,5600,11800,30900,17200,58000,179000,46000,46700,175700,53300,439500,425570,7299767,4021676,0,0,0,0,0,
600036.SH,600036,20251209,101421000,429300,5100,218947,28024,0,,,16557391,711948621,432700,428300,431800,431800,429400,429500,429600,429700,429800,429900,430000,430100,430200,430300,15200,7400,2900,3348,19600,6500,34700,5200,3500,7600,429300,429200,429100,429000,428900,428800,428700,428600,428500,428400,2700,13700,30900,17800,58200,180300,46200,45800,175700,53300,439500,425570,7296767,4027176,0,0,0,0,0,
600036.SH,600036,20251209,101424000,429400,9100,390746,28037,0,,,16566491,712339367,432700,428300,431800,431800,429400,429500,429600,429700,429800,429900,430000,430100,430200,430300,9600,7100,2900,3348,19600,6500,34700,5200,3500,7600,429300,429200,429100,429000,428900,428800,428700,428600,428500,428400,3200,13700,30900,19300,58400,180100,46200,45800,175700,53300,439510,425570,7291867,4029876,0,0,0,0,0,
600036.SH,600036,20251209,101427000,429400,300,12882,28038,0,,,16566791,712352249,432700,428300,431800,431800,429400,429500,429600,429700,429800,429900,430000,430100,430200,430300,9200,7400,2900,3348,19600,6500,34700,5200,3500,7600,429300,429200,429100,429000,428900,428800,428700,428600,428500,428400,3200,13700,30900,19300,59800,180400,46100,45800,176200,53300,439470,425570,7351767,4035376,0,0,0,0,0,
600036.SH,600036,20251209,101430000,429400,200,8588,28039,0,,,16566991,712360837,432700,428300,431800,431800,429400,429500,429600,429700,429800,429900,430000,430100,430200,430300,9000,7400,2900,3348,19600,6500,34700,5200,3500,7600,429300,429200,429100,429000,428900,428800,428700,428600,428500,428400,5400,14200,31000,19300,59800,180400,46100,45800,176200,53300,439470,425580,7351567,4038176,0,0,0,0,0,
600036.SH,600036,20251209,101433000,429400,600,25763,28043,0,,,16567591,712386600,432700,428300,431800,431800,429400,429500,429600,429700,429800,429900,430000,430100,430200,430300,17300,7100,2900,3348,19600,6500,35000,5200,3500,7600,429300,429200,429100,429000,428900,428800,428700,428600,428500,428400,5500,14200,31000,19700,50800,178400,46100,43800,175600,54100,439450,425570,7358667,4028276,0,0,0,0,0,
600036.SH,600036,20251209,101436000,429400,500,21470,28046,0,,,16568091,712408070,432700,428300,431800,431800,429400,429500,429600,429700,429800,429900,430000,430100,430200,430300,17100,7200,2900,3348,19600,6500,35000,5200,3500,7600,429300,429200,429100,429000,428900,428800,428700,428600,428500,428400,9300,14300,30900,20000,52900,178400,32500,43800,175600,54100,439460,425560,7357567,4021976,0,0,0,0,0,
600036.SH,600036,20251209,101439000,429400,3100,133107,28053,0,,,16571191,712541177,432700,428300,431800,431800,429400,429500,429600,429700,429800,429900,430000,430100,430200,430300,14700,7200,2900,3348,19600,6500,35000,5200,3500,7600,429300,429200,429100,429000,428900,428800,428700,428600,428500,428400,8600,14200,31200,21300,52900,178400,32500,43800,177600,54100,439460,425570,7355667,4027576,0,0,0,0,0,
600036.SH,600036,20251209,101442000,429400,2500,107340,28061,0,,,16573691,712648517,432700,428300,431800,431800,429400,429500,429600,429700,429800,429900,430000,430100,430200,430300,13200,7200,2900,3848,19600,6500,35000,5200,3500,7600,429300,429200,429100,429000,428900,428800,428700,428600,428500,428400,23100,13700,31400,21300,53400,178400,32500,43800,177600,55100,439460,425580,7354667,4047776,0,0,0,0,0,
600036.SH,600036,20251209,101445000,429300,3300,141678,28070,0,,,16576991,712790195,432700,428300,431800,431800,429400,429500,429600,429700,429800,429900,430000,430100,430200,430300,12500,7200,2900,3848,19600,6500,35100,5200,3500,7600,429300,429200,429100,429000,428900,428800,428700,428600,428500,428400,21800,13700,31400,21300,53300,178900,32900,43900,177600,55100,439460,425580,7353567,4047676,0,0,0,0,0,
600036.SH,600036,20251209,101448000,429300,2000,85860,28079,0,,,16578991,712876055,432700,428300,431800,431800,429400,429500,429600,429700,429800,429900,430000,430100,430200,430300,12600,7300,2900,3848,19600,6500,35100,5200,3500,7600,429300,429200,429100,429000,428900,428800,428700,428600,428500,428400,22400,13700,31400,21300,52700,178900,32900,44100,177600,55100,439460,425580,7354567,4048476,0,0,0,0,0,
600036.SH,600036,20251209,101451000,429400,300,12882,28081,0,,,16579291,712888937,432700,428300,431800,431800,429400,429500,429600,429700,429800,429900,430000,430100,430200,430300,13400,7400,2900,3848,19600,6500,35100,5200,3500,8600,429300,429200,429100,429000,428900,428800,428700,428600,428500,428400,23200,13700,31400,21600,52800,178900,32900,44100,177600,55100,439480,425580,7360667,4056776,0,0,0,0,0,
600036.SH,600036,20251209,101454000,429400,1100,47230,28086,0,,,16580391,712936167,432700,428300,431800,431800,429400,429500,429600,429700,429800,429900,430000,430100,430200,430300,12700,7400,2900,3848,19600,6500,35000,5200,3500,8600,429300,429200,429100,429000,428900,428800,428700,428600,428500,428400,23100,13700,32000,22100,51300,178900,32900,44100,177600,55100,439480,425580,7359867,4057076,0,0,0,0,0,
600036.SH,600036,20251209,101457000,429300,10800,463748,28094,0,,,16591191,713399915,432700,428300,431800,431800,429400,429500,429600,429700,429800,429900,430000,430100,430200,430300,2600,7800,2900,3848,19600,6500,35000,5200,3500,8600,429300,429200,429100,429000,428900,428800,428700,428600,428500,428400,22800,13700,32400,22100,51100,179200,32900,44100,178100,55100,439490,425580,7353567,4059576,0,0,0,0,0,
600036.SH,600036,20251209,101500000,429400,600,25764,28098,0,,,16591791,713425679,432700,428300,431800,431800,429400,429500,429600,429700,429800,429900,430000,430100,430200,430300,2400,8300,2900,3848,19600,6500,35000,5200,4500,8600,429300,429200,429100,429000,428900,428800,428700,428600,428500,428400,32600,13400,32200,22100,52300,180200,32900,44100,178100,55100,439490,425590,7355867,4062176,0,0,0,0,0,
600036.SH,600036,20251209,101503000,429500,2800,120234,28108,0,,,16594591,713545913,432700,428300,431800,431800,429500,429600,429700,429800,429900,430000,430100,430200,430300,430400,8500,2900,3848,19600,6500,35200,5200,4500,8600,20400,429300,429200,429100,429000,428900,428800,428700,428600,428500,428400,36700,13300,32800,24300,50100,180200,32900,44200,178100,55100,439490,425600,7353867,4067676,0,0,0,0,0,
600036.SH,600036,20251209,101506000,429300,5900,253396,28116,0,,,16600491,713799309,432700,428300,431800,431800,429500,429600,429700,429800,429900,430000,430100,430200,430300,430400,3800,2200,3348,20300,6500,35200,5200,5100,8600,20400,429400,429300,429200,429100,429000,428900,428800,428700,428600,428500,900,36800,13300,32800,24300,50100,181200,32900,45000,178100,439490,425600,7350267,4070976,0,0,0,0,0,
600036.SH,600036,20251209,101509000,429500,200,8590,28118,0,,,16600691,713807899,432700,428300,431800,431800,429500,429600,429700,429800,429900,430000,430100,430200,430300,430400,4300,2200,3348,20300,6500,35200,5200,5100,8600,20400,429400,429300,429200,429100,429000,428900,428800,428700,428600,428500,6900,36100,13700,33000,23900,49900,181200,32900,45000,178100,439490,425610,7355367,4077176,0,0,0,0,0,
600036.SH,600036,20251209,101512000,429400,1700,73011,28126,0,,,16602391,713880910,432700,428300,431800,431800,429500,429600,429700,429800,429900,430000,430100,430200,430300,430400,3100,3900,3348,20300,6500,35200,5200,4500,8600,20400,429400,429300,429200,429100,429000,428900,428800,428700,428600,428500,12600,35300,13700,33000,23900,49900,181000,32900,45000,178000,439490,425610,7353667,4082376,0,0,0,0,0,
600036.SH,600036,20251209,101515000,429500,3300,141732,28144,0,,,16605691,714022642,432700,428300,431800,431800,429500,429600,429700,429800,429900,430000,430100,430200,430300,430400,9100,4100,3348,20300,6500,35200,5200,4500,8600,20400,429400,429300,429200,429100,429000,428900,428800,428700,428600,428500,15200,35800,13700,33000,25500,49900,181200,32900,45000,178100,439480,425620,7360167,4093376,0,0,0,0,0,
600036.SH,600036,20251209,101518000,429500,600,25770,28148,0,,,16606291,714048412,432700,428300,431800,431800,429500,429600,429700,429800,429900,430000,430100,430200,430300,430400,10200,3900,3348,19600,6500,35200,5200,4500,8600,20400,429400,429300,429200,429100,429000,428900,428800,428700,428600,428500,15700,35900,14500,33000,32800,49900,181400,32900,45000,178400,439480,425620,7360367,4102276,0,0,0,0,0,
600036.SH,600036,20251209,101521000,429500,10400,446678,28158,0,,,16616691,714495090,432700,428300,431800,431800,429600,429700,429800,429900,430000,430100,430200,430300,430400,430500,3900,3348,19600,7200,35200,5200,4500,8600,20400,16600,429500,429400,429300,429200,429100,429000,428900,428800,428700,428600,300,15400,36200,15900,33000,33000,49900,181400,32900,44500,439490,425620,7351067,4103376,0,0,0,0,0,
600036.SH,600036,20251209,101524000,429700,12048,517659,28182,0,,,16628739,715012749,432700,428300,431800,431800,429800,429900,430000,430100,430200,430300,430400,430500,430600,430700,19600,7200,35200,5200,4500,8600,20400,16600,28000,6200,429700,429600,429500,429400,429300,429200,429100,429000,428900,428800,3152,9800,5800,15100,37200,13900,30400,32200,50400,180700,439500,425640,7346319,4120028,0,0,0,0,0,
600036.SH,600036,20251209,101527000,429800,3900,167594,28189,0,,,16632639,715180343,432700,428300,431800,431800,429800,429900,430000,430100,430200,430300,430400,430500,430600,430700,20900,8100,34400,5200,4500,8600,20400,16600,28000,6200,429700,429600,429500,429400,429300,429200,429100,429000,428900,428800,2300,9800,4600,16600,37900,13900,30000,32000,50400,181600,439500,425640,7350019,4121176,0,0,0,0,0,
600036.SH,600036,20251209,101530000,429800,300,12894,28190,0,,,16632939,715193237,432700,428300,431800,431800,429800,429900,430000,430100,430200,430300,430400,430500,430600,430700,20700,8100,34400,5600,4500,8600,20400,16600,28000,6200,429700,429600,429500,429400,429300,429200,429100,429000,428900,428800,6400,5800,5500,16000,37600,12700,30400,32000,50200,181900,439500,425640,7350519,4120676,0,0,0,0,0,
600036.SH,600036,20251209,101533000,429700,2600,111737,28199,0,,,16635539,715304974,432700,428300,431800,431800,429800,429900,430000,430100,430200,430300,430400,430500,430600,430700,27400,8100,34400,5500,4500,8600,20400,16600,28000,6200,429700,429600,429500,429400,429300,429200,429100,429000,428900,428800,2900,6300,5500,15300,27900,11000,30000,32000,50200,181900,439490,425630,7357219,4103976,0,0,0,0,0,
600036.SH,600036,20251209,101536000,429700,5300,227763,28214,0,,,16640839,715532737,432700,428300,431800,431800,429800,429900,430000,430100,430200,430300,430400,430500,430600,430700,27900,8100,34300,5500,4500,8600,20400,16600,28000,6200,429700,429600,429500,429400,429300,429200,429100,429000,428900,428800,2700,5900,5500,15300,27900,11000,30000,33000,50200,181900,439490,425630,7357619,4104876,0,0,0,0,0,
600036.SH,600036,20251209,101539000,429700,3600,154691,28221,0,,,16644439,715687428,432700,428300,431800,431800,429700,429800,429900,430000,430100,430200,430300,430400,430500,430600,1700,29200,9400,34300,5500,4500,8600,20400,16600,28000,429600,429500,429400,429300,429200,429100,429000,428900,428800,428700,5800,4200,15000,27900,11000,30000,33000,50800,181900,32500,439490,425630,7361919,4103976,0,0,0,0,0,
600036.SH,600036,20251209,101542000,429700,8500,365223,28232,0,,,16652939,716052651,432700,428300,431800,431800,429700,429800,429900,430000,430100,430200,430300,430400,430500,430600,1300,29200,9400,34300,5500,4500,8600,20400,16600,28000,429600,429500,429400,429300,429200,429100,429000,428900,428800,428700,3700,4200,15000,27900,11000,30000,33000,50800,181900,32500,439490,425620,7361719,4102576,0,0,0,0,0,
600036.SH,600036,20251209,101545000,429600,6000,257786,28249,0,,,16658939,716310437,432700,428300,431800,431800,429700,429800,429900,430000,430100,430200,430300,430400,430500,430600,4900,29200,9400,34300,5500,4500,8600,20400,16600,28000,429600,429500,429400,429300,429200,429100,429000,428900,428800,428700,300,3900,15000,27900,11000,30100,33100,50800,182200,32500,439480,425620,7365319,4100476,0,0,0,0,0,
600036.SH,600036,20251209,101548000,429500,10000,429734,28261,0,,,16668939,716740171,432700,428300,431800,431800,429600,429700,429800,429900,430000,430100,430200,430300,430400,430500,400,1000,32300,9700,34300,5500,4500,8600,20400,16600,429500,429400,429300,429200,429100,429000,428900,428800,428700,428600,3800,15000,27900,11000,29900,33100,51000,182200,32500,44500,439480,425620,7365219,4097776,0,0,0,0,0,
600036.SH,600036,20251209,101551000,429500,3100,133145,28273,0,,,16672039,716873316,432700,428300,431800,431800,429600,429700,429800,429900,430000,430100,430200,430300,430400,430500,1000,2300,32300,9100,34300,5500,4500,8600,20400,16600,429500,429400,429300,429200,429100,429000,428900,428800,428700,428600,2300,14300,28200,11200,29900,33200,50300,182200,32500,43900,439480,425610,7365419,4094876,0,0,0,0,0,
600036.SH,600036,20251209,101554000,429600,1000,42957,28280,0,,,16673039,716916273,432700,428300,431800,431800,429600,429700,429800,429900,430000,430100,430200,430300,430400,430500,1700,2300,32300,9500,34300,5100,4500,8600,20400,16600,429500,429400,429300,429200,429100,429000,428900,428800,428700,428600,2900,9100,28200,11500,29900,33200,49700,182300,32500,44100,439480,425610,7366119,4090976,0,0,0,0,0,
600036.SH,600036,20251209,101557000,429600,2700,115992,28286,0,,,16675739,717032265,432700,428300,431800,431800,429600,429700,429800,429900,430000,430100,430200,430300,430400,430500,1400,2400,32300,9500,34300,5100,4500,8600,20400,16600,429500,429400,429300,429200,429100,429000,428900,428800,428700,428600,6000,9400,28200,11500,32100,33700,49700,182300,32500,44100,439480,425620,7365919,4098876,0,0,0,0,0,
600036.SH,600036,20251209,101600000,429500,7100,304946,28303,0,,,16682839,717337211,432700,428300,431800,431800,429500,429600,429700,429800,429900,430000,430100,430200,430300,430400,1200,2400,2400,32300,9500,34300,5100,4500,8600,20400,429400,429300,429200,429100,429000,428900,428800,428700,428600,428500,9500,32300,11500,32100,34100,49700,176900,32500,44200,230700,439470,425630,7371319,4118676,0,0,0,0,0,
600036.SH,600036,20251209,101603000,429500,2900,124555,28308,0,,,16685739,717461766,432700,428300,431800,431800,429500,429600,429700,429800,429900,430000,430100,430200,430300,430400,5400,6700,2400,30900,9500,34300,5100,4500,8600,20400,429400,429300,429200,429100,429000,428900,428800,428700,428600,428500,10000,31800,11600,32300,34100,50000,176900,32500,44200,231700,439470,425630,7375419,4119976,0,0,0,0,0,
600036.SH,600036,20251209,101606000,429400,10500,450906,28321,0,,,16696239,717912672,432700,428300,431800,431800,429500,429600,429700,429800,429900,430000,430100,430200,430300,430400,11900,7100,2400,22600,9500,34300,5100,4500,8600,20400,429400,429300,429200,429100,429000,428900,428800,428700,428600,428500,5000,31300,11600,33200,34100,50000,176900,32500,44200,233700,439470,425630,7374019,4117576,0,0,0,0,0,
600036.SH,600036,20251209,101609000,429500,1200,51538,28323,0,,,16697439,717964210,432700,428300,431800,431800,429500,429600,429700,429800,429900,430000,430100,430200,430300,430400,10900,7100,2400,22000,9500,34300,5100,4500,8600,20400,429400,429300,429200,429100,429000,428900,428800,428700,428600,428500,4800,31100,11600,33200,34300,50000,176900,32500,44200,234000,439470,425630,7372419,4117676,0,0,0,0,0,
600036.SH,600036,20251209,101612000,429400,2700,115945,28330,0,,,16700139,718080155,432700,428300,431800,431800,429500,429600,429700,429800,429900,430000,430100,430200,430300,430400,10300,7500,3800,22000,9500,34300,5100,4500,8600,20400,429400,429300,429200,429100,429000,428900,428800,428700,428600,428500,3000,31300,11600,33200,37400,49900,177900,32500,44200,234000,439470,425630,7373419,4120476,0,0,0,0,0,
600036.SH,600036,20251209,101615000,429500,4900,210433,28346,0,,,16705039,718290588,432700,428300,431800,431800,429500,429600,429700,429800,429900,430000,430100,430200,430300,430400,10200,8200,3800,22000,9500,34800,5100,4500,8600,20400,429400,429300,429200,429100,429000,428900,428800,428700,428600,428500,1300,31300,11600,33200,35000,49900,178000,32500,44200,233800,439460,425630,7377719,4116376,0,0,0,0,0,
600036.SH,600036,20251209,101618000,429700,25000,1073923,28402,0,,,16730039,719364511,432700,428300,431800,431800,429800,429900,430000,430100,430200,430300,430400,430500,430600,430700,16000,8200,34800,5100,4500,8600,20400,16600,28000,6200,429700,429600,429500,429400,429300,429200,429100,429000,428900,428800,1500,3100,9900,1800,31300,11600,32800,35500,50100,179000,439500,425640,7348219,4132876,0,0,0,0,0,
600036.SH,600036,20251209,101621000,429700,3700,159014,28407,0,,,16733739,719523525,432700,428300,431800,431800,429800,429900,430000,430100,430200,430300,430400,430500,430600,430700,13800,8400,35000,5500,4500,8600,20400,16600,28000,6200,429700,429600,429500,429400,429300,429200,429100,429000,428900,428800,1500,9500,8100,2300,31300,11200,32600,36800,50100,179200,439500,425650,7347019,4139176,0,0,0,0,0,
600036.SH,600036,20251209,101624000,429800,22800,979943,28452,0,,,16756539,720503468,432700,428300,431800,431800,429900,430000,430100,430200,430300,430400,430500,430600,430700,430800,8300,36000,5500,4500,8600,20400,16600,28000,6200,8900,429800,429700,429600,429500,429400,429300,429200,429100,429000,428900,2700,3700,7100,10700,2800,31300,11200,33200,29600,50100,439520,425650,7334119,4138176,0,0,0,0,0,
600036.SH,600036,20251209,101627000,429800,8400,361098,28470,0,,,16764939,720864566,432700,428300,431800,431800,429900,430000,430100,430200,430300,430400,430500,430600,430700,430800,1900,36600,5600,4400,8600,20400,16600,28000,6200,8900,429800,429700,429600,429500,429400,429300,429200,429100,429000,428900,2900,3000,7400,11400,2500,31300,11200,33200,29800,50100,439530,425660,7328419,4157376,0,0,0,0,0,
600036.SH,600036,20251209,101630000,429900,1900,81681,28476,0,,,16766839,720946247,432700,428300,431800,431800,430000,430100,430200,430300,430400,430500,430600,430700,430800,430900,37200,5600,4400,8600,20400,16600,28000,6200,8900,32300,429900,429800,429700,429600,429500,429400,429300,429200,429100,429000,600,25600,3900,7600,10100,2500,31300,10900,33000,29800,439530,425680,7327119,4178076,0,0,0,0,0,
600036.SH,600036,20251209,101633000,429900,3600,154792,28487,0,,,16770439,721101039,432700,428300,431800,431800,430000,430100,430200,430300,430400,430500,430600,430700,430800,430900,34400,5200,4400,9000,20400,16600,28000,6200,8900,32300,429900,429800,429700,429600,429500,429400,429300,429200,429100,429000,1000,24900,3900,8200,8400,1900,31800,10900,32400,29800,439530,425680,7325019,4174376,0,0,0,0,0,
600036.SH,600036,20251209,101636000,429900,400,17196,28489,0,,,16770839,721118235,432700,428300,431800,431800,430000,430100,430200,430300,430400,430500,430600,430700,430800,430900,34400,5600,4400,9000,20400,16600,28000,6200,8900,32300,429900,429800,429700,429600,429500,429400,429300,429200,429100,429000,7700,25300,3900,8200,8400,2700,31800,10900,32400,29800,439530,425690,7325419,4183376,0,0,0,0,0,
600036.SH,600036,20251209,101639000,429900,2200,94592,28498,0,,,16773039,721212827,432700,428300,431800,431800,430000,430100,430200,430300,430400,430500,430600,430700,430800,430900,33100,7200,4400,9500,20400,16600,28000,6200,8900,32300,429900,429800,429700,429600,429500,429400,429300,429200,429100,429000,6900,25400,3900,8200,8400,2700,31800,9700,32400,29800,439530,425680,7338219,4178876,0,0,0,0,0,
600036.SH,600036,20251209,101642000,430000,5700,245051,28510,0,,,16778739,721457878,432700,428300,431800,431800,430000,430100,430200,430300,430400,430500,430600,430700,430800,430900,32600,7200,4400,9500,20400,16600,28000,6200,8900,32300,429900,429800,429700,429600,429500,429400,429300,429200,429100,429000,700,25400,3900,8200,8400,2700,31800,9700,32400,29800,439530,425680,7337619,4172476,0,0,0,0,0,
600036.SH,600036,20251209,101645000,429900,1400,60187,28518,0,,,16780139,721518065,432700,428300,431800,431800,430000,430100,430200,430300,430400,430500,430600,430700,430800,430900,32900,7200,4400,9500,20400,16600,28000,6200,8900,32300,429900,429800,429700,429600,429500,429400,429300,429200,429100,429000,1300,25500,3900,8200,8400,2700,31800,9700,32400,29800,439530,425680,7339519,4172576,0,0,0,0,0,
600036.SH,600036,20251209,101648000,429900,3500,150465,28527,0,,,16783639,721668530,432700,428300,431800,431800,430000,430100,430200,430300,430400,430500,430600,430700,430800,430900,34400,7200,4400,9500,20400,16600,28000,6200,8900,32300,429900,429800,429700,429600,429500,429400,429300,429200,429100,429000,100,25500,3900,7600,7300,2700,31800,10100,32600,36400,439520,425680,7341019,4177476,0,0,0,0,0,
600036.SH,600036,20251209,101651000,430000,4100,176300,28533,0,,,16787739,721844830,432700,428300,431800,431800,430000,430100,430200,430300,430400,430500,430600,430700,430800,430900,30300,7200,4400,10400,20400,16600,28000,6200,8900,32300,429900,429800,429700,429600,429500,429400,429300,429200,429100,429000,300,25500,4200,7600,7300,2700,31800,10100,32600,36400,439530,425680,7339819,4178176,0,0,0,0,0,
600036.SH,600036,20251209,101654000,430000,0,0,28533,0,,,16787739,721844830,432700,428300,431800,431800,430000,430100,430200,430300,430400,430500,430600,430700,430800,430900,30300,7200,4400,10400,20400,16600,28000,6200,8900,32300,429900,429800,429700,429600,429500,429400,429300,429200,429100,429000,4300,25500,4200,8400,7900,2500,31800,10100,32400,36900,439530,425680,7339719,4177476,0,0,0,0,0,
600036.SH,600036,20251209,101657000,430000,35200,1513600,28579,0,,,16822939,723358430,432700,428300,431800,431800,430100,430200,430300,430400,430500,430600,430700,430800,430900,431000,9700,4400,10400,20400,16600,28000,6200,8900,32300,43400,430000,429900,429800,429700,429600,429500,429400,429300,429200,429100,2800,4700,25500,4200,8400,7900,2500,31800,10100,33000,439560,425690,7311919,4182176,0,0,0,0,0,
600036.SH,600036,20251209,101700000,430100,7600,326856,28593,0,,,16830539,723685286,432700,428300,431800,431800,430100,430200,430300,430400,430500,430600,430700,430800,430900,431000,5200,5100,10400,20400,16600,28000,5900,8900,32300,43200,430000,429900,429800,429700,429600,429500,429400,429300,429200,429100,1700,4700,25600,4200,8200,7900,2500,31800,10100,33000,439570,425680,7307819,4180776,0,0,0,0,0,
600036.SH,600036,20251209,101703000,430200,5600,240860,28601,0,,,16836139,723926146,432700,428300,431800,431800,430200,430300,430400,430500,430600,430700,430800,430900,431000,431100,4700,10400,20500,16600,28000,5900,8900,32300,43300,3800,430100,430000,429900,429800,429700,429600,429500,429400,429300,429200,900,6200,5300,25200,3900,7900,7900,2500,31800,10100,439580,425690,7302319,4191376,0,0,0,0,0,
600036.SH,600036,20251209,101706000,430100,7600,326885,28624,0,,,16843739,724253031,432700,428300,431800,431800,430200,430300,430400,430500,430600,430700,430800,430900,431000,431100,4700,10500,1600,17000,28000,5400,8900,32100,41300,3800,430100,430000,429900,429800,429700,429600,429500,429400,429300,429200,500,5600,5100,25300,3900,7100,7900,2500,31800,10100,439600,425690,7277019,4189276,0,0,0,0,0,
600036.SH,600036,20251209,101709000,430200,3200,137662,28631,0,,,16846939,724390693,432700,428300,431800,431800,430200,430300,430400,430500,430600,430700,430800,430900,431000,431100,2000,10500,1600,17700,28000,5400,8900,32100,41200,3800,430100,430000,429900,429800,429700,429600,429500,429400,429300,429200,6200,5600,5100,25300,3900,7100,7900,2500,31800,10100,439610,425700,7274919,4196776,0,0,0,0,0,
600036.SH,600036,20251209,101712000,430200,4100,176380,28646,0,,,16851039,724567073,432700,428300,431800,431800,430300,430400,430500,430600,430700,430800,430900,431000,431100,431200,9300,1700,17700,28000,5400,8900,32100,41200,3800,13300,430200,430100,430000,429900,429800,429700,429600,429500,429400,429300,1000,5600,6600,5100,25500,3400,7500,8500,2500,31300,439610,425700,7270919,4197876,0,0,0,0,0,
600036.SH,600036,20251209,101715000,430300,3900,167813,28656,0,,,16854939,724734886,432700,428300,431800,431800,430300,430400,430500,430600,430700,430800,430900,431000,431100,431200,6400,1800,17700,28000,5400,8900,32100,41200,3800,13300,430200,430100,430000,429900,429800,429700,429600,429500,429400,429300,5600,5900,6800,5100,25500,3500,7500,8500,2500,31300,439620,425710,7268119,4202976,0,0,0,0,0,
600036.SH,600036,20251209,101718000,430200,1500,64530,28661,0,,,16856439,724799416,432700,428300,431800,431800,430300,430400,430500,430600,430700,430800,430900,431000,431100,431200,12400,1700,18300,28000,5400,8900,32100,41200,3800,13300,430200,430100,430000,429900,429800,429700,429600,429500,429400,429300,4400,6200,7500,5000,25500,3500,7500,8300,2500,31300,439610,425710,7274619,4206776,0,0,0,0,0,
600036.SH,600036,20251209,101721000,430300,2900,124785,28669,0,,,16859339,724924201,432700,428300,431800,431800,430300,430400,430500,430600,430700,430800,430900,431000,431100,431200,9500,1600,18300,28000,4600,8900,32100,41200,3800,13300,430200,430100,430000,429900,429800,429700,429600,429500,429400,429300,4600,6300,7700,4900,25700,3500,7500,8300,2500,31300,439610,425710,7271319,4209576,0,0,0,0,0,
600036.SH,600036,20251209,101724000,430300,2500,107554,28678,0,,,16861839,725031755,432700,428300,431800,431800,430300,430400,430500,430600,430700,430800,430900,431000,431100,431200,18900,2200,18600,27000,4600,8500,32100,41200,3800,13300,430200,430100,430000,429900,429800,429700,429600,429500,429400,429300,2600,6300,7700,4900,25700,3500,7500,8300,2500,31300,439580,425700,7300819,4191376,0,0,0,0,0,
600036.SH,600036,20251209,101727000,430200,5900,253820,28699,0,,,16867739,725285575,432700,428300,431800,431800,430200,430300,430400,430500,430600,430700,430800,430900,431000,431100,6900,18700,2200,18600,28000,4600,8500,32100,41300,3800,430100,430000,429900,429800,429700,429600,429500,429400,429300,429200,6100,9700,4900,25700,3500,7500,8300,2500,31300,9400,439570,425700,7309619,4193476,0,0,0,0,0,
600036.SH,600036,20251209,101730000,430200,100,4302,28700,0,,,16867839,725289877,432700,428300,431800,431800,430200,430300,430400,430500,430600,430700,430800,430900,431000,431100,8200,19000,2300,18600,28500,4600,8500,32100,41300,3800,430100,430000,429900,429800,429700,429600,429500,429400,429300,429200,6600,9700,5700,25500,3500,7500,8300,2500,31300,9400,439570,425700,7309619,4194876,0,0,0,0,0,
600036.SH,600036,20251209,101733000,430200,2900,124756,28706,0,,,16870739,725414633,432700,428300,431800,431800,430200,430300,430400,430500,430600,430700,430800,430900,431000,431100,6500,20000,2300,18600,28500,4600,8500,32100,41300,3800,430100,430000,429900,429800,429700,429600,429500,429400,429300,429200,6800,9300,5900,25500,3500,7500,8300,2500,32300,9400,439570,425700,7309619,4196076,0,0,0,0,0,
600036.SH,600036,20251209,101736000,430200,500,21510,28707,0,,,16871239,725436143,432700,428300,431800,431800,430200,430300,430400,430500,430600,430700,430800,430900,431000,431100,6700,20900,3300,18600,28500,4600,8500,32100,41200,3800,430100,430000,429900,429800,429700,429600,429500,429400,429300,429200,6900,11400,5900,25500,3500,7500,8300,2500,32300,9400,439570,425700,7311919,4198576,0,0,0,0,0,
600036.SH,600036,20251209,101739000,430200,200,8604,28709,0,,,16871439,725444747,432700,428300,431800,431800,430200,430300,430400,430500,430600,430700,430800,430900,431000,431100,13000,21000,3300,18600,27500,4600,8500,32100,41200,3800,430100,430000,429900,429800,429700,429600,429500,429400,429300,429200,7000,11700,6600,25500,3500,7500,8300,2500,32300,9400,439560,425700,7316419,4200576,0,0,0,0,0,
600036.SH,600036,20251209,101742000,430200,6100,262419,28720,0,,,16877539,725707166,432700,428300,431800,431800,430200,430300,430400,430500,430600,430700,430800,430900,431000,431100,7700,20900,3300,18600,27500,4600,8500,32100,41200,3800,430100,430000,429900,429800,429700,429600,429500,429400,429300,429200,6700,11700,6600,25500,3600,7500,8500,2500,32300,9500,439570,425700,7311219,4201176,0,0,0,0,0,
600036.SH,600036,20251209,101745000,430100,3300,141949,28727,0,,,16880839,725849115,432700,428300,431800,431800,430200,430300,430400,430500,430600,430700,430800,430900,431000,431100,8500,21800,3300,18600,27500,4600,8500,32100,41200,3800,430100,430000,429900,429800,429700,429600,429500,429400,429300,429200,5300,12200,6600,25500,3600,9000,8500,10500,32300,9500,439570,425710,7313919,4209176,0,0,0,0,0,
600036.SH,600036,20251209,101748000,430100,3600,154840,28745,0,,,16884439,726003955,432700,428300,431800,431800,430200,430300,430400,430500,430600,430700,430800,430900,431000,431100,18100,22200,3700,18600,32100,4600,9600,32100,41200,3800,430100,430000,429900,429800,429700,429600,429500,429400,429300,429200,2100,9100,3800,25500,3600,9000,8600,10500,32300,9500,439530,425700,7344419,4200176,0,0,0,0,0,
600036.SH,600036,20251209,101751000,430100,5100,219329,28779,0,,,16889539,726223284,432700,428300,431800,431800,430100,430200,430300,430400,430500,430600,430700,430800,430900,431000,5300,19000,22200,3700,18600,32100,4600,9600,32100,41200,430000,429900,429800,429700,429600,429500,429400,429300,429200,429100,7000,3800,25500,3600,9000,8600,10500,32300,9500,34400,439520,425700,7351319,4196076,0,0,0,0,0,
600036.SH,600036,20251209,101754000,430000,5600,240806,28826,0,,,16895139,726464090,432700,428300,431800,431800,430100,430200,430300,430400,430500,430600,430700,430800,430900,431000,34900,30300,14700,3700,18600,32100,4800,9600,32100,41200,430000,429900,429800,429700,429600,429500,429400,429300,429200,429100,2000,4000,25500,3700,9000,8600,10500,32300,9500,34400,439480,425690,7386119,4191376,0,0,0,0,0,
600036.SH,600036,20251209,101757000,430000,3900,167696,28854,0,,,16899039,726631786,432700,428300,431800,431800,430000,430100,430200,430300,430400,430500,430600,430700,430800,430900,11000,40300,31500,14700,3700,18600,32100,4800,9600,32100,429900,429800,429700,429600,429500,429400,429300,429200,429100,429000,3700,25500,3700,9000,8800,10500,32300,9500,34400,52900,439460,425690,7404219,4185876,0,0,0,0,0,
600036.SH,600036,20251209,101800000,429900,6900,296689,28872,0,,,16905939,726928475,432700,428300,431800,431800,430000,430100,430200,430300,430400,430500,430600,430700,430800,430900,7800,16700,31400,14900,4700,18600,32100,4800,9600,32100,429900,429800,429700,429600,429500,429400,429300,429200,429100,429000,3300,25100,3700,9200,9000,10500,32300,10000,34400,52900,439490,425690,7379819,4180976,0,0,0,0,0,
600036.SH,600036,20251209,101803000,430000,1200,51599,28877,0,,,16907139,726980074,432700,428300,431800,431800,430000,430100,430200,430300,430400,430500,430600,430700,430800,430900,7700,20600,31400,15300,4700,18200,32100,4800,9800,32100,429900,429800,429700,429600,429500,429400,429300,429200,429100,429000,3200,25100,3700,9200,9000,10500,32300,10000,34400,53500,439480,425690,7387219,4181976,0,0,0,0,0,
600036.SH,600036,20251209,101806000,429900,5600,240798,28885,0,,,16912739,727220872,432700,428300,431800,431800,430000,430100,430200,430300,430400,430500,430600,430700,430800,430900,3900,17700,31400,15300,4700,18200,32100,4800,9800,32100,429900,429800,429700,429600,429500,429400,429300,429200,429100,429000,3000,25200,3700,9200,9000,10500,32300,10000,34400,53800,439490,425680,7380619,4178376,0,0,0,0,0,
600036.SH,600036,20251209,101809000,430000,4400,189200,28895,0,,,16917139,727410072,432700,428300,431800,431800,430100,430200,430300,430400,430500,430600,430700,430800,430900,431000,17700,27900,15300,6700,18200,32100,4800,9800,32100,41700,430000,429900,429800,429700,429600,429500,429400,429300,429200,429100,400,4000,25300,3700,6500,9000,10300,32300,10000,34400,439500,425680,7375319,4177076,0,0,0,0,0,
600036.SH,600036,20251209,101812000,430000,5900,253700,28902,0,,,16923039,727663772,432700,428300,431800,431800,430100,430200,430300,430400,430500,430600,430700,430800,430900,431000,19800,28300,15100,6700,18200,32100,4800,10100,32100,41700,430000,429900,429800,429700,429600,429500,429400,429300,429200,429100,1900,3400,25300,3700,6500,9000,10300,32300,10000,35400,439500,425680,7378619,4180976,0,0,0,0,0,
600036.SH,600036,20251209,101815000,430100,10100,434359,28941,0,,,16933139,728098131,432700,428300,431800,431800,430100,430200,430300,430400,430500,430600,430700,430800,430900,431000,12000,28800,14600,9700,18200,32100,4800,10100,32100,42000,430000,429900,429800,429700,429600,429500,429400,429300,429200,429100,5800,3100,26000,6700,6500,9200,10300,32300,10000,35400,439500,425690,7375619,4189876,0,0,0,0,0,
600036.SH,600036,20251209,101818000,430100,40300,1733539,28993,0,,,16973439,729831670,432700,428300,431800,431800,430200,430300,430400,430500,430600,430700,430800,430900,431000,431100,5200,14600,9700,13200,32100,4800,10100,32100,42000,3800,430000,429900,429800,429700,429600,429500,429400,429300,429200,429100,14200,3800,25400,6700,5800,9300,10300,32300,10000,35400,439550,425700,7335019,4201776,0,0,0,0,0,
600036.SH,600036,20251209,101821000,430200,5100,219359,29005,0,,,16978539,730051029,432700,428300,431800,431800,430200,430300,430400,430500,430600,430700,430800,430900,431000,431100,3500,14200,9700,13700,32100,4800,10100,32100,42000,3800,430000,429900,429800,429700,429600,429500,429400,429300,429200,429100,13900,3900,25300,6200,5800,9300,10300,32300,10000,38300,439560,425710,7333719,4210876,0,0,0,0,0,
600036.SH,600036,20251209,101824000,430100,2900,124750,29019,0,,,16981439,730175779,432700,428300,431800,431800,430200,430300,430400,430500,430600,430700,430800,430900,431000,431100,1600,14300,9700,13700,27500,4800,10100,32400,42000,3800,430100,430000,429900,429800,429700,429600,429500,429400,429300,429200,100,44700,3900,25100,6200,5600,9300,10300,32300,10000,439560,425740,7329919,4241376,0,0,0,0,0,
600036.SH,600036,20251209,101827000,430200,8800,378630,29034,0,,,16990239,730554409,432700,428300,431800,431800,430300,430400,430500,430600,430700,430800,430900,431000,431100,431200,9000,10700,13200,27900,4800,10100,32500,42500,4000,13600,430200,430100,430000,429900,429800,429700,429600,429500,429400,429300,300,19500,45300,4500,25100,6200,5600,9300,10300,32100,439560,425760,7331019,4263776,0,0,0,0,0,
600036.SH,600036,20251209,101830000,430300,200,8606,29035,0,,,16990439,730563015,432700,428300,431800,431800,430300,430400,430500,430600,430700,430800,430900,431000,431100,431200,8800,10700,13200,28400,4600,10100,32500,42000,3400,13600,430200,430100,430000,429900,429800,429700,429600,429500,429400,429300,9800,19500,42500,4500,24500,6600,5600,9100,10300,32100,439560,425770,7330519,4269076,0,0,0,0,0,
600036.SH,600036,20251209,101833000,430300,1800,77453,29043,0,,,16992239,730640468,432700,428300,431800,431800,430300,430400,430500,430600,430700,430800,430900,431000,431100,431200,17000,10700,13200,28400,4600,10100,32500,42000,3400,13600,430200,430100,430000,429900,429800,429700,429600,429500,429400,429300,10100,18900,41700,3500,24500,6600,5600,9100,10300,32000,439550,425760,7338719,4266676,0,0,0,0,0,
600036.SH,600036,20251209,101836000,430300,800,34423,29049,0,,,16993039,730674891,432700,428300,431800,431800,430300,430400,430500,430600,430700,430800,430900,431000,431100,431200,17700,15100,13200,28400,4600,10100,32500,42000,3400,13600,430200,430100,430000,429900,429800,429700,429600,429500,429400,429300,12600,18900,41300,3500,24500,6600,6100,9100,10300,32000,439550,425770,7339319,4271176,0,0,0,0,0,
600036.SH,600036,20251209,101839000,430300,200,8606,29050,0,,,16993239,730683497,432700,428300,431800,431800,430300,430400,430500,430600,430700,430800,430900,431000,431100,431200,17400,15100,13700,28400,4600,10100,32500,42000,3400,13600,430200,430100,430000,429900,429800,429700,429600,429500,429400,429300,13300,18900,41800,3500,24400,6500,6100,9100,10300,32000,439550,425770,7342819,4272176,0,0,0,0,0,
600036.SH,600036,20251209,101842000,430200,700,30120,29053,0,,,16993939,730713617,432700,428300,431800,431800,430300,430400,430500,430600,430700,430800,430900,431000,431100,431200,17100,15700,13700,28400,4600,10100,32500,42000,3400,13600,430200,430100,430000,429900,429800,429700,429600,429500,429400,429300,13900,18900,41800,3500,24400,6500,6100,9100,10300,32000,439540,425770,7347119,4272376,0,0,0,0,0,
600036.SH,600036,20251209,101845000,430200,4500,193615,29063,0,,,16998439,730907232,432700,428300,431800,431800,430300,430400,430500,430600,430700,430800,430900,431000,431100,431200,16500,15700,13800,28400,4600,10100,32500,42000,3400,15600,430200,430100,430000,429900,429800,429700,429600,429500,429400,429300,6200,18900,42000,3500,24500,6500,6100,9100,10300,32000,439540,425760,7349419,4266276,0,0,0,0,0,
600036.SH,600036,20251209,101848000,430200,1000,43027,29068,0,,,16999439,730950259,432700,428300,431800,431800,430300,430400,430500,430600,430700,430800,430900,431000,431100,431200,19100,15700,13800,28400,4600,10100,32500,42000,3400,15600,430200,430100,430000,429900,429800,429700,429600,429500,429400,429300,6200,18900,42000,4100,24500,6500,6100,9200,10300,32000,439540,425760,7352019,4266976,0,0,0,0,0,
600036.SH,600036,20251209,101851000,430200,2500,107550,29080,0,,,17001939,731057809,432700,428300,431800,431800,430300,430400,430500,430600,430700,430800,430900,431000,431100,431200,19600,15700,13800,28400,4600,10100,32500,42000,3400,15600,430200,430100,430000,429900,429800,429700,429600,429500,429400,429300,3700,18900,41900,4100,24500,6500,6100,9200,10300,32000,439540,425760,7353619,4264576,0,0,0,0,0,
600036.SH,600036,20251209,101854000,430200,3500,150570,29094,0,,,17005439,731208379,432700,428300,431800,431800,430300,430400,430500,430600,430700,430800,430900,431000,431100,431200,19800,15700,14300,28400,4600,10100,32500,42000,3400,15600,430200,430100,430000,429900,429800,429700,429600,429500,429400,429300,500,18900,42000,5000,24700,6500,6100,9200,10300,32000,439540,425760,7354319,4266176,0,0,0,0,0,
600036.SH,600036,20251209,101857000,430300,8500,365728,29121,0,,,17013939,731574107,432700,428300,431800,431800,430300,430400,430500,430600,430700,430800,430900,431000,431100,431200,16600,15700,14300,28400,4600,10100,32500,42000,3400,15600,430100,430000,429900,429800,429700,429600,429500,429400,429300,429200,19000,41600,5000,25900,8700,6100,9200,10300,32000,9700,439540,425760,7351119,4268776,0,0,0,0,0,
600036.SH,600036,20251209,101900000,430200,4400,189306,29132,0,,,17018339,731763413,432700,428300,431800,431800,430200,430300,430400,430500,430600,430700,430800,430900,431000,431100,3100,13600,15700,14300,28400,4600,10100,32500,42000,3400,430100,430000,429900,429800,429700,429600,429500,429400,429300,429200,19800,42900,5000,25900,8700,6100,9200,10300,32000,9700,439540,425770,7351219,4270776,0,0,0,0,0,
600036.SH,600036,20251209,101903000,430100,7900,339841,29148,0,,,17026239,732103254,432700,428300,431800,431800,430200,430300,430400,430500,430600,430700,430800,430900,431000,431100,5200,16400,15700,14300,28400,4600,10100,32500,42000,3400,430100,430000,429900,429800,429700,429600,429500,429400,429300,429200,18100,58300,5000,25900,8300,6100,9200,10300,32000,9700,439530,425780,7358019,4283976,0,0,0,0,0,
600036.SH,600036,20251209,101906000,430200,2000,86036,29153,0,,,17028239,732189290,432700,428300,431800,431800,430200,430300,430400,430500,430600,430700,430800,430900,431000,431100,5100,17300,15700,14400,28400,4600,10100,32500,42000,3400,430100,430000,429900,429800,429700,429600,429500,429400,429300,429200,18000,57600,5000,26500,8300,6100,9200,10300,32000,9700,439530,425780,7359419,4282376,0,0,0,0,0,
600036.SH,600036,20251209,101909000,430200,1400,60225,29159,0,,,17029639,732249515,432700,428300,431800,431800,430200,430300,430400,430500,430600,430700,430800,430900,431000,431100,4300,15800,15700,14400,28400,4600,10100,32500,42000,3400,430100,430000,429900,429800,429700,429600,429500,429400,429300,429200,17700,57600,5000,26500,8300,6100,9200,10300,32000,9700,439530,425780,7360319,4281576,0,0,0,0,0,
600036.SH,600036,20251209,101912000,430200,6000,258117,29174,0,,,17035639,732507632,432700,428300,431800,431800,430300,430400,430500,430600,430700,430800,430900,431000,431100,431200,14800,15700,14400,28400,4600,10100,32500,42000,3400,15600,430200,430100,430000,429900,429800,429700,429600,429500,429400,429300,500,18000,57600,4900,26000,7600,6100,9200,10300,32000,439540,425780,7355519,4281876,0,0,0,0,0,
600036.SH,600036,20251209,101915000,430200,4000,172083,29182,0,,,17039639,732679715,432700,428300,431800,431800,430300,430400,430500,430600,430700,430800,430900,431000,431100,431200,14500,15700,14400,28400,4600,10100,32500,42000,3400,15600,430200,430100,430000,429900,429800,429700,429600,429500,429400,429300,3200,33600,57900,4900,26000,7600,6100,9200,10300,32000,439540,425800,7355319,4302376,0,0,0,0,0,
600036.SH,600036,20251209,101918000,430200,600,25814,29186,0,,,17040239,732705529,432700,428300,431800,431800,430300,430400,430500,430600,430700,430800,430900,431000,431100,431200,14400,15700,14400,28400,4600,10100,32500,42000,3400,15700,430200,430100,430000,429900,429800,429700,429600,429500,429400,429300,4500,33600,58100,4900,26000,7600,6100,9200,10700,32000,439540,425800,7355319,4303676,0,0,0,0,0,
600036.SH,600036,20251209,101921000,430200,23000,989603,29236,0,,,17063239,733695132,432700,428300,431800,431800,430200,430300,430400,430500,430600,430700,430800,430900,431000,431100,2200,1100,15800,14600,28400,4600,10100,32500,41900,3400,430100,430000,429900,429800,429700,429600,429500,429400,429300,429200,33500,58100,4900,26100,7600,5900,9300,10700,32000,10700,439550,425790,7344719,4299076,0,0,0,0,0,
600036.SH,600036,20251209,101924000,430300,23800,1024214,29290,0,,,17087039,734719346,432700,428300,431800,431800,430400,430500,430600,430700,430800,430900,431000,431100,431200,431300,100,14600,26900,4600,10100,32500,42300,3400,15700,18900,430300,430200,430100,430000,429900,429800,429700,429600,429500,429400,700,9700,24600,58100,5200,26100,7600,3200,9300,10700,439580,425790,7327719,4298176,0,0,0,0,0,
600036.SH,600036,20251209,101927000,430300,400,17213,29294,0,,,17087439,734736559,432700,428300,431800,431800,430500,430600,430700,430800,430900,431000,431100,431200,431300,431400,14700,26900,4600,9300,32500,42400,3400,15700,18900,2800,430400,430300,430200,430100,430000,429900,429800,429700,429600,429500,200,800,9800,24700,58100,5100,26100,7600,3200,9300,439580,425790,7329419,4298676,0,0,0,0,0,
600036.SH,600036,20251209,101930000,430500,2400,103290,29304,0,,,17089839,734839849,432700,428300,431800,431800,430500,430600,430700,430800,430900,431000,431100,431200,431300,431400,14900,27000,4600,9700,32500,42000,3400,15700,19200,2800,430400,430300,430200,430100,430000,429900,429800,429700,429600,429500,200,2200,10100,22000,58100,4800,26100,7600,3200,9300,439580,425790,7330019,4298476,0,0,0,0,0,
600036.SH,600036,20251209,101933000,430300,3500,150642,29322,0,,,17093339,734990491,432700,428300,431800,431800,430500,430600,430700,430800,430900,431000,431100,431200,431300,431400,22500,27000,4600,9600,32500,42000,3400,15700,19200,2800,430400,430300,430200,430100,430000,429900,429800,429700,429600,429500,200,1000,10200,22000,58100,4800,25900,7800,3200,9400,439570,425790,7338619,4297176,0,0,0,0,0,
600036.SH,600036,20251209,101936000,430500,4700,202287,29332,0,,,17098039,735192778,432700,428300,431800,431800,430500,430600,430700,430800,430900,431000,431100,431200,431300,431400,21800,27000,4600,9600,32500,42000,3400,15700,19200,2800,430300,430200,430100,430000,429900,429800,429700,429600,429500,429400,1300,1600,22000,58700,4800,25300,7800,3200,9400,10700,439570,425780,7337619,4288776,0,0,0,0,0,
600036.SH,600036,20251209,101939000,430300,5600,241043,29342,0,,,17103639,735433821,432700,428300,431800,431800,430400,430500,430600,430700,430800,430900,431000,431100,431200,431300,5100,19800,27000,4600,9600,32500,42000,3400,15700,19200,430300,430200,430100,430000,429900,429800,429700,429600,429500,429400,1700,1000,22000,58700,4800,25300,7800,3200,9500,10700,439560,425780,7341219,4288576,0,0,0,0,0,
600036.SH,600036,20251209,101942000,430400,6500,279763,29350,0,,,17110139,735713584,432700,428300,431800,431800,430400,430500,430600,430700,430800,430900,431000,431100,431200,431300,100,22600,27000,4600,9600,43500,42000,3400,15700,19200,430300,430200,430100,430000,429900,429800,429700,429600,429500,429400,3100,1000,22000,58800,4800,25300,7800,3200,9500,10700,439550,425780,7350019,4288776,0,0,0,0,0,
600036.SH,600036,20251209,101945000,430300,11400,490632,29386,0,,,17121539,736204216,432700,428300,431800,431800,430300,430400,430500,430600,430700,430800,430900,431000,431100,431200,1300,1400,25400,27000,4600,9600,43500,41900,3400,15700,430200,430100,430000,429900,429800,429700,429600,429500,429400,429300,1000,19700,59300,4800,24800,6600,3200,9500,10300,30800,439550,425780,7355519,4281576,0,0,0,0,0,
600036.SH,600036,20251209,101948000,430300,4900,210849,29398,0,,,17126439,736415065,432700,428300,431800,431800,430400,430500,430600,430700,430800,430900,431000,431100,431200,431300,2300,25400,27400,4600,9200,43600,41900,3400,15700,19200,430300,430200,430100,430000,429900,429800,429700,429600,429500,429400,6500,1300,19000,59100,4800,24200,6400,3200,10500,10300,439540,425780,7366719,4286876,0,0,0,0,0,
600036.SH,600036,20251209,101951000,430400,5600,240973,29429,0,,,17132039,736656038,432700,428300,431800,431800,430400,430500,430600,430700,430800,430900,431000,431100,431200,431300,7300,29900,27400,4600,9200,43600,41900,3400,15700,19200,430300,430200,430100,430000,429900,429800,429700,429600,429500,429400,3300,1900,18500,59100,4800,24200,6400,3200,10500,10300,439520,425780,7376219,4290176,0,0,0,0,0,
600036.SH,600036,20251209,101954000,430400,1600,68860,29435,0,,,17133639,736724898,432700,428300,431800,431800,430400,430500,430600,430700,430800,430900,431000,431100,431200,431300,6800,29800,27400,4600,9200,43600,41900,3400,15700,19200,430300,430200,430100,430000,429900,429800,429700,429600,429500,429400,3300,3700,18600,59500,4800,24000,6400,3200,10500,10300,439520,425780,7376119,4290476,0,0,0,0,0,
600036.SH,600036,20251209,101957000,430300,3500,150607,29449,0,,,17137139,736875505,432700,428300,431800,431800,430300,430400,430500,430600,430700,430800,430900,431000,431100,431200,4800,8900,29700,27400,4600,9200,43600,41900,3400,15700,430200,430100,430000,429900,429800,429700,429600,429500,429400,429300,4000,18600,58800,3900,24000,6400,3200,10900,10300,30800,439520,425780,7382919,4285876,0,0,0,0,0,
600036.SH,600036,20251209,102000000,430200,3700,159174,29459,0,,,17140839,737034679,432700,428300,431800,431800,430300,430400,430500,430600,430700,430800,430900,431000,431100,431200,5400,12700,29800,27800,4600,9200,43600,41900,3400,15700,430200,430100,430000,429900,429800,429700,429600,429500,429400,429300,2200,18600,58800,3900,24000,6400,3200,10900,10300,30800,439500,425780,7394219,4283276,0,0,0,0,0,
600036.SH,600036,20251209,102003000,430300,5600,240965,29467,0,,,17146439,737275644,432700,428300,431800,431800,430300,430400,430500,430600,430700,430800,430900,431000,431100,431200,100,12700,29900,27800,4600,9200,43600,41900,3400,15700,430200,430100,430000,429900,429800,429700,429600,429500,429400,429300,1900,18600,58900,3900,24000,6400,3200,10900,10300,30800,439510,425780,7389019,4283176,0,0,0,0,0,
600036.SH,600036,20251209,102006000,430200,800,34416,29471,0,,,17147239,737310060,432700,428300,431800,431800,430300,430400,430500,430600,430700,430800,430900,431000,431100,431200,2200,15200,29900,27800,4600,9200,43600,41900,3400,15700,430200,430100,430000,429900,429800,429700,429600,429500,429400,429300,1900,18600,59200,4400,24000,6000,3200,10900,10300,30800,439510,425780,7396119,4283576,0,0,0,0,0,
600036.SH,600036,20251209,102009000,430300,1800,77443,29480,0,,,17149039,737387503,432700,428300,431800,431800,430300,430400,430500,430600,430700,430800,430900,431000,431100,431200,9800,15100,22000,27800,4600,9200,43600,41900,3400,15700,430200,430100,430000,429900,429800,429700,429600,429500,429400,429300,800,18600,59700,4400,24000,6000,3200,10900,10300,30800,439510,425780,7396519,4285576,0,0,0,0,0,
600036.SH,600036,20251209,102012000,430300,200,8606,29481,0,,,17149239,737396109,432700,428300,431800,431800,430300,430400,430500,430600,430700,430800,430900,431000,431100,431200,11200,15800,22500,30800,4600,9200,43600,41900,3400,15700,430200,430100,430000,429900,429800,429700,429600,429500,429400,429300,800,18500,60000,4400,24000,6000,3300,10900,10300,30800,439500,425780,7402219,4285976,0,0,0,0,0,
600036.SH,600036,20251209,102015000,430300,5400,232323,29496,0,,,17154639,737628432,432700,428300,431800,431800,430300,430400,430500,430600,430700,430800,430900,431000,431100,431200,9800,15900,22500,30800,4600,9200,43600,42000,3400,15700,430200,430100,430000,429900,429800,429700,429600,429500,429400,429300,12400,18500,60000,4400,24000,6000,3300,10900,10300,30800,439500,425800,7401719,4298976,0,0,0,0,0,
600036.SH,600036,20251209,102018000,430500,34200,1471840,29552,0,,,17188839,739100272,432700,428300,431800,431800,430500,430600,430700,430800,430900,431000,431100,431200,431300,431400,17200,30800,4600,9200,43600,42000,3400,15700,24000,2800,430400,430300,430200,430100,430000,429900,429800,429700,429600,429500,13600,1000,9100,18500,60200,4400,24000,6000,3300,10900,439540,425810,7375519,4310576,0,0,0,0,0,
600036.SH,600036,20251209,102021000,430600,34700,1494000,29602,0,,,17223539,740594272,432700,428300,431800,431800,430600,430700,430800,430900,431000,431100,431200,431300,431400,431500,13800,4600,9600,43600,42000,3400,15700,24000,2800,22300,430500,430400,430300,430200,430100,430000,429900,429800,429700,429600,9200,16900,1300,18300,18800,60300,4100,24000,5800,3300,439580,425830,7341719,4332576,0,0,0,0,0,
600036.SH,600036,20251209,102024000,430600,18000,775076,29636,0,,,17241539,741369348,432700,428300,431800,431800,430700,430800,430900,431000,431100,431200,431300,431400,431500,431600,7000,9600,43500,42000,3400,15700,24000,2800,22300,12000,430600,430500,430400,430300,430200,430100,430000,429900,429800,429700,1300,16500,10700,2600,18300,18800,59700,4100,24000,5800,439600,425830,7320390,4335576,0,0,0,0,0,
600036.SH,600036,20251209,102027000,430700,3200,137824,29639,0,,,17244739,741507172,432700,428300,431800,431800,430700,430800,430900,431000,431100,431200,431300,431400,431500,431600,10500,10700,43400,42000,3300,15700,24000,2800,22300,12000,430600,430500,430400,430300,430200,430100,430000,429900,429800,429700,2600,16000,10900,3500,18500,19000,59500,4100,24000,5800,439590,425840,7324790,4338076,0,0,0,0,0,
600036.SH,600036,20251209,102030000,430700,2700,116268,29649,0,,,17247439,741623440,432700,428300,431800,431800,430700,430800,430900,431000,431100,431200,431300,431400,431500,431600,12700,10400,43400,42600,3300,15700,24000,2800,22300,12000,430600,430500,430400,430300,430200,430100,430000,429900,429800,429700,1600,15400,10900,3200,18700,18000,59500,3900,24000,5800,439600,425830,7329290,4335676,0,0,0,0,0,
600036.SH,600036,20251209,102033000,430600,3100,133486,29661,0,,,17250539,741756926,432700,428300,431800,431800,430700,430800,430900,431000,431100,431200,431300,431400,431500,431600,21500,13800,44400,42600,3400,15700,24000,2800,22300,12000,430600,430500,430400,430300,430200,430100,430000,429900,429800,429700,600,13700,10900,3200,18700,18000,59500,3900,24000,5800,439580,425830,7342590,4333776,0,0,0,0,0,
600036.SH,600036,20251209,102036000,430600,3900,167939,29671,0,,,17254439,741924865,432700,428300,431800,431800,430600,430700,430800,430900,431000,431100,431200,431300,431400,431500,7500,22100,14500,44800,43600,3400,15700,24000,2800,22300,430500,430400,430300,430200,430100,430000,429900,429800,429700,429600,1400,10000,3200,18700,18000,59400,3900,24000,5800,1600,439570,425820,7353790,4320676,0,0,0,0,0,
600036.SH,600036,20251209,102039000,430500,4400,189420,29682,0,,,17258839,742114285,432700,428300,431800,431800,430600,430700,430800,430900,431000,431100,431200,431300,431400,431500,12200,18400,14900,44800,43500,3400,15700,24000,2800,22300,430400,430300,430200,430100,430000,429900,429800,429700,429600,429500,10100,3200,18700,18000,59400,3900,24000,5800,2600,10700,439570,425820,7355190,4320876,0,0,0,0,0,
600036.SH,600036,20251209,102042000,430600,5700,245405,29690,0,,,17264539,742359690,432700,428300,431800,431800,430600,430700,430800,430900,431000,431100,431200,431300,431400,431500,11300,18400,14900,44900,43600,3400,15700,24000,2800,22300,430500,430400,430300,430200,430100,430000,429900,429800,429700,429600,1600,3500,2600,18400,18600,59500,3900,24000,5800,2600,439570,425810,7355990,4315976,0,0,0,0,0,
600036.SH,600036,20251209,102045000,430500,3900,167900,29698,0,,,17268439,742527590,432700,428300,431800,431800,430600,430700,430800,430900,431000,431100,431200,431300,431400,431500,10900,17800,15400,47900,43100,3400,15700,24000,2800,22300,430500,430400,430300,430200,430100,430000,429900,429800,429700,429600,300,3600,2600,18400,18600,59500,3900,24000,5800,2600,439570,425810,7358090,4314676,0,0,0,0,0,
600036.SH,600036,20251209,102048000,430500,12800,551157,29714,0,,,17281239,743078747,432700,428300,431800,431800,430500,430600,430700,430800,430900,431000,431100,431200,431300,431400,200,3600,17800,24500,47900,43100,3400,15700,24000,2800,430400,430300,430200,430100,430000,429900,429800,429700,429600,429500,3800,2500,18400,18600,58700,3900,24000,5800,2600,10700,439560,425810,7362690,4313476,0,0,0,0,0,
600036.SH,600036,20251209,102051000,430400,2200,94719,29725,0,,,17283439,743173466,432700,428300,431800,431800,430600,430700,430800,430900,431000,431100,431200,431300,431400,431500,3900,17900,24000,47900,43100,3400,15700,24000,2800,22300,430400,430300,430200,430100,430000,429900,429800,429700,429600,429500,3500,2500,18400,18600,59600,3900,24000,5800,2600,10700,439560,425810,7362990,4314076,0,0,0,0,0,
600036.SH,600036,20251209,102054000,430400,800,34439,29731,0,,,17284239,743207905,432700,428300,431800,431800,430500,430600,430700,430800,430900,431000,431100,431200,431300,431400,200,11500,17900,24000,47900,46100,3400,15700,24000,2800,430400,430300,430200,430100,430000,429900,429800,429700,429600,429500,3700,2500,18200,18400,59500,3900,24200,5800,2800,10700,439550,425810,7373590,4314276,0,0,0,0,0,
600036.SH,600036,20251209,102057000,430500,300,12915,29734,0,,,17284539,743220820,432700,428300,431800,431800,430600,430700,430800,430900,431000,431100,431200,431300,431400,431500,12400,17900,24000,47900,46200,3400,15700,24000,2800,22300,430500,430400,430300,430200,430100,430000,429900,429800,429700,429600,700,3800,2800,18200,18400,59500,3900,24200,5800,2600,439550,425810,7374790,4314476,0,0,0,0,0,
600036.SH,600036,20251209,102100000,430600,9400,404699,29752,0,,,17293939,743625519,432700,428300,431800,431800,430600,430700,430800,430900,431000,431100,431200,431300,431400,431500,10615,18400,24500,47900,46200,4400,15700,24000,2800,22300,430400,430300,430200,430100,430000,429900,429800,429700,429600,429500,3500,2800,18200,18400,59500,3900,24200,5800,2600,10700,439550,425810,7375805,4315176,0,0,0,0,0,
600036.SH,600036,20251209,102103000,430500,1200,51652,29758,0,,,17295139,743677171,432700,428300,431800,431800,430500,430600,430700,430800,430900,431000,431100,431200,431300,431400,800,19515,9700,24800,47900,46200,4400,15700,24000,2800,430400,430300,430200,430100,430000,429900,429800,429700,429600,429500,3100,2800,18200,18400,59500,3900,24200,5800,2600,10700,439550,425800,7377605,4300576,0,0,0,0,0,
600036.SH,600036,20251209,102106000,430500,1000,43049,29765,0,,,17296139,743720220,432700,428300,431800,431800,430500,430600,430700,430800,430900,431000,431100,431200,431300,431400,100,19515,9700,24900,47900,46200,4400,15700,24000,2800,430400,430300,430200,430100,430000,429900,429800,429700,429600,429500,6200,3600,18200,18400,59800,3900,24200,5800,2600,10700,439530,425800,7397805,4304376,0,0,0,0,0,
600036.SH,600036,20251209,102109000,430500,1300,55962,29769,0,,,17297439,743776182,432700,428300,431800,431800,430500,430600,430700,430800,430900,431000,431100,431200,431300,431400,2400,22615,9600,24900,47900,46200,4400,15700,24000,2800,430400,430300,430200,430100,430000,429900,429800,429700,429600,429500,5900,3600,18400,18400,58800,3900,24200,5800,2600,10700,439520,425800,7403105,4303176,0,0,0,0,0,
600036.SH,600036,20251209,102112000,430600,4300,185132,29777,0,,,17301739,743961314,432700,428300,431800,431800,430600,430700,430800,430900,431000,431100,431200,431300,431400,431500,21215,9600,24900,47900,46200,4400,15700,24000,2800,22500,430500,430400,430300,430200,430100,430000,429900,429800,429700,429600,600,5500,3600,18400,18400,58800,4000,24200,5800,2600,439530,425800,7400805,4301276,0,0,0,0,0,
600036.SH,600036,20251209,102115000,430600,2100,90418,29783,0,,,17303839,744051732,432700,428300,431800,431800,430600,430700,430800,430900,431000,431100,431200,431300,431400,431500,20015,9200,24900,47900,46200,4400,15600,24000,2700,22500,430500,430400,430300,430200,430100,430000,429900,429800,429700,429600,600,5500,3600,18800,18600,58400,4000,24000,5800,2600,439530,425800,7400405,4301476,0,0,0,0,0,
600036.SH,600036,20251209,102118000,430600,19600,843973,29817,0,,,17323439,744895705,432700,428300,431800,431800,430700,430800,430900,431000,431100,431200,431300,431400,431500,431600,10800,25100,47900,46200,4400,15600,24000,2700,22500,12000,430600,430500,430400,430300,430200,430100,430000,429900,429800,429700,2300,400,5500,3600,18800,18600,58500,4000,24000,5800,439550,425800,7383490,4303976,0,0,0,0,0,
600036.SH,600036,20251209,102121000,430700,6800,292876,29829,0,,,17330239,745188581,432700,428300,431800,431800,430700,430800,430900,431000,431100,431200,431300,431400,431500,431600,4000,25000,47900,46800,4400,15600,24000,2800,22500,12000,430600,430500,430400,430300,430200,430100,430000,429900,429800,429700,19000,400,4300,3300,18400,18600,58500,4000,24200,5800,439560,425820,7378290,4317976,0,0,0,0,0,
600036.SH,600036,20251209,102124000,430700,5500,236885,29843,0,,,17335739,745425466,432700,428300,431800,431800,430800,430900,431000,431100,431200,431300,431400,431500,431600,431700,27800,47900,46800,4400,15400,24000,2800,22500,12000,23600,430700,430600,430500,430400,430300,430200,430100,430000,429900,429800,300,19000,2900,4300,3000,18400,18600,59800,4000,24200,439560,425820,7376990,4321676,0,0,0,0,0,
600036.SH,600036,20251209,102127000,430700,1200,51684,29851,0,,,17336939,745477150,432700,428300,431800,431800,430800,430900,431000,431100,431200,431300,431400,431500,431600,431700,27800,47800,46800,4400,15400,24000,2800,22900,12000,23600,430700,430600,430500,430400,430300,430200,430100,430000,429900,429800,400,19400,3200,4300,2700,18000,18600,60200,4000,24200,439560,425820,7379890,4321576,0,0,0,0,0,
600036.SH,600036,20251209,102130000,430800,4300,185207,29871,0,,,17341239,745662357,432700,428300,431800,431800,430800,430900,431000,431100,431200,431300,431400,431500,431600,431700,28900,47800,46900,4400,15400,24000,2800,22900,12000,23600,430700,430600,430500,430400,430300,430200,430100,430000,429900,429800,13700,19100,3300,4200,2700,18000,18300,60200,4000,24200,439560,425840,7381490,4334776,0,0,0,0,0,
600036.SH,600036,20251209,102133000,430700,1200,51684,29873,0,,,17342439,745714041,432700,428300,431800,431800,430800,430900,431000,431100,431200,431300,431400,431500,431600,431700,31500,47800,46900,4400,15400,24000,2800,22900,12000,23600,430700,430600,430500,430400,430300,430200,430100,430000,429900,429800,14500,19100,3600,4200,2700,18000,18300,61000,4000,24600,439570,425840,7384190,4335976,0,0,0,0,0,
600036.SH,600036,20251209,102136000,430800,2300,99072,29887,0,,,17344739,745813113,432700,428300,431800,431800,430800,430900,431000,431100,431200,431300,431400,431500,431600,431700,33100,47800,46900,4400,15600,24000,2800,22900,12000,23600,430700,430600,430500,430400,430300,430200,430100,430000,429900,429800,13400,19100,3600,4500,1900,18000,18300,61000,4000,24600,439570,425840,7386090,4333976,0,0,0,0,0,
600036.SH,600036,20251209,102139000,430700,2900,124906,29893,0,,,17347639,745938019,432700,428300,431800,431800,430800,430900,431000,431100,431200,431300,431400,431500,431600,431700,32700,47800,46900,4400,15600,24000,2800,23900,12000,23600,430700,430600,430500,430400,430300,430200,430100,430000,429900,429800,11500,19100,3800,4500,1900,18000,18500,61000,4000,24400,439560,425830,7386190,4331676,0,0,0,0,0,
600036.SH,600036,20251209,102142000,430800,1000,43080,29896,0,,,17348639,745981099,432700,428300,431800,431800,430800,430900,431000,431100,431200,431300,431400,431500,431600,431700,41000,47800,46900,4400,15600,24000,2800,23900,12000,23600,430700,430600,430500,430400,430300,430200,430100,430000,429900,429800,11500,19100,3800,3700,1900,18000,18500,61000,4000,24400,439550,425830,7402190,4329676,0,0,0,0,0,
600036.SH,600036,20251209,102145000,430800,7800,336006,29912,0,,,17356439,746317105,432700,428300,431800,431800,430800,430900,431000,431100,431200,431300,431400,431500,431600,431700,32900,47800,46900,4400,15600,24500,2800,23900,12000,23600,430700,430600,430500,430400,430300,430200,430100,430000,429900,429800,11900,19100,3800,3700,1900,18000,18500,61000,4000,24400,439560,425830,7395190,4329176,0,0,0,0,0,
600036.SH,600036,20251209,102148000,430700,700,30151,29915,0,,,17357139,746347256,432700,428300,431800,431800,430800,430900,431000,431100,431200,431300,431400,431500,431600,431700,32900,48200,46900,4400,15600,24500,2800,23900,12000,23600,430700,430600,430500,430400,430300,430200,430100,430000,429900,429800,26800,4900,3800,3700,1900,18000,18500,61000,4000,24400,439560,425840,7395890,4335076,0,0,0,0,0,
600036.SH,600036,20251209,102151000,430700,1600,68923,29922,0,,,17358739,746416179,432700,428300,431800,431800,430800,430900,431000,431100,431200,431300,431400,431500,431600,431700,32800,48500,46900,20400,15600,24500,2800,23900,12000,23600,430700,430600,430500,430400,430300,430200,430100,430000,429900,429800,28200,5000,3500,3700,4900,18000,18500,61000,4000,25400,439540,425840,7412190,4340676,0,0,0,0,0,
600036.SH,600036,20251209,102154000,430700,2200,94775,29927,0,,,17360939,746510954,432700,428300,431800,431800,430800,430900,431000,431100,431200,431300,431400,431500,431600,431700,32200,48800,46900,20400,15600,25500,2800,23900,12000,23600,430700,430600,430500,430400,430300,430200,430100,430000,429900,429800,28700,6000,3700,3500,4900,18000,18500,60900,4000,25400,439540,425840,7413490,4340876,0,0,0,0,0,
600036.SH,600036,20251209,102157000,430800,10100,435108,29933,0,,,17371039,746946062,432700,428300,431800,431800,430800,430900,431000,431100,431200,431300,431400,431500,431600,431700,22100,48800,43900,20400,15600,25500,2800,23500,12000,23600,430700,430600,430500,430400,430300,430200,430100,430000,429900,429800,30100,6000,3700,3500,4900,18000,18500,60900,4000,25400,439550,425850,7400990,4342276,0,0,0,0,0,
600036.SH,600036,20251209,102200000,430700,700,30153,29935,0,,,17371739,746976215,432700,428300,431800,431800,430800,430900,431000,431100,431200,431300,431400,431500,431600,431700,21900,48800,43900,20500,15600,25500,2800,23500,12000,23600,430700,430600,430500,430400,430300,430200,430100,430000,429900,429800,30300,6000,3700,3500,4900,18000,19400,61600,4000,25400,439550,425850,7400590,4343676,0,0,0,0,0,
600036.SH,600036,20251209,102203000,430800,39300,1692819,30026,0,,,17411039,748669034,432700,428300,431800,431800,430800,430900,431000,431100,431200,431300,431400,431500,431600,431700,5700,48900,43900,20500,15600,25500,2800,23500,12000,23600,430700,430600,430500,430400,430300,430200,430100,430000,429900,429800,11600,6000,3700,3500,4900,18000,19400,61600,3900,25300,439570,425830,7384490,4324676,0,0,0,0,0,
600036.SH,600036,20251209,102206000,430800,6200,267070,30037,0,,,17417239,748936104,432700,428300,431800,431800,430800,430900,431000,431100,431200,431300,431400,431500,431600,431700,6215,49400,43700,20500,17600,23500,2800,23500,12000,23600,430700,430600,430500,430400,430300,430200,430100,430000,429900,429800,8400,5800,3800,3700,4900,18000,19400,61800,3900,25300,439570,425820,7385305,4323276,0,0,0,0,0,
600036.SH,600036,20251209,102209000,430800,12200,525575,30066,0,,,17429439,749461679,432700,428300,431800,431800,430800,430900,431000,431100,431200,431300,431400,431500,431600,431700,500,53900,43700,20700,17600,23500,2800,23500,12000,23600,430700,430600,430500,430400,430300,430200,430100,430000,429900,429800,7900,5800,3800,3700,4900,18000,19700,61800,3900,25300,439570,425820,7382490,4324076,0,0,0,0,0,
600036.SH,600036,20251209,102212000,430800,11700,504037,30079,0,,,17441139,749965716,432700,428300,431800,431800,430800,430900,431000,431100,431200,431300,431400,431500,431600,431700,1600,50100,43500,20700,17600,23500,2800,23700,12000,23600,430700,430600,430500,430400,430300,430200,430100,430000,429900,429800,7600,5800,3800,3700,4900,18000,4700,61800,3900,25300,439570,425810,7380190,4316076,0,0,0,0,0,
600036.SH,600036,20251209,102215000,430700,13200,568617,30115,0,,,17454339,750534333,432700,428300,431800,431800,430800,430900,431000,431100,431200,431300,431400,431500,431600,431700,12400,50100,43500,21200,17600,23500,2800,23700,12000,23600,430700,430600,430500,430400,430300,430200,430100,430000,429900,429800,4000,2600,3900,3300,5000,18000,4700,61800,3900,25300,439560,425800,7392490,4306376,0,0,0,0,0,
600036.SH,600036,20251209,102218000,430700,13100,564336,30122,0,,,17467439,751098669,432700,428300,431800,431800,430800,430900,431000,431100,431200,431300,431400,431500,431600,431700,2200,50200,43500,21200,19000,23500,2800,24200,12000,23600,430700,430600,430500,430400,430300,430200,430100,430000,429900,429800,3100,2600,4000,3300,5000,10400,4700,61800,3900,25800,439570,425790,7383890,4298776,0,0,0,0,0,
600036.SH,600036,20251209,102221000,430800,8500,366195,30154,0,,,17475939,751464864,432700,428300,431800,431800,430900,431000,431100,431200,431300,431400,431500,431600,431700,431800,46500,43500,21200,19000,23500,2800,24200,12000,23600,47100,430800,430700,430600,430500,430400,430300,430200,430100,430000,429900,7700,5600,2300,4000,3100,5000,10400,4700,61800,4100,439580,425800,7377990,4308276,0,0,0,0,0,
600036.SH,600036,20251209,102224000,430800,100,4308,30155,0,,,17476039,751469172,432700,428300,431800,431800,430900,431000,431100,431200,431300,431400,431500,431600,431700,431800,48600,43500,21200,19000,23500,2800,24200,12000,23600,47100,430800,430700,430600,430500,430400,430300,430200,430100,430000,429900,18300,5300,2200,4000,3700,5000,10400,4100,61800,4100,439570,425820,7380390,4318476,0,0,0,0,0,
600036.SH,600036,20251209,102227000,430900,20300,874692,30167,0,,,17496339,752343864,432700,428300,431800,431800,430900,431000,431100,431200,431300,431400,431500,431600,431700,431800,31900,43500,21200,19000,23500,3200,24200,12000,23600,47200,430800,430700,430600,430500,430400,430300,430200,430100,430000,429900,15100,5300,2100,4000,4100,5000,10400,4000,61800,3900,439590,425810,7365190,4315376,0,0,0,0,0,
600036.SH,600036,20251209,102230000,430800,1900,81853,30171,0,,,17498239,752425717,432700,428300,431800,431800,430900,431000,431100,431200,431300,431400,431500,431600,431700,431800,32800,38500,21200,19100,23500,3200,24200,12000,23600,47200,430800,430700,430600,430500,430400,430300,430200,430100,430000,429900,20500,5300,2100,3700,4100,14200,10400,4000,61900,3900,439590,425830,7363790,4329376,0,0,0,0,0,
600036.SH,600036,20251209,102233000,430900,16700,719478,30190,0,,,17514939,753145195,432700,428300,431800,431800,430900,431000,431100,431200,431300,431400,431500,431600,431700,431800,28700,38600,21200,20400,23500,3200,24200,12000,23600,48300,430800,430700,430600,430500,430400,430300,430200,430100,430000,429900,18600,5300,2100,3700,4100,14200,10400,4000,61900,3900,439600,425830,7367090,4326976,0,0,0,0,0,
600036.SH,600036,20251209,102236000,430800,300,12925,30193,0,,,17515239,753158120,432700,428300,431800,431800,430900,431000,431100,431200,431300,431400,431500,431600,431700,431800,29500,39100,21200,20400,23500,3200,23000,12000,23600,48300,430800,430700,430600,430500,430400,430300,430200,430100,430000,429900,18700,5000,2100,3700,4100,14200,10400,4000,61900,3900,439590,425830,7369390,4327276,0,0,0,0,0,
600036.SH,600036,20251209,102239000,430800,7900,340372,30203,0,,,17523139,753498492,432700,428300,431800,431800,430900,431000,431100,431200,431300,431400,431500,431600,431700,431800,25600,39100,21200,20400,23500,3200,23000,12000,23000,47300,430800,430700,430600,430500,430400,430300,430200,430100,430000,429900,15500,5000,2100,3700,4100,14200,10400,4000,61900,3900,439600,425820,7368690,4321176,0,0,0,0,0,
600036.SH,600036,20251209,102242000,430800,18700,805597,30217,0,,,17541839,754304089,432700,428300,431800,431800,430800,430900,431000,431100,431200,431300,431400,431500,431600,431700,2800,30700,39100,21200,20700,23500,3200,23000,12000,23000,430700,430600,430500,430400,430300,430200,430100,430000,429900,429800,5000,2100,3700,4100,14500,10400,4000,61900,3900,25800,439590,425800,7377390,4310376,0,0,0,0,0,
600036.SH,600036,20251209,102245000,430700,5800,249806,30228,0,,,17547639,754553895,432700,428300,431800,431800,430700,430800,430900,431000,431100,431200,431300,431400,431500,431600,1100,4700,40700,39300,21200,20700,23500,3200,23000,12000,430600,430500,430400,430300,430200,430100,430000,429900,429800,429700,2100,3700,4100,14500,10400,4000,61900,3900,25800,5800,439570,425800,7396490,4304976,0,0,0,0,0,
600036.SH,600036,20251209,102248000,430700,3700,159364,30244,0,,,17551339,754713259,432700,428300,431800,431800,430700,430800,430900,431000,431100,431200,431300,431400,431500,431600,100,5800,40000,39500,21200,20700,24800,3200,23000,12000,430600,430500,430400,430300,430200,430100,430000,429900,429800,429700,2100,3300,3500,14500,10400,4200,61900,4100,26000,6000,439570,425800,7395490,4304276,0,0,0,0,0,
600036.SH,600036,20251209,102251000,430700,8300,357469,30255,0,,,17559639,755070728,432700,428300,431800,431800,430800,430900,431000,431100,431200,431300,431400,431500,431600,431700,9800,40000,39100,21200,20700,24800,3200,23000,12000,23300,430700,430600,430500,430400,430300,430200,430100,430000,429900,429800,500,900,3500,3700,14700,10800,4000,61900,3900,25800,439570,425800,7400790,4301676,0,0,0,0,0,
600036.SH,600036,20251209,102254000,430700,11300,486720,30272,0,,,17570939,755557448,432700,428300,431800,431800,430800,430900,431000,431100,431200,431300,431400,431500,431600,431700,7600,39300,29100,21200,20700,24800,3200,23000,12000,23300,430700,430600,430500,430400,430300,430200,430100,430000,429900,429800,2100,5600,3500,3700,14700,10800,4000,61900,3900,25800,439590,425800,7386290,4306876,0,0,0,0,0,
600036.SH,600036,20251209,102257000,430800,8800,379101,30282,0,,,17579739,755936549,432700,428300,431800,431800,430900,431000,431100,431200,431300,431400,431500,431600,431700,431800,43900,29000,21200,20700,24800,3200,23000,12000,23300,47200,430800,430700,430600,430500,430400,430300,430200,430100,430000,429900,1900,2600,15600,3500,3700,14700,10800,4000,61900,3900,439590,425810,7382890,4317976,0,0,0,0,0,
600036.SH,600036,20251209,102300000,430700,3800,163702,30292,0,,,17583539,756100251,432700,428300,431800,431800,430800,430900,431000,431100,431200,431300,431400,431500,431600,431700,5600,55800,30200,25300,20700,24800,3200,23000,12000,23300,430700,430600,430500,430400,430300,430200,430100,430000,429900,429800,9300,16800,3500,3700,14700,10800,3700,61900,3900,25800,439570,425820,7406690,4323376,0,0,0,0,0,
600036.SH,600036,20251209,102303000,430700,3300,142144,30297,0,,,17586839,756242395,432700,428300,431800,431800,430800,430900,431000,431100,431200,431300,431400,431500,431600,431700,4300,56200,30200,25300,20700,24800,3200,22800,12000,23300,430700,430600,430500,430400,430300,430200,430100,430000,429900,429800,7400,16800,3500,3700,14700,10800,3700,62100,3900,25800,439570,425820,7405490,4322876,0,0,0,0,0,
600036.SH,600036,20251209,102306000,430800,7800,335969,30308,0,,,17594639,756578364,432700,428300,431800,431800,430800,430900,431000,431100,431200,431300,431400,431500,431600,431700,3500,51900,30200,25300,20700,24800,3200,22800,12000,23300,430700,430600,430500,430400,430300,430200,430100,430000,429900,429800,6200,17200,3500,3700,14700,10800,3700,62100,3900,26400,439570,425820,7406890,4323976,0,0,0,0,0,
600036.SH,600036,20251209,102309000,430800,5900,254178,30326,0,,,17600539,756832542,432700,428300,431800,431800,430900,431000,431100,431200,431300,431400,431500,431600,431700,431800,51300,31000,25400,20700,24800,3200,22800,12000,23300,47200,430800,430700,430600,430500,430400,430300,430200,430100,430000,429900,1700,7700,17200,3500,3100,14700,10800,3700,62100,4500,439570,425820,7404890,4324776,0,0,0,0,0,
600036.SH,600036,20251209,102312000,430800,3300,142166,30336,0,,,17603839,756974708,432700,428300,431800,431800,430900,431000,431100,431200,431300,431400,431500,431600,431700,431800,50700,31000,25400,20700,24800,3200,22800,12000,23300,47200,430800,430700,430600,430500,430400,430300,430200,430100,430000,429900,4500,7600,17200,4000,2900,14500,10800,3300,62400,4500,439570,425830,7405490,4329276,0,0,0,0,0,
600036.SH,600036,20251209,102315000,430800,5400,232632,30348,0,,,17609239,757207340,432700,428300,431800,431800,430800,430900,431000,431100,431200,431300,431400,431500,431600,431700,400,50900,31800,25400,20700,25800,3200,22800,12000,23300,430700,430600,430500,430400,430300,430200,430100,430000,429900,429800,12700,17200,4600,2900,14500,10800,3300,62400,4500,26400,439570,425830,7409090,4329276,0,0,0,0,0,
600036.SH,600036,20251209,102318000,430700,2100,90451,30359,0,,,17611339,757297791,432700,428300,431800,431800,430900,431000,431100,431200,431300,431400,431500,431600,431700,431800,50900,31800,25400,20700,25800,3300,22800,12000,23300,47200,430700,430600,430500,430400,430300,430200,430100,430000,429900,429800,11600,17200,4200,3100,14500,10600,3300,62900,4500,26400,439570,425820,7409990,4318376,0,0,0,0,0,
600036.SH,600036,20251209,102321000,430900,17900,771303,30378,0,,,17629239,758069094,432700,428300,431800,431800,430900,431000,431100,431200,431300,431400,431500,431600,431700,431800,37600,31800,25400,20700,25800,3300,22800,12000,23300,47300,430700,430600,430500,430400,430300,430200,430100,430000,429900,429800,11900,17200,4200,3600,14500,10600,3300,62500,4500,26400,439590,425830,7397290,4323376,0,0,0,0,0,
600036.SH,600036,20251209,102324000,430900,12300,529972,30402,0,,,17641539,758599066,432700,428300,431800,431800,430900,431000,431100,431200,431300,431400,431500,431600,431700,431800,27400,32200,25400,20700,25800,3300,22800,12000,23300,47300,430800,430700,430600,430500,430400,430300,430200,430100,430000,429900,100,12800,17200,4200,3900,14500,10600,3200,62500,4500,439590,425830,7396490,4324576,0,0,0,0,0,
600036.SH,600036,20251209,102327000,430800,11300,486843,30423,0,,,17652839,759085909,432700,428300,431800,431800,430900,431000,431100,431200,431300,431400,431500,431600,431700,431800,23500,32200,25400,19400,25800,4600,22800,12000,23300,47100,430800,430700,430600,430500,430400,430300,430200,430100,430000,429900,6300,11500,17200,4200,3900,14500,10600,3000,62500,4500,439600,425830,7391390,4323276,0,0,0,0,0,
600036.SH,600036,20251209,102330000,430900,57200,2465075,30493,0,,,17710039,761550984,432700,428300,431800,431800,431100,431200,431300,431400,431500,431600,431700,431800,431900,432000,25300,19400,25800,4600,22800,12000,20300,47100,28300,79500,430900,430800,430700,430600,430500,430400,430300,430200,430100,430000,22400,17500,11400,17400,4100,3700,14500,10400,3100,62700,439660,425870,7333590,4356676,0,0,0,0,0,
600036.SH,600036,20251209,102333000,430900,42900,1849236,30549,0,,,17752939,763400220,432700,428300,431800,431800,431100,431200,431300,431400,431500,431600,431700,431800,431900,432000,6200,19400,10700,4600,21600,12000,20300,47100,28300,79500,430900,430800,430700,430600,430500,430400,430300,430200,430100,430000,5100,17500,13000,17200,4400,3700,14500,10400,2900,62200,439700,425850,7301190,4339876,0,0,0,0,0,
600036.SH,600036,20251209,102336000,431100,14700,633638,30561,0,,,17767639,764033858,432700,428300,431800,431800,431200,431300,431400,431500,431600,431700,431800,431900,432000,432100,19500,10700,4600,21600,12000,20300,47100,28300,79500,13100,431100,431000,430900,430800,430700,430600,430500,430400,430300,430200,10700,14300,5800,17600,13000,17200,4400,3700,14500,10400,439710,425880,7294590,4365676,0,0,0,0,0,
600036.SH,600036,20251209,102339000,431200,11000,474235,30574,0,,,17778639,764508093,432700,428300,431800,431800,431200,431300,431400,431500,431600,431700,431800,431900,432000,432100,22400,9400,4600,18800,12000,20300,47100,28300,79500,13100,431100,431000,430900,430800,430700,430600,430500,430400,430300,430200,2300,14300,5800,17600,12300,17000,4400,3200,14500,10400,439710,425870,7295690,4353376,0,0,0,0,0,
600036.SH,600036,20251209,102342000,431200,7800,336280,30591,0,,,17786439,764844373,432700,428300,431800,431800,431200,431300,431400,431500,431600,431700,431800,431900,432000,432100,20400,9400,8600,18700,12000,20300,47100,28300,79500,13100,431000,430900,430800,430700,430600,430500,430400,430300,430200,430100,13200,5600,17600,12300,5800,4400,3200,14500,10400,1400,439710,425850,7297690,4337476,0,0,0,0,0,
600036.SH,600036,20251209,102345000,431200,35800,1543840,30653,0,,,17822239,766388213,432700,428300,431800,431800,431400,431500,431600,431700,431800,431900,432000,432100,432200,432300,5800,18700,12000,20200,47100,28300,81000,13100,25200,14900,431100,431000,430900,430800,430700,430600,430500,430400,430300,430200,10300,45400,5400,12600,7300,5800,4200,3400,14500,10400,439740,425890,7267590,4371176,0,0,0,0,0,
600036.SH,600036,20251209,102348000,431400,8600,370978,30667,0,,,17830839,766759191,432700,428300,431800,431800,431400,431500,431600,431700,431800,431900,432000,432100,432200,432300,10300,19200,12000,20200,47200,27300,81000,13100,25200,14900,431300,431200,431100,431000,430900,430800,430700,430600,430500,430400,7200,5800,26600,33200,5400,12300,7300,5800,4200,3400,439740,425910,7271290,4388476,0,0,0,0,0,
600036.SH,600036,20251209,102351000,431400,23500,1013768,30701,0,,,17854339,767772959,432700,428300,431800,431800,431500,431600,431700,431800,431900,432000,432100,432200,432300,432400,17300,12000,8400,47200,27300,81000,10200,25200,14900,33600,431400,431300,431200,431100,431000,430900,430800,430700,430600,430500,2700,4600,5800,26600,33200,4900,11000,3000,5400,4200,439770,425910,7249990,4388476,0,0,0,0,0,
600036.SH,600036,20251209,102354000,431500,6700,289075,30725,0,,,17861039,768062034,432700,428300,431800,431800,431500,431600,431700,431800,431900,432000,432100,432200,432300,432400,13600,12000,6900,47200,27800,82200,10200,25200,14900,33600,431400,431300,431200,431100,431000,430900,430800,430700,430600,430500,4700,4600,5200,27100,33100,1700,11200,2600,5400,3700,439770,425910,7249390,4383976,0,0,0,0,0,
600036.SH,600036,20251209,102357000,431500,1900,81978,30733,0,,,17862939,768144012,432700,428300,431800,431800,431500,431600,431700,431800,431900,432000,432100,432200,432300,432400,27189,12000,7900,47200,29200,82200,10200,25200,14900,33800,431400,431300,431200,431100,431000,430900,430800,430700,430600,430500,5100,4600,5200,27100,33100,1700,11200,2600,5400,3700,439750,425910,7265779,4383276,0,0,0,0,0,
600036.SH,600036,20251209,102400000,431500,22200,957804,30770,0,,,17885139,769101816,432700,428300,431800,431800,431500,431600,431700,431800,431900,432000,432100,432200,432300,432400,14289,12700,8900,47200,109200,84200,10700,25200,14900,33800,431300,431200,431100,431000,430900,430800,430700,430600,430500,430400,1700,300,27100,31100,1700,11200,2600,5400,3800,2800,439680,425890,7337379,4368976,0,0,0,0,0,
600036.SH,600036,20251209,102403000,431500,7600,327923,30786,0,,,17892739,769429739,432700,428300,431800,431800,431500,431600,431700,431800,431900,432000,432100,432200,432300,432400,8989,15100,12800,47100,109200,84200,10700,25200,14900,33800,431400,431300,431200,431100,431000,430900,430800,430700,430600,430500,100,5000,300,27100,31100,1700,11200,2600,5400,3800,439680,425900,7336479,4375776,0,0,0,0,0,
600036.SH,600036,20251209,102406000,431500,10900,470357,30810,0,,,17903639,769900096,432700,428300,431800,431800,431500,431600,431700,431800,431900,432000,432100,432200,432300,432400,1100,11600,12800,47100,104200,84200,10700,25200,14900,33800,431400,431300,431200,431100,431000,430900,430800,430700,430600,430500,1400,5200,300,27300,31100,1500,11200,700,5400,3800,439700,425900,7320590,4376476,0,0,0,0,0,
600036.SH,600036,20251209,102409000,431500,7800,336529,30837,0,,,17911439,770236625,432700,428300,431800,431800,431600,431700,431800,431900,432000,432100,432200,432300,432400,432500,11700,12800,47100,104200,86600,10700,25200,14900,33800,61500,431500,431400,431300,431200,431100,431000,430900,430800,430700,430600,300,20100,4400,500,14000,22900,1500,11200,700,5400,439690,425900,7322990,4374476,0,0,0,0,0,
600036.SH,600036,20251209,102412000,431500,2500,107879,30847,0,,,17913939,770344504,432700,428300,431800,431800,431500,431600,431700,431800,431900,432000,432100,432200,432300,432400,1800,12500,12800,48200,104200,86600,10700,25200,14900,33800,431400,431300,431200,431100,431000,430900,430800,430700,430600,430500,20100,4400,500,13700,23000,1500,11200,700,5400,4800,439690,425900,7329390,4370876,0,0,0,0,0,
600036.SH,600036,20251209,102415000,431400,2000,86299,30852,0,,,17915939,770430803,432700,428300,431800,431800,431500,431600,431700,431800,431900,432000,432100,432200,432300,432400,2800,12800,13200,48200,104200,86600,10700,25200,14900,25000,431400,431300,431200,431100,431000,430900,430800,430700,430600,430500,20600,4400,500,13700,23000,1500,11200,700,5400,4800,439700,425900,7318190,4372176,0,0,0,0,0,
600036.SH,600036,20251209,102418000,431400,19600,845560,30885,0,,,17935539,771276363,432700,428300,431800,431800,431500,431600,431700,431800,431900,432000,432100,432200,432300,432400,5000,12800,13200,48200,104200,86700,10700,25200,15900,25000,431400,431300,431200,431100,431000,430900,430800,430700,430600,430500,800,4400,500,14500,23000,1500,11200,700,5400,4800,439690,425870,7321790,4349376,0,0,0,0,0,
600036.SH,600036,20251209,102421000,431400,5200,224333,30905,0,,,17940739,771500696,432700,428300,431800,431800,431500,431600,431700,431800,431900,432000,432100,432200,432300,432400,26400,12800,16700,48000,104200,86400,10700,25200,15900,25000,431400,431300,431200,431100,431000,430900,430800,430700,430600,430500,7600,4400,500,14500,23000,1500,11200,9900,5500,4800,439670,425880,7345290,4356176,0,0,0,0,0,
600036.SH,600036,20251209,102424000,431400,3700,159623,30923,0,,,17944439,771660319,432700,428300,431800,431800,431500,431600,431700,431800,431900,432000,432100,432200,432300,432400,32000,12800,22000,48300,104500,86400,10700,25900,16900,25000,431400,431300,431200,431100,431000,430900,430800,430700,430600,430500,6000,4400,500,14500,23000,1500,11200,9900,5400,4800,439660,425880,7370590,4358476,0,0,0,0,0,
600036.SH,600036,20251209,102427000,431500,12000,517794,30938,0,,,17956439,772178113,432700,428300,431800,431800,431500,431600,431700,431800,431900,432000,432100,432200,432300,432400,37700,11500,32000,49300,104500,86400,10700,25900,16900,25000,431400,431300,431200,431100,431000,430900,430800,430700,430600,430500,7100,4400,500,14500,23000,1800,11200,9900,5400,4800,439640,425880,7388690,4360976,0,0,0,0,0,
600036.SH,600036,20251209,102430000,431500,6100,263185,30957,0,,,17962539,772441298,432700,428300,431800,431800,431500,431600,431700,431800,431900,432000,432100,432200,432300,432400,33300,11500,32300,51800,104500,85800,10700,25900,16900,24500,431400,431300,431200,431100,431000,430900,430800,430700,430600,430500,4700,4400,500,14500,23000,1800,11200,700,5400,4800,439650,425870,7386090,4348676,0,0,0,0,0,
600036.SH,600036,20251209,102433000,431400,8500,366717,30984,0,,,17971039,772808015,432700,428300,431800,431800,431400,431500,431600,431700,431800,431900,432000,432100,432200,432300,1000,38400,6400,32300,51800,104500,84300,10500,25900,16900,431300,431200,431100,431000,430900,430800,430700,430600,430500,430400,11200,500,14500,23000,1800,11200,700,5400,4800,2800,439650,425870,7389090,4350776,0,0,0,0,0,
600036.SH,600036,20251209,102436000,431400,300,12941,30986,0,,,17971339,772820956,432700,428300,431800,431800,431400,431500,431600,431700,431800,431900,432000,432100,432200,432300,3700,38900,6800,31600,51200,105000,84300,10000,25900,16900,431300,431200,431100,431000,430900,430800,430700,430600,430500,430400,11100,500,14500,23000,1800,11200,700,5400,4800,2800,439640,425870,7392690,4349176,0,0,0,0,0,
600036.SH,600036,20251209,102439000,431400,13800,595378,31008,0,,,17985139,773416334,432700,428300,431800,431800,431400,431500,431600,431700,431800,431900,432000,432100,432200,432300,3900,34400,6800,31600,51200,101000,84300,10000,25900,16900,431300,431200,431100,431000,430900,430800,430700,430600,430500,430400,11700,800,14500,24200,1800,11200,800,5400,4800,2800,439650,425870,7387490,4353376,0,0,0,0,0,
600036.SH,600036,20251209,102442000,431400,1400,60386,31015,0,,,17986539,773476720,432700,428300,431800,431800,431400,431500,431600,431700,431800,431900,432000,432100,432200,432300,16300,17200,6900,32000,51200,101000,84300,10000,25900,16900,431300,431200,431100,431000,430900,430800,430700,430600,430500,430400,11500,800,14500,24200,1800,11200,800,6400,5100,2800,439650,425880,7384690,4353276,0,0,0,0,0,
600036.SH,600036,20251209,102445000,431300,6100,263146,31024,0,,,17992639,773739866,432700,428300,431800,431800,431400,431500,431600,431700,431800,431900,432000,432100,432200,432300,28900,17200,13900,32000,51300,101000,84300,10000,25900,16900,431300,431200,431100,431000,430900,430800,430700,430600,430500,430400,11000,800,14500,24200,1800,11200,800,6400,5100,2800,439630,425880,7404890,4354376,0,0,0,0,0,
600036.SH,600036,20251209,102448000,431300,4200,181167,31033,0,,,17996839,773921033,432700,428300,431800,431800,431400,431500,431600,431700,431800,431900,432000,432100,432200,432300,20500,17800,13900,32000,51300,101000,84300,11500,25900,16900,431300,431200,431100,431000,430900,430800,430700,430600,430500,430400,10500,800,14500,24200,1800,11200,800,6400,5100,2800,439640,425880,7402390,4355976,0,0,0,0,0,
600036.SH,600036,20251209,102451000,431400,3100,133713,31040,0,,,17999939,774054746,432700,428300,431800,431800,431400,431500,431600,431700,431800,431900,432000,432100,432200,432300,20200,17800,13900,30900,51600,91000,84300,11500,25900,16900,431300,431200,431100,431000,430900,430800,430700,430600,430500,430400,21600,800,14500,24200,1800,11200,800,6400,5100,2800,439650,425890,7391490,4367076,0,0,0,0,0,
600036.SH,600036,20251209,102454000,431300,4600,198423,31050,0,,,18004539,774253169,432700,428300,431800,431800,431400,431500,431600,431700,431800,431900,432000,432100,432200,432300,18400,17800,15000,30900,51600,91000,84600,11500,25900,16900,431300,431200,431100,431000,430900,430800,430700,430600,430500,430400,20900,800,14500,23700,1800,11200,800,6400,5100,2800,439630,425890,7410190,4365776,0,0,0,0,0,
600036.SH,600036,20251209,102457000,431500,24300,1048305,31083,0,,,18028839,775301474,432700,428300,431800,431800,431500,431600,431700,431800,431900,432000,432100,432200,432300,432400,15800,14900,29500,51700,91000,82600,11500,26300,16900,27000,431400,431300,431200,431100,431000,430900,430800,430700,430600,430500,2500,18200,800,14500,23700,1800,11200,800,6400,5100,439660,425890,7385790,4363776,0,0,0,0,0,
600036.SH,600036,20251209,102500000,431400,56400,2433528,31181,0,,,18085239,777735002,432700,428300,431800,431800,431600,431700,431800,431900,432000,432100,432200,432300,432400,432500,300,27800,39400,91500,82600,11500,25900,17000,27000,61700,431400,431300,431200,431100,431000,430900,430800,430700,430600,430500,26800,26100,800,13700,25100,1800,11200,800,6400,5100,439710,425930,7345390,4396776,0,0,0,0,0,
600036.SH,600036,20251209,102503000,431500,13700,591108,31205,0,,,18098939,778326110,432700,428300,431800,431800,431500,431600,431700,431800,431900,432000,432100,432200,432300,432400,100,16400,23600,39300,91500,82600,11500,25900,17500,27000,431400,431300,431200,431100,431000,430900,430800,430700,430600,430500,2300,12000,800,4900,25100,2300,11200,800,6400,5100,439690,425860,7368290,4342276,0,0,0,0,0,
600036.SH,600036,20251209,102506000,431600,18900,815654,31231,0,,,18117839,779141764,432700,428300,431800,431800,431500,431600,431700,431800,431900,432000,432100,432200,432300,432400,100,5300,23600,39300,91700,82500,11500,25900,17500,27000,431400,431300,431200,431100,431000,430900,430800,430700,430600,430500,2200,11400,800,4900,25100,2300,11200,800,6400,5100,439690,425860,7366990,4345276,0,0,0,0,0,
600036.SH,600036,20251209,102509000,431500,3800,163958,31246,0,,,18121639,779305722,432700,428300,431800,431800,431600,431700,431800,431900,432000,432100,432200,432300,432400,432500,7500,25300,39300,91700,82500,11500,25900,17500,27000,61700,431400,431300,431200,431100,431000,430900,430800,430700,430600,430500,1100,11400,800,4900,23700,2300,11200,800,6400,5100,439690,425860,7371590,4342676,0,0,0,0,0,
600036.SH,600036,20251209,102512000,431500,900,38833,31252,0,,,18122539,779344555,432700,428300,431800,431800,431600,431700,431800,431900,432000,432100,432200,432300,432400,432500,7000,25300,42200,91700,83300,11500,25900,17500,27000,61700,431500,431400,431300,431200,431100,431000,430900,430800,430700,430600,1100,3400,6900,800,4900,22700,1800,11200,800,6400,439680,425860,7384890,4339376,0,0,0,0,0,
600036.SH,600036,20251209,102515000,431500,9200,396989,31277,0,,,18131739,779741544,432700,428300,431800,431800,431600,431700,431800,431900,432000,432100,432200,432300,432400,432500,5900,25100,47200,90400,83900,11500,25900,17500,27000,61700,431400,431300,431200,431100,431000,430900,430800,430700,430600,430500,3600,7100,800,5300,22600,1400,11200,800,6000,5100,439670,425860,7391090,4337476,0,0,0,0,0,
600036.SH,600036,20251209,102518000,431500,1100,47465,31279,0,,,18132839,779789009,432700,428300,431800,431800,431500,431600,431700,431800,431900,432000,432100,432200,432300,432400,800,6000,25100,46900,90200,83400,11500,25900,17500,27000,431400,431300,431200,431100,431000,430900,430800,430700,430600,430500,4900,7100,800,5300,22600,1400,11200,800,6000,5100,439670,425860,7391290,4336876,0,0,0,0,0,
600036.SH,600036,20251209,102521000,431500,2700,116494,31292,0,,,18135539,779905503,432700,428300,431800,431800,431500,431600,431700,431800,431900,432000,432100,432200,432300,432400,1200,6000,25100,47000,100200,83400,11500,26100,17500,27000,431400,431300,431200,431100,431000,430900,430800,430700,430600,430500,5400,7100,800,5300,22600,1400,11200,800,6000,5100,439660,425860,7405290,4335776,0,0,0,0,0,
600036.SH,600036,20251209,102524000,431300,19000,819651,31325,0,,,18154539,780725154,432700,428300,431800,431800,431500,431600,431700,431800,431900,432000,432100,432200,432300,432400,200,4600,25500,47100,99700,83400,11500,26100,17500,27000,431300,431200,431100,431000,430900,430800,430700,430600,430500,430400,3000,5100,5300,22600,1400,11200,800,6000,5100,2600,439660,425850,7403690,4331276,0,0,0,0,0,
600036.SH,600036,20251209,102527000,431400,300,12942,31328,0,,,18154839,780738096,432700,428300,431800,431800,431500,431600,431700,431800,431900,432000,432100,432200,432300,432400,7900,16100,25700,47300,99700,83400,11500,26100,17500,27000,431400,431300,431200,431100,431000,430900,430800,430700,430600,430500,300,5200,5100,4900,22600,1400,11200,800,3900,5100,439640,425850,7424696,4331976,0,0,0,0,0,
600036.SH,600036,20251209,102530000,431500,1800,77655,31340,0,,,18156639,780815751,432700,428300,431800,431800,431500,431600,431700,431800,431900,432000,432100,432200,432300,432400,6800,16700,25600,47300,99200,83100,11500,26100,17500,27000,431400,431300,431200,431100,431000,430900,430800,430700,430600,430500,1000,5200,5100,4900,22600,1400,11200,800,3900,5100,439640,425850,7423596,4333876,0,0,0,0,0,
600036.SH,600036,20251209,102533000,431400,4400,189853,31350,0,,,18161039,781005604,432700,428300,431800,431800,431500,431600,431700,431800,431900,432000,432100,432200,432300,432400,7400,19700,25600,47300,99200,83100,11500,26100,17500,27000,431400,431300,431200,431100,431000,430900,430800,430700,430600,430500,400,5400,5100,4900,22600,1400,11200,1100,3900,5100,439640,425850,7426296,4332076,0,0,0,0,0,
600036.SH,600036,20251209,102536000,431400,4700,202758,31356,0,,,18165739,781208362,432700,428300,431800,431800,431400,431500,431600,431700,431800,431900,432000,432100,432200,432300,11100,6000,20400,25300,47300,99200,83100,11500,26100,17500,431300,431200,431100,431000,430900,430800,430700,430600,430500,430400,4900,5100,4900,22600,1400,11200,1100,3900,5100,2600,439630,425850,7437096,4332576,0,0,0,0,0,
600036.SH,600036,20251209,102539000,431300,8700,375231,31371,0,,,18174439,781583593,432700,428300,431800,431800,431400,431500,431600,431700,431800,431900,432000,432100,432200,432300,11800,7000,20700,29300,47400,99700,83100,11500,26100,17500,431300,431200,431100,431000,430900,430800,430700,430600,430500,430400,1200,5100,4900,22600,1400,11200,1100,3900,5100,2600,439620,425850,7445696,4330776,0,0,0,0,0,
600036.SH,600036,20251209,102542000,431400,900,38824,31373,0,,,18175339,781622417,432700,428300,431800,431800,431400,431500,431600,431700,431800,431900,432000,432100,432200,432300,13600,8500,20700,29800,47900,99900,83100,11500,26100,17500,431300,431200,431100,431000,430900,430800,430700,430600,430500,430400,5800,5100,4900,32000,1400,11200,1100,4900,5100,2600,439620,425870,7452196,4347076,0,0,0,0,0,
600036.SH,600036,20251209,102545000,431400,2400,103529,31379,0,,,18177739,781725946,432700,428300,431800,431800,431400,431500,431600,431700,431800,431900,432000,432100,432200,432300,12800,8400,20700,29800,48900,90700,83100,11500,26100,17500,431300,431200,431100,431000,430900,430800,430700,430600,430500,430400,5600,5100,4900,32000,1400,11200,1100,4700,5100,2600,439630,425870,7443296,4345576,0,0,0,0,0,
600036.SH,600036,20251209,102548000,431400,900,38819,31383,0,,,18178639,781764765,432700,428300,431800,431800,431400,431500,431600,431700,431800,431900,432000,432100,432200,432300,20100,8500,20700,29800,48900,90700,83100,11500,25400,17500,431300,431200,431100,431000,430900,430800,430700,430600,430500,430400,5600,5100,4900,32000,1900,11200,1100,4700,5100,2600,439620,425860,7450996,4327876,0,0,0,0,0,
600036.SH,600036,20251209,102551000,431400,2200,94888,31388,0,,,18180839,781859653,432700,428300,431800,431800,431400,431500,431600,431700,431800,431900,432000,432100,432200,432300,25600,8500,21000,29800,49400,90700,85400,11500,25400,17500,431300,431200,431100,431000,430900,430800,430700,430600,430500,430400,4600,5100,4900,32100,1900,11200,1100,4700,5100,2600,439610,425860,7460896,4327576,0,0,0,0,0,
600036.SH,600036,20251209,102554000,431300,1200,51762,31394,0,,,18182039,781911415,432700,428300,431800,431800,431400,431500,431600,431700,431800,431900,432000,432100,432200,432300,19600,8800,21000,29800,49400,90700,86600,11500,25200,17500,431300,431200,431100,431000,430900,430800,430700,430600,430500,430400,3000,5100,5400,32100,1900,11200,1100,4700,5100,2600,439610,425850,7458296,4326676,0,0,0,0,0,
600036.SH,600036,20251209,102557000,431300,0,0,31394,0,,,18182039,781911415,432700,428300,431800,431800,431400,431500,431600,431700,431800,431900,432000,432100,432200,432300,20900,9800,22300,30300,49400,90700,86600,11500,25200,17500,431300,431200,431100,431000,430900,430800,430700,430600,430500,430400,3000,4600,5400,32100,1900,11200,1100,4700,5100,2600,439650,425850,7402696,4326176,0,0,0,0,0,
600036.SH,600036,20251209,102600000,431400,21700,936134,31431,0,,,18203739,782847549,432700,428300,431800,431800,431500,431600,431700,431800,431900,432000,432100,432200,432300,432400,10031,21900,30300,49900,90700,86300,11500,25200,17500,27000,431400,431300,431200,431100,431000,430900,430800,430700,430600,430500,7200,3300,4600,5400,32100,1900,11200,1100,4700,6000,439680,425860,7381827,4333776,0,0,0,0,0,
600036.SH,600036,20251209,102603000,431400,13500,582348,31463,0,,,18217239,783429897,432700,428300,431800,431800,431500,431600,431700,431800,431900,432000,432100,432200,432300,432400,7531,22000,30300,50100,90700,86400,11500,25200,18500,27000,431400,431100,431000,430900,430800,430700,430600,430500,430400,430300,15200,10100,31900,1900,11200,1100,4700,6000,2600,8400,439680,425870,7381527,4338076,0,0,0,0,0,
600036.SH,600036,20251209,102606000,431400,22700,979349,31509,0,,,18239939,784409246,432700,428300,431800,431800,431400,431500,431600,431700,431800,431900,432000,432100,432200,432300,400,28231,22000,30300,50100,90700,86400,11500,25200,18500,431200,431100,431000,430900,430800,430700,430600,430500,430400,430300,300,10100,31900,1900,11200,1100,4700,6000,2600,6400,439650,425850,7403427,4321176,0,0,0,0,0,
600036.SH,600036,20251209,102609000,431400,2100,90566,31520,0,,,18242039,784499812,432700,428300,431800,431800,431300,431400,431500,431600,431700,431800,431900,432000,432100,432200,1000,18500,29331,21100,30100,50100,90700,86400,11500,25200,431200,431100,431000,430900,430800,430700,430600,430500,430400,430300,800,3900,13900,1300,10900,1300,3700,6000,2600,6200,439630,425820,7422827,4296776,0,0,0,0,0,
600036.SH,600036,20251209,102612000,431100,6400,275902,31541,0,,,18248439,784775714,432700,428300,431800,431800,431200,431300,431400,431500,431600,431700,431800,431900,432000,432100,2000,7100,19300,22231,21100,20100,49600,90700,146400,11500,431000,430900,430800,430700,430600,430500,430400,430300,430200,430100,9900,1500,10900,1700,3700,6400,2600,6200,18100,3500,439580,425810,7477027,4288276,0,0,0,0,0,
600036.SH,600036,20251209,102615000,431000,5200,224122,31565,0,,,18253639,784999836,432700,428300,431800,431800,431100,431200,431300,431400,431500,431600,431700,431800,431900,432000,200,3400,7200,23400,22731,21100,20100,49600,90700,146400,431000,430900,430800,430700,430600,430500,430400,430300,430200,430100,5100,1500,9700,1700,3700,6400,2600,6200,18100,3500,439570,425800,7491827,4283076,0,0,0,0,0,
600036.SH,600036,20251209,102618000,431000,200,8620,31567,0,,,18253839,785008456,432700,428300,431800,431800,431100,431200,431300,431400,431500,431600,431700,431800,431900,432000,3700,3300,7300,22400,23231,21300,20000,49600,90700,146500,431000,430900,430800,430700,430600,430500,430400,430300,430200,430100,9700,1500,9700,1700,3700,6400,2600,6700,18100,3500,439560,425810,7497927,4288176,0,0,0,0,0,
600036.SH,600036,20251209,102621000,431100,11000,474110,31587,0,,,18264839,785482566,432700,428300,431800,431800,431100,431200,431300,431400,431500,431600,431700,431800,431900,432000,2700,3600,7200,22400,23231,21300,20000,49600,90700,146500,430900,430800,430700,430600,430500,430400,430300,430200,430100,430000,1400,9700,1700,3700,6400,2600,6700,18100,3500,65000,439560,425800,7492827,4278376,0,0,0,0,0,
600036.SH,600036,20251209,102624000,431000,2400,103448,31604,0,,,18267239,785586014,432700,428300,431800,431800,431100,431200,431300,431400,431500,431600,431700,431800,431900,432000,25100,3600,8300,20100,23531,21300,20000,50600,90700,146500,430900,430800,430700,430600,430500,430400,430300,430200,430100,430000,2400,9700,1700,3700,6400,2700,6700,18100,3500,65000,439540,425800,7519001,4279476,0,0,0,0,0,
600036.SH,600036,20251209,102627000,431000,7000,301719,31615,0,,,18274239,785887733,432700,428300,431800,431800,431100,431200,431300,431400,431500,431600,431700,431800,431900,432000,2400,2600,9500,18100,24031,18900,20000,50600,90700,146500,431000,430900,430800,430700,430600,430500,430400,430300,430200,430100,2300,2000,9500,1700,3600,6400,2900,6700,18100,3500,439570,425810,7489001,4290276,0,0,0,0,0,
600036.SH,600036,20251209,102630000,431100,1600,68968,31624,0,,,18275839,785956701,432700,428300,431800,431800,431100,431200,431300,431400,431500,431600,431700,431800,431900,432000,1700,2500,9600,18100,24231,19200,20000,50600,90700,146500,431000,430900,430800,430700,430600,430500,430400,430300,430200,430100,1700,11900,9700,1700,3600,6400,2700,6700,18100,3500,439570,425820,7493101,4299276,0,0,0,0,0,
600036.SH,600036,20251209,102633000,431100,5300,228465,31651,0,,,18281139,786185166,432700,428300,431800,431800,431100,431200,431300,431400,431500,431600,431700,431800,431900,432000,23800,5600,9600,18100,18731,19200,20000,51000,90700,146500,431000,430900,430800,430700,430600,430500,430400,430300,430200,430100,200,11900,9700,1700,3600,6400,2700,6700,18100,3500,439540,425820,7515301,4300276,0,0,0,0,0,
600036.SH,600036,20251209,102636000,431000,1600,68967,31660,0,,,18282739,786254133,432700,428300,431800,431800,431100,431200,431300,431400,431500,431600,431700,431800,431900,432000,32200,5600,9600,18100,18731,19200,20100,51900,90700,146000,430900,430800,430700,430600,430500,430400,430300,430200,430100,430000,11900,10000,1700,3600,56400,2700,6700,18100,3500,75300,439530,425870,7529901,4350676,0,0,0,0,0,
600036.SH,600036,20251209,102639000,431100,8800,379324,31677,0,,,18291539,786633457,432700,428300,431800,431800,431100,431200,431300,431400,431500,431600,431700,431800,431900,432000,30300,5600,9500,18100,13731,19200,20100,51900,90700,146000,430900,430800,430700,430600,430500,430400,430300,430200,430100,430000,12400,10000,1100,3600,56400,2700,6700,18100,3500,75900,439540,425870,7523201,4350776,0,0,0,0,0,
600036.SH,600036,20251209,102642000,430900,21800,939578,31689,0,,,18313339,787573035,432700,428300,431800,431800,431100,431200,431300,431400,431500,431600,431700,431800,431900,432000,9700,3800,10000,18100,13731,19200,16100,51900,90700,146000,430900,430800,430700,430600,430500,430400,430300,430200,430100,430000,1500,10200,5200,3600,56600,2700,6700,18100,3500,75900,439560,425870,7497401,4344876,0,0,0,0,0,
600036.SH,600036,20251209,102645000,431000,600,25860,31693,0,,,18313939,787598895,432700,428300,431800,431800,431100,431200,431300,431400,431500,431600,431700,431800,431900,432000,9700,3600,10000,18400,13831,19200,16100,51900,90700,146000,430900,430800,430700,430600,430500,430400,430300,430200,430100,430000,8100,10200,5200,3600,56600,3100,6700,18100,3500,75800,439560,425880,7507601,4352976,0,0,0,0,0,
600036.SH,600036,20251209,102648000,430900,5500,237060,31706,0,,,18319439,787835955,432700,428300,431800,431800,431100,431200,431300,431400,431500,431600,431700,431800,431900,432000,7100,6500,10000,18400,13831,18600,16000,51900,90700,146000,430900,430800,430700,430600,430500,430400,430300,430200,430100,430000,13800,10200,5200,3600,56700,3100,6700,18100,3500,75800,439560,425880,7507201,4358876,0,0,0,0,0,
600036.SH,600036,20251209,102651000,431000,2400,103460,31713,0,,,18321839,787939415,432700,428300,431800,431800,431100,431200,431300,431400,431500,431600,431700,431800,431900,432000,5400,11500,10000,18400,13831,18600,16000,51900,90700,148000,430900,430800,430700,430600,430500,430400,430300,430200,430100,430000,19300,10400,5300,3600,56500,3100,6700,18100,3500,75800,439550,425890,7516101,4364276,0,0,0,0,0,
600036.SH,600036,20251209,102654000,431000,11400,491441,31725,0,,,18333239,788430856,432700,428300,431800,431800,431100,431200,431300,431400,431500,431600,431700,431800,431900,432000,8200,25400,10000,18400,13831,18600,16000,51900,90700,148000,430900,430800,430700,430600,430500,430400,430300,430200,430100,430000,19700,10400,5300,3600,56500,3100,6700,18200,3500,75800,439530,425890,7534801,4363576,0,0,0,0,0,
600036.SH,600036,20251209,102657000,430900,100,4309,31726,0,,,18333339,788435165,432700,428300,431800,431800,431100,431200,431300,431400,431500,431600,431700,431800,431900,432000,13200,25400,13000,18400,13831,18600,16000,51900,90700,148000,430900,430800,430700,430600,430500,430400,430300,430200,430100,430000,19700,10200,5300,3600,56700,3100,6700,18200,3500,76400,439530,425890,7542901,4364276,0,0,0,0,0,
600036.SH,600036,20251209,102700000,431000,700,30170,31730,0,,,18334039,788465335,432700,428300,431800,431800,431100,431200,431300,431400,431500,431600,431700,431800,431900,432000,6300,11900,13000,18400,13831,18600,16500,51900,90700,148000,430900,430800,430700,430600,430500,430400,430300,430200,430100,430000,19300,10400,5300,3600,56700,3100,6700,18200,3500,76600,439550,425890,7515001,4364476,0,0,0,0,0,
600036.SH,600036,20251209,102703000,430900,23700,1021292,31805,0,,,18357739,789486627,432700,428300,431800,431800,431000,431100,431200,431300,431400,431500,431600,431700,431800,431900,200,12200,11900,13700,18100,13831,18600,16500,51900,92200,430900,430800,430700,430600,430500,430400,430300,430200,430100,430000,11500,10400,5300,3600,56700,3100,6700,18200,3500,76600,439540,425880,7523101,4357176,0,0,0,0,0,
600036.SH,600036,20251209,102706000,431000,2200,94820,31810,0,,,18359939,789581447,432700,428300,431800,431800,431000,431100,431200,431300,431400,431500,431600,431700,431800,431900,2900,12800,11900,13700,19100,13831,18600,16500,51900,92200,430900,430800,430700,430600,430500,430400,430300,430200,430100,430000,11500,10400,5300,3600,56700,3100,6700,18200,3500,76600,439530,425880,7535601,4357076,0,0,0,0,0,
600036.SH,600036,20251209,102709000,431000,1800,77573,31819,0,,,18361739,789659020,432700,428300,431800,431800,431000,431100,431200,431300,431400,431500,431600,431700,431800,431900,6100,12800,11900,13700,19100,16231,18600,16500,51900,92200,430900,430800,430700,430600,430500,430400,430300,430200,430100,430000,10800,10400,5500,3600,56500,3100,6700,18200,3500,76600,439520,425880,7540901,4357476,0,0,0,0,0,
600036.SH,600036,20251209,102712000,431000,3200,137920,31826,0,,,18364939,789796940,432700,428300,431800,431800,431000,431100,431200,431300,431400,431500,431600,431700,431800,431900,15900,29700,11800,14200,19100,16231,18600,16500,51900,92200,430900,430800,430700,430600,430500,430400,430300,430200,430100,430000,11700,10400,5500,3600,56500,3100,6700,18200,3500,68600,439480,425870,7578701,4350376,0,0,0,0,0,
600036.SH,600036,20251209,102715000,430900,3500,150825,31832,0,,,18368439,789947765,432700,428300,431800,431800,430900,431000,431100,431200,431300,431400,431500,431600,431700,431800,100,15700,29700,11800,14300,19100,18631,18600,16500,51900,430800,430700,430600,430500,430400,430300,430200,430100,430000,429900,16800,5500,3600,56500,3100,6700,18200,3500,68600,4000,439480,425870,7579701,4346676,0,0,0,0,0,
600036.SH,600036,20251209,102718000,430900,1500,64635,31837,0,,,18369939,790012400,432700,428300,431800,431800,431000,431100,431200,431300,431400,431500,431600,431700,431800,431900,3700,12800,11200,14200,19100,18631,18600,16500,51900,92200,430900,430800,430700,430600,430500,430400,430300,430200,430100,430000,200,16900,5500,3600,56500,3100,6700,18200,3700,68600,439510,425870,7549701,4347376,0,0,0,0,0,
600036.SH,600036,20251209,102721000,430800,27500,1184796,31877,0,,,18397439,791197196,432700,428300,431800,431800,430900,431100,431200,431300,431400,431500,431600,431700,431800,431900,100,12800,10200,14200,19100,18631,18600,16500,52000,92200,430800,430700,430600,430500,430400,430300,430200,430100,430000,429900,7400,21700,3600,56500,3100,6700,18200,3700,68600,4000,439520,425880,7545201,4351776,0,0,0,0,0,
600036.SH,600036,20251209,102724000,430900,2900,124974,31898,0,,,18400339,791322170,432700,428300,431800,431800,431100,431200,431300,431400,431500,431600,431700,431800,431900,432000,13300,10300,13700,19100,19131,18600,16500,52500,92200,150400,431000,430900,430800,430700,430600,430500,430400,430300,430200,430100,200,1200,2000,21500,3600,56500,3100,6700,18200,3700,439520,425870,7546301,4347576,0,0,0,0,0,
600036.SH,600036,20251209,102727000,431000,15400,663880,31916,0,,,18415739,791986050,432700,428300,431800,431800,431200,431300,431400,431500,431600,431700,431800,431900,432000,432100,15100,13800,19100,19131,18600,16500,52500,92200,150400,11800,431100,431000,430900,430800,430700,430600,430500,430400,430300,430200,8900,1700,900,2000,21500,3600,56500,3100,6700,18200,439530,425880,7537901,4357576,0,0,0,0,0,
600036.SH,600036,20251209,102730000,431100,67400,2905695,31989,0,,,18483139,794891745,432700,428300,431800,431800,431400,431500,431600,431700,431800,431900,432000,432100,432200,432300,15900,20131,18600,16500,52500,92200,150400,11800,25200,22600,431100,431000,430900,430800,430700,430600,430500,430400,430300,430200,3000,2200,19400,17100,14900,3600,56200,2600,6200,18200,439560,425910,7507301,4377476,0,0,0,0,0,
600036.SH,600036,20251209,102733000,431300,900,38817,31990,0,,,18484039,794930562,432700,428300,431800,431800,431300,431400,431500,431600,431700,431800,431900,432000,432100,432200,2700,16200,20131,18600,16500,52500,92200,150400,11800,26200,431100,431000,430900,430800,430700,430600,430500,430400,430300,430200,22800,3400,19400,17200,14900,3600,56200,2600,6200,18200,439560,425930,7511001,4398776,0,0,0,0,0,
600036.SH,600036,20251209,102736000,431100,1600,69006,31995,0,,,18485639,794999568,432700,428300,431800,431800,431300,431400,431500,431600,431700,431800,431900,432000,432100,432200,1500,16200,20131,19100,16500,52000,92200,150400,11800,26200,431200,431100,431000,430900,430800,430700,430600,430500,430400,430300,100,23000,3400,19400,21200,14900,3600,56200,2600,5900,439560,425940,7509901,4402776,0,0,0,0,0,
600036.SH,600036,20251209,102739000,431200,200,8625,31997,0,,,18485839,795008193,432700,428300,431800,431800,431300,431400,431500,431600,431700,431800,431900,432000,432100,432200,2000,16200,20131,19100,16500,52000,92200,150400,11800,26200,431200,431100,431000,430900,430800,430700,430600,430500,430400,430300,2100,23200,3400,19400,21200,14900,4200,56200,2600,5900,439570,425940,7500001,4405276,0,0,0,0,0,
600036.SH,600036,20251209,102742000,431400,7800,336374,32013,0,,,18493639,795344567,432700,428300,431800,431800,431400,431500,431600,431700,431800,431900,432000,432100,432200,432300,15400,20331,19100,16500,52000,92200,150700,11800,26200,22600,431200,431100,431000,430900,430800,430700,430600,430500,430400,430300,6600,23200,3400,19400,21100,14900,4200,56200,2600,5900,439570,425940,7499801,4403676,0,0,0,0,0,
600036.SH,600036,20251209,102745000,431400,3500,150988,32017,0,,,18497139,795495555,432700,428300,431800,431800,431400,431500,431600,431700,431800,431900,432000,432100,432200,432300,15500,20331,19100,15300,52700,92200,150700,11800,26200,22600,431200,431100,431000,430900,430800,430700,430600,430500,430400,430300,27000,23200,3400,19000,21100,14900,4200,56200,3100,5900,439570,425970,7499901,4425176,0,0,0,0,0,
600036.SH,600036,20251209,102748000,431300,500,21566,32019,0,,,18497639,795517121,432700,428300,431800,431800,431400,431500,431600,431700,431800,431900,432000,432100,432200,432300,16100,22731,18600,15300,52700,92200,151200,11800,26200,22600,431300,431200,431100,431000,430900,430800,430700,430600,430500,430400,20100,27800,23200,3400,19000,21100,14900,4200,56200,3100,439570,425990,7503301,4446076,0,0,0,0,0,
600036.SH,600036,20251209,102751000,431400,3500,150990,32021,0,,,18501139,795668111,432700,428300,431800,431800,431400,431500,431600,431700,431800,431900,432000,432100,432200,432300,16800,22731,18600,15800,52700,92200,150700,11800,26200,22600,431300,431200,431100,431000,430900,430800,430700,430600,430500,430400,45500,27800,23200,3400,19000,21100,14900,4200,56200,3100,439560,426020,7504001,4471876,0,0,0,0,0,
600036.SH,600036,20251209,102754000,431300,26700,1151753,32045,0,,,18527839,796819864,432700,428300,431800,431800,431500,431600,431700,431800,431900,432000,432100,432200,432300,432400,22831,18600,15800,52700,92200,150800,11800,26200,22600,28500,431400,431300,431200,431100,431000,430900,430800,430700,430600,430500,21500,38000,20400,23100,2200,19000,21700,14900,4200,56200,439580,426030,7487101,4478076,0,0,0,0,0,
600036.SH,600036,20251209,102757000,431400,6200,267468,32054,0,,,18534039,797087332,432700,428300,431800,431800,431500,431600,431700,431800,431900,432000,432100,432200,432300,432400,22931,18600,15800,52700,92200,150800,11800,26200,22600,28500,431400,431300,431200,431100,431000,430900,430800,430700,430600,430500,17000,38000,20400,23100,2200,19000,21700,14900,4200,56200,439580,426020,7487201,4473676,0,0,0,0,0,
600036.SH,600036,20251209,102800000,431400,0,0,32054,0,,,18534039,797087332,432700,428300,431800,431800,431500,431600,431700,431800,431900,432000,432100,432200,432300,432400,22931,18700,16000,52200,92800,150800,11800,26200,22600,28500,431400,431300,431200,431100,431000,430900,430800,430700,430600,430500,26400,37900,20400,23100,2200,19000,21700,14900,4200,56200,439580,426030,7489101,4483276,0,0,0,0,0,
600036.SH,600036,20251209,102803000,431400,35400,1527093,32114,0,,,18569439,798614425,432700,428300,431800,431800,431400,431500,431600,431700,431800,431900,432000,432100,432200,432300,7800,22931,18700,16000,42200,92800,150800,11800,26200,22600,431300,431200,431100,431000,430900,430800,430700,430600,430500,430400,31600,20400,23100,2800,19000,21100,14900,4200,56200,2600,439580,425990,7486901,4450776,0,0,0,0,0,
600036.SH,600036,20251209,102806000,431400,9900,427064,32123,0,,,18579339,799041489,432700,428300,431800,431800,431400,431500,431600,431700,431800,431900,432000,432100,432200,432300,1700,22831,18700,16000,42100,92800,150800,9800,26200,22600,431300,431200,431100,431000,430900,430800,430700,430600,430500,430400,5300,20400,23100,1900,17200,21100,14900,4200,56200,2600,439590,425960,7478501,4420476,0,0,0,0,0,
600036.SH,600036,20251209,102809000,431500,10800,465979,32145,0,,,18590139,799507468,432700,428300,431800,431800,431500,431600,431700,431800,431900,432000,432100,432200,432300,432400,15031,18700,15000,42100,92900,150800,10300,26200,22600,28500,431300,431200,431100,431000,430900,430800,430700,430600,430500,430400,4200,20400,23100,1900,17200,38400,14900,4200,56200,2600,439600,425980,7468601,4438476,0,0,0,0,0,
600036.SH,600036,20251209,102812000,431500,100,4315,32146,0,,,18590239,799511783,432700,428300,431800,431800,431500,431600,431700,431800,431900,432000,432100,432200,432300,432400,15631,19100,15000,42100,92900,150800,10300,26200,22600,28500,431400,431300,431200,431100,431000,430900,430800,430700,430600,430500,100,4200,20400,23100,1900,17200,38400,14900,4200,56200,439600,425980,7470101,4440476,0,0,0,0,0,
600036.SH,600036,20251209,102815000,431400,800,34508,32150,0,,,18591039,799546291,432700,428300,431800,431800,431500,431600,431700,431800,431900,432000,432100,432200,432300,432400,25531,19100,15000,42700,92900,150800,10300,26200,22600,28500,431400,431300,431200,431100,431000,430900,430800,430700,430600,430500,1100,8000,20400,23100,1900,17200,21100,14900,4200,56200,439590,425970,7481101,4427176,0,0,0,0,0,
600036.SH,600036,20251209,102818000,431400,1400,60396,32156,0,,,18592439,799606687,432700,428300,431800,431800,431400,431500,431600,431700,431800,431900,432000,432100,432200,432300,3800,24531,19100,15400,41800,92900,150800,9800,26200,22600,431300,431200,431100,431000,430900,430800,430700,430600,430500,430400,8000,20400,23100,1900,17200,21100,14900,4200,56200,2600,439590,425960,7484501,4427076,0,0,0,0,0,
600036.SH,600036,20251209,102821000,431300,4500,194091,32168,0,,,18596939,799800778,432700,428300,431800,431800,431400,431500,431600,431700,431800,431900,432000,432100,432200,432300,3600,35431,19100,15400,41800,92900,150800,9800,26200,22600,431300,431200,431100,431000,430900,430800,430700,430600,430500,430400,4200,20400,23100,1900,17200,21100,14900,4200,56200,2600,439570,425950,7495101,4415876,0,0,0,0,0,
600036.SH,600036,20251209,102824000,431300,6300,271777,32186,0,,,18603239,800072555,432700,428300,431800,431800,431400,431500,431600,431700,431800,431900,432000,432100,432200,432300,3100,36531,19100,15400,41300,92900,150800,9800,26200,22600,431300,431200,431100,431000,430900,430800,430700,430600,430500,430400,4400,20400,23100,2500,17200,21100,14900,4200,56200,2600,439570,425960,7496101,4416576,0,0,0,0,0,
600036.SH,600036,20251209,102827000,431300,400,17252,32187,0,,,18603639,800089807,432700,428300,431800,431800,431400,431500,431600,431700,431800,431900,432000,432100,432200,432300,5200,36931,19100,15400,41300,92900,150800,11800,26200,22600,431300,431200,431100,431000,430900,430800,430700,430600,430500,430400,4000,20400,23100,2500,17200,21100,14900,4200,56200,2600,439570,425960,7501201,4416776,0,0,0,0,0,
600036.SH,600036,20251209,102830000,431200,4600,198394,32195,0,,,18608239,800288201,432700,428300,431800,431800,431300,431400,431500,431600,431700,431800,431900,432000,432100,432200,7000,5300,36931,19100,15400,41300,92900,150800,11800,26200,431200,431100,431000,430900,430800,430700,430600,430500,430400,430300,3300,23100,2500,17200,21100,14900,4200,73600,2600,5900,439560,425950,7507301,4412776,0,0,0,0,0,
600036.SH,600036,20251209,102833000,431200,700,30187,32199,0,,,18608939,800318388,432700,428300,431800,431800,431300,431400,431500,431600,431700,431800,431900,432000,432100,432200,8500,5200,37731,19500,15400,41300,92900,150800,11800,26200,431200,431100,431000,430900,430800,430700,430600,430500,430400,430300,100,23100,1200,17200,21100,14900,4200,73600,2600,5900,439560,425940,7509901,4407476,0,0,0,0,0,
600036.SH,600036,20251209,102836000,431200,2200,94864,32208,0,,,18611139,800413252,432700,428300,431800,431800,431200,431300,431400,431500,431600,431700,431800,431900,432000,432100,800,8500,7000,38331,19500,15400,41300,92900,150800,11800,431100,431000,430900,430800,430700,430600,430500,430400,430300,430200,23100,1200,17200,21100,14900,4200,73900,2600,5900,9200,439550,425940,7515701,4408576,0,0,0,0,0,
600036.SH,600036,20251209,102839000,431100,5300,228485,32217,0,,,18616439,800641737,432700,428300,431800,431800,431100,431200,431300,431400,431500,431600,431700,431800,431900,432000,3000,800,8300,9500,38831,19500,15000,41300,92900,150800,431000,430900,430800,430700,430600,430500,430400,430300,430200,430100,600,16300,21600,14900,4200,73900,2600,5900,9200,5700,439550,425920,7521301,4384376,0,0,0,0,0,
600036.SH,600036,20251209,102842000,431100,6800,293085,32225,0,,,18623239,800934822,432700,428300,431800,431800,431200,431300,431400,431500,431600,431700,431800,431900,432000,432100,3300,8200,10400,39231,19500,15000,42400,92900,150800,11800,431000,430900,430800,430700,430600,430500,430400,430300,430200,430100,16600,13000,21600,8100,4200,88100,2600,5600,9200,5700,439540,425940,7524801,4404176,0,0,0,0,0,
600036.SH,600036,20251209,102845000,431000,3500,150862,32236,0,,,18626739,801085684,432700,428300,431800,431800,431200,431300,431400,431500,431600,431700,431800,431900,432000,432100,4700,8300,10800,39231,19100,15000,42400,92900,150800,11800,431100,431000,430900,430800,430700,430600,430500,430400,430300,430200,300,14300,13000,21600,8100,4200,88000,2600,5600,9200,439540,425940,7533401,4403176,0,0,0,0,0,
600036.SH,600036,20251209,102848000,431100,1800,77589,32244,0,,,18628539,801163273,432700,428300,431800,431800,431200,431300,431400,431500,431600,431700,431800,431900,432000,432100,5200,8300,10800,40231,19100,15000,42400,92900,153300,11800,431000,430900,430800,430700,430600,430500,430400,430300,430200,430100,13400,13000,21600,8100,4200,88000,2600,5600,9200,5800,439530,425930,7539701,4400076,0,0,0,0,0,
600036.SH,600036,20251209,102851000,431000,1200,51722,32248,0,,,18629739,801214995,432700,428300,431800,431800,431200,431300,431400,431500,431600,431700,431800,431900,432000,432100,5400,8300,10800,40731,19600,15000,42400,92900,152300,11800,431000,430900,430800,430700,430600,430500,430400,430300,430200,430100,12500,13000,21600,8100,4200,88000,2600,5600,9200,5800,439530,425940,7539901,4389176,0,0,0,0,0,
600036.SH,600036,20251209,102854000,431100,200,8622,32250,0,,,18629939,801223617,432700,428300,431800,431800,431200,431300,431400,431500,431600,431700,431800,431900,432000,432100,20400,8300,10800,30131,19500,15000,42400,92900,152300,11800,431100,431000,430900,430800,430700,430600,430500,430400,430300,430200,400,14200,13000,20600,7600,4200,88000,2500,6100,9200,439530,425940,7548901,4390476,0,0,0,0,0,
600036.SH,600036,20251209,102857000,431100,500,21557,32252,0,,,18630439,801245174,432700,428300,431800,431800,431200,431300,431400,431500,431600,431700,431800,431900,432000,432100,30800,8300,10800,30131,19500,15000,42400,92900,152300,11800,431100,431000,430900,430800,430700,430600,430500,430400,430300,430200,700,14100,13000,20600,7600,5200,88000,2500,6100,9200,439510,425940,7560101,4391676,0,0,0,0,0,
600036.SH,600036,20251209,102900000,431200,20800,896881,32273,0,,,18651239,802142055,432700,428300,431800,431800,431200,431300,431400,431500,431600,431700,431800,431900,432000,432100,11900,8300,10800,29931,19400,15000,42000,92900,152300,11800,431000,430900,430800,430700,430600,430500,430400,430300,430200,430100,14100,13000,17000,7600,5800,88600,2500,5600,9200,5800,439530,425940,7540501,4391576,0,0,0,0,0,
600036.SH,600036,20251209,102903000,431300,41000,1767455,32313,0,,,18692239,803909510,432700,428300,431800,431800,431300,431400,431500,431600,431700,431800,431900,432000,432100,432200,5300,10800,29931,19400,15000,41000,92900,152300,11800,26200,431200,431100,431000,430900,430800,430700,430600,430500,430400,430300,300,200,23200,13000,16600,7600,5800,88700,2400,5600,439550,425950,7524401,4401076,0,0,0,0,0,
600036.SH,600036,20251209,102906000,431200,7700,332009,32336,0,,,18699939,804241519,432700,428300,431800,431800,431300,431400,431500,431600,431700,431800,431900,432000,432100,432200,11900,10900,29931,19400,15000,40500,92900,152300,11800,26200,431200,431100,431000,430900,430800,430700,430600,430500,430400,430300,25200,9000,23100,13000,16600,5800,5800,88700,2400,5600,439540,425990,7536601,4442976,0,0,0,0,0,
600036.SH,600036,20251209,102909000,431300,20600,888347,32369,0,,,18720539,805129866,432700,428300,431800,431800,431300,431400,431500,431600,431700,431800,431900,432000,432100,432200,400,10800,29131,20000,15000,40500,92900,152300,11800,26200,431200,431100,431000,430900,430800,430700,430600,430500,430400,430300,21100,9000,23100,13000,16600,5800,5800,88700,2400,5600,439560,425990,7525301,4439876,0,0,0,0,0,
600036.SH,600036,20251209,102912000,431200,17300,746066,32381,0,,,18737839,805875932,432700,428300,431800,431800,431400,431500,431600,431700,431800,431900,432000,432100,432200,432300,15300,29131,20900,15000,42500,93400,152300,12600,26200,21600,431200,431100,431000,430900,430800,430700,430600,430500,430400,430300,12800,9200,23700,13000,16600,5800,5800,88700,2400,5600,439550,425980,7534301,4431876,0,0,0,0,0,
600036.SH,600036,20251209,102915000,431200,8100,349273,32395,0,,,18745939,806225205,432700,428300,431800,431800,431300,431400,431500,431600,431700,431800,431900,432000,432100,432200,8600,15500,29831,20900,15000,42500,93400,151700,12600,26200,431200,431100,431000,430900,430800,430700,430600,430500,430400,430300,4900,9200,23700,13000,16600,5800,5800,89000,2400,5600,439540,425970,7543201,4425276,0,0,0,0,0,
600036.SH,600036,20251209,102918000,431200,4300,185425,32406,0,,,18750239,806410630,432700,428300,431800,431800,431300,431400,431500,431600,431700,431800,431900,432000,432100,432200,7900,15500,29931,20900,15000,42500,93400,91700,12600,26200,431200,431100,431000,430900,430800,430700,430600,430500,430400,430300,13400,9200,23700,13000,16600,5800,5800,89000,2400,5600,439590,425980,7486301,4431576,0,0,0,0,0,
600036.SH,600036,20251209,102921000,431200,8300,357896,32418,0,,,18758539,806768526,432700,428300,431800,431800,431300,431400,431500,431600,431700,431800,431900,432000,432100,432200,8200,11200,31631,20900,15000,42500,93400,91700,12600,26200,431200,431100,431000,430900,430800,430700,430600,430500,430400,430300,15700,9200,23700,13000,16600,5800,5800,89000,2400,5600,439600,425980,7483701,4433576,0,0,0,0,0,
600036.SH,600036,20251209,102924000,431200,6600,284605,32436,0,,,18765139,807053131,432700,428300,431800,431800,431300,431400,431500,431600,431700,431800,431900,432000,432100,432200,8100,11900,31631,20900,15000,42500,93400,91700,12600,26200,431200,431100,431000,430900,430800,430700,430600,430500,430400,430300,10400,9200,24100,13000,16600,5800,4800,89000,2400,5600,439590,425970,7490001,4426476,0,0,0,0,0,
600036.SH,600036,20251209,102927000,431200,3100,133674,32447,0,,,18768239,807186805,432700,428300,431800,431800,431300,431400,431500,431600,431700,431800,431900,432000,432100,432200,7900,12400,31631,20900,15000,42500,93400,91700,12600,26200,431200,431100,431000,430900,430800,430700,430600,430500,430400,430300,21100,9200,24100,13000,16600,5800,4800,89000,4500,5600,439590,425990,7489401,4439776,0,0,0,0,0,
600036.SH,600036,20251209,102930000,431200,7800,336338,32464,0,,,18776039,807523143,432700,428300,431800,431800,431300,431400,431500,431600,431700,431800,431900,432000,432100,432200,8300,14400,41631,21500,15000,42500,93400,91700,12600,26200,431200,431100,431000,430900,430800,430700,430600,430500,430400,430300,14300,9200,24100,13000,16600,5800,4800,89000,4500,5600,439580,425980,7502401,4432976,0,0,0,0,0,
600036.SH,600036,20251209,102933000,431200,3500,150920,32469,0,,,18779539,807674063,432700,428300,431800,431800,431300,431400,431500,431600,431700,431800,431900,432000,432100,432200,9700,14400,42131,21500,15000,43500,93400,91700,12600,26200,431200,431100,431000,430900,430800,430700,430600,430500,430400,430300,10900,10200,24100,13000,16600,5800,4800,89000,4500,5600,439570,425930,7509401,4331176,0,0,0,0,0,
600036.SH,600036,20251209,102936000,431200,2189,94405,32473,0,,,18781728,807768468,432700,428300,431800,431800,431300,431400,431500,431600,431700,431800,431900,432000,432100,432200,8300,14400,42131,21500,15000,43500,93400,91700,12600,26200,431200,431100,431000,430900,430800,430700,430600,430500,430400,430300,10911,10200,24000,13000,16600,5800,4800,89000,4500,5600,439570,425930,7508301,4330687,0,0,0,0,0,
600036.SH,600036,20251209,102939000,431200,2100,90554,32479,0,,,18783828,807859022,432700,428300,431800,431800,431300,431400,431500,431600,431700,431800,431900,432000,432100,432200,8300,14300,42131,21500,15000,44000,93400,91700,12600,26200,431200,431100,431000,430900,430800,430700,430600,430500,430400,430300,10311,10200,24000,13000,16600,5800,4800,89000,4500,5600,439570,425930,7509701,4329787,0,0,0,0,0,
600036.SH,600036,20251209,102942000,431200,4300,185416,32481,0,,,18788128,808044438,432700,428300,431800,431800,431300,431400,431500,431600,431700,431800,431900,432000,432100,432200,8900,14300,42531,21500,15000,44000,93400,91700,12600,26200,431200,431100,431000,430900,430800,430700,430600,430500,430400,430300,6011,10200,24000,13000,16600,5800,4800,89000,4500,5600,439570,425920,7509201,4325487,0,0,0,0,0,
600036.SH,600036,20251209,102945000,431300,10511,453272,32506,0,,,18798639,808497710,432700,428300,431800,431800,431200,431300,431400,431500,431600,431700,431800,431900,432000,432100,500,5089,14400,43331,21500,15000,48500,93400,91700,12600,431100,431000,430900,430800,430700,430600,430500,430400,430300,430200,10200,24000,1600,16600,5800,4800,89000,4500,5600,9200,439570,425900,7512090,4308076,0,0,0,0,0,
600036.SH,600036,20251209,102948000,431100,1800,77606,32511,0,,,18800439,808575316,432700,428300,431800,431800,431200,431300,431400,431500,431600,431700,431800,431900,432000,432100,800,7089,14400,43331,21500,15000,48500,93400,91700,12600,431100,431000,430900,430800,430700,430600,430500,430400,430300,430200,9200,24200,1600,16600,5800,4800,89000,4500,5600,9200,439570,425900,7514390,4307076,0,0,0,0,0,
600036.SH,600036,20251209,102951000,431100,3300,142263,32516,0,,,18803739,808717579,432700,428300,431800,431800,431200,431300,431400,431500,431600,431700,431800,431900,432000,432100,900,24789,14400,43331,21500,15000,48500,93400,91700,12600,431100,431000,430800,430700,430600,430500,430400,430300,430200,430100,5900,23600,17300,5800,4800,89000,4500,5600,9200,5800,439550,425890,7533190,4302276,0,0,0,0,0,
600036.SH,600036,20251209,102954000,431100,7800,336256,32537,0,,,18811539,809053835,432700,428300,431800,431800,431100,431200,431300,431400,431500,431600,431700,431800,431900,432000,100,400,24989,15000,40631,20900,15000,48500,93400,91700,431000,430800,430700,430600,430500,430400,430300,430200,430100,430000,17100,17300,5800,4800,89000,4500,5600,9200,5800,73400,439550,425880,7529490,4289376,0,0,0,0,0,
600036.SH,600036,20251209,102957000,430700,4100,176674,32554,0,,,18815639,809230509,432700,428300,431800,431800,431000,431100,431200,431300,431400,431500,431600,431700,431800,431900,1700,100,4700,24989,14900,40631,21900,15000,50500,93400,430700,430600,430500,430400,430300,430200,430100,430000,429900,429800,3600,4800,89000,4500,5600,9200,5800,81400,4100,26300,439550,425840,7538590,4260276,0,0,0,0,0,
600036.SH,600036,20251209,103000000,431000,400,17240,32556,0,,,18816039,809247749,432700,428300,431800,431800,431000,431100,431200,431300,431400,431500,431600,431700,431800,431900,1900,900,4700,24289,14900,40631,21900,15000,50500,93400,430800,430700,430600,430500,430400,430300,430200,430100,430000,429900,500,35000,20100,88400,4400,5600,9200,5800,81400,4100,439550,425900,7537590,4308476,0,0,0,0,0,
600036.SH,600036,20251209,103003000,430800,34100,1468831,32614,0,,,18850139,810716580,432700,428300,431800,431800,431000,431100,431200,431300,431400,431500,431600,431700,431800,431900,100,1800,4700,23289,14900,40631,22400,15000,50500,93400,430800,430700,430600,430500,430400,430300,430200,430100,430000,429900,25800,37000,20100,88400,4400,5600,9200,5800,81400,4100,439550,425930,7536490,4335476,0,0,0,0,0,
600036.SH,600036,20251209,103006000,430800,2700,116329,32629,0,,,18852839,810832909,432700,428300,431800,431800,431000,431100,431200,431300,431400,431500,431600,431700,431800,431900,200,5200,82400,23289,14900,41231,22400,15000,50000,93400,430800,430700,430600,430500,430400,430300,430200,430100,430000,429900,25700,37000,20100,88300,4400,5600,9200,5800,81400,4100,439460,425920,7618290,4337176,0,0,0,0,0,
600036.SH,600036,20251209,103009000,430900,200,8618,32631,0,,,18853039,810841527,432700,428300,431800,431800,431000,431100,431200,431300,431400,431500,431600,431700,431800,431900,700,6400,83400,23189,13800,41231,22400,15000,50100,93300,430900,430800,430700,430600,430500,430400,430300,430200,430100,430000,500,23800,37000,20100,88300,4400,5600,9200,5800,81100,439460,425930,7621790,4333776,0,0,0,0,0,
600036.SH,600036,20251209,103012000,431100,6700,288770,32647,0,,,18859739,811130297,432700,428300,431800,431800,431000,431100,431200,431300,431400,431500,431600,431700,431800,431900,300,11400,83500,22700,13800,41231,22400,15000,50100,93300,430800,430700,430600,430500,430400,430300,430200,430100,430000,429900,22900,19500,20100,88300,4400,5600,9200,5800,81100,4100,439450,425910,7625701,4314776,0,0,0,0,0,
600036.SH,600036,20251209,103015000,430900,1000,43096,32654,0,,,18860739,811173393,432700,428300,431800,431800,430900,431000,431100,431200,431300,431400,431500,431600,431700,431800,400,1600,11500,83200,22600,13800,41231,22400,15000,50100,430800,430700,430600,430500,430400,430300,430200,430100,430000,429900,23400,19500,20100,88300,4400,5600,9200,5700,81100,4100,439450,425910,7627201,4314976,0,0,0,0,0,
600036.SH,600036,20251209,103018000,430900,0,0,32654,0,,,18860739,811173393,432700,428300,431800,431800,430900,431000,431100,431200,431300,431400,431500,431600,431700,431800,600,2900,11500,83700,22600,13800,41231,22400,15000,50800,430800,430700,430600,430500,430400,430300,430200,430100,430000,429900,25300,19500,20100,88300,4400,5600,9200,5700,81100,4100,439450,425910,7620101,4316876,0,0,0,0,0,
600036.SH,600036,20251209,103021000,430800,13300,572992,32691,0,,,18874039,811746385,432700,428300,431800,431800,430900,431000,431100,431200,431300,431400,431500,431600,431700,431800,300,6600,22100,83700,22600,13800,41231,22400,15000,50800,430800,430700,430600,430500,430400,430300,430200,430100,430000,429900,7800,10100,15800,88300,4400,5600,9200,5700,81100,4200,439430,425870,7634201,4285776,0,0,0,0,0,
600036.SH,600036,20251209,103024000,430800,10200,439433,32720,0,,,18884239,812185818,432700,428300,431800,431800,430800,430900,431000,431100,431200,431300,431400,431500,431600,431700,500,4300,6500,22200,83700,22600,13800,41231,22000,15000,430700,430600,430500,430400,430300,430200,430100,430000,429900,429800,11600,4200,88300,4400,5600,9700,5700,81100,4200,26100,439430,425850,7638301,4268076,0,0,0,0,0,
600036.SH,600036,20251209,103027000,430800,2700,116291,32730,0,,,18886939,812302109,432700,428300,431800,431800,430800,430900,431000,431100,431200,431300,431400,431500,431600,431700,5600,4400,6500,23700,83700,22600,13700,41231,22000,15000,430700,430600,430500,430400,430300,430200,430100,430000,429900,429800,8300,4300,88300,4400,5600,9700,5700,81100,4200,26100,439420,425850,7645901,4265376,0,0,0,0,0,
600036.SH,600036,20251209,103030000,430700,300,12923,32733,0,,,18887239,812315032,432700,428300,431800,431800,430800,430900,431000,431100,431200,431300,431400,431500,431600,431700,6500,2500,22200,23700,83000,22600,13700,41231,22000,15000,430700,430600,430500,430400,430300,430200,430100,430000,429900,429800,7700,4300,88300,4400,5600,9700,6300,81100,4200,26100,439410,425850,7662401,4265476,0,0,0,0,0,
600036.SH,600036,20251209,103033000,430700,2400,103376,32739,0,,,18889639,812418408,432700,428300,431800,431800,430800,430900,431000,431100,431200,431300,431400,431500,431600,431700,17100,2700,22000,23700,83000,22400,11700,42031,22000,15000,430700,430600,430500,430400,430300,430200,430100,430000,429900,429800,6300,4300,87800,4400,5600,9700,6300,81100,4200,26100,439400,425850,7666401,4263376,0,0,0,0,0,
600036.SH,600036,20251209,103036000,430700,7700,331656,32768,0,,,18897339,812750064,432700,428300,431800,431800,430800,430900,431000,431100,431200,431300,431400,431500,431600,431700,16700,4200,22000,23700,83000,22400,11700,42031,22000,15000,430700,430600,430500,430400,430300,430200,430100,430000,429900,429800,400,4300,87800,4400,5600,19700,6300,81100,4200,26100,439400,425850,7667401,4268476,0,0,0,0,0,
600036.SH,600036,20251209,103039000,430800,20100,865881,32794,0,,,18917439,813615945,432700,428300,431800,431800,430900,431000,431100,431200,431300,431400,431500,431600,431700,431800,3300,17700,23700,83000,22400,11700,42031,22000,15000,50400,430800,430700,430600,430500,430400,430300,430200,430100,430000,429900,600,3500,4300,88000,4400,5600,19700,6300,81100,4200,439420,425850,7645801,4272376,0,0,0,0,0,
600036.SH,600036,20251209,103042000,430600,4500,193824,32809,0,,,18921939,813809769,432700,428300,431800,431800,430900,431000,431100,431200,431300,431400,431500,431600,431700,431800,7300,18800,47300,83000,22400,11700,42031,22000,15000,50400,430600,430500,430400,430300,430200,430100,430000,429900,429800,429700,16600,88000,4400,5600,19700,6300,81100,4200,26100,5900,439390,425860,7685501,4280476,0,0,0,0,0,
600036.SH,600036,20251209,103045000,430600,3800,163716,32822,0,,,18925739,813973485,432700,428300,431800,431800,430900,431000,431100,431200,431300,431400,431500,431600,431700,431800,6200,18600,47300,83000,22400,11700,42031,22000,15000,50400,430600,430500,430400,430300,430200,430100,430000,429900,429800,429700,19800,87800,4400,5600,19700,6300,81100,4200,26100,5900,439390,425870,7685801,4283476,0,0,0,0,0,
600036.SH,600036,20251209,103048000,430700,200,8613,32824,0,,,18925939,813982098,432700,428300,431800,431800,430900,431000,431100,431200,431300,431400,431500,431600,431700,431800,6300,28700,47500,83000,22400,12300,42031,22000,15000,50400,430700,430600,430500,430400,430300,430200,430100,430000,429900,429800,1200,20200,87800,4400,5600,19700,6300,81100,4200,26100,439380,425870,7696001,4285376,0,0,0,0,0,
600036.SH,600036,20251209,103051000,430900,600,25853,32826,0,,,18926539,814007951,432700,428300,431800,431800,430900,431000,431100,431200,431300,431400,431500,431600,431700,431800,6100,28700,47500,83000,22400,12300,42031,23000,15000,50400,430800,430700,430600,430500,430400,430300,430200,430100,430000,429900,1000,38000,19700,88100,4400,5600,19700,6300,81100,4200,439380,425910,7696801,4323076,0,0,0,0,0,
600036.SH,600036,20251209,103054000,430900,7200,310248,32868,0,,,18933739,814318199,432700,428300,431800,431800,431000,431100,431200,431300,431400,431500,431600,431700,431800,431900,38800,46600,72900,22400,11700,42031,23000,15000,50400,94300,430900,430800,430700,430600,430500,430400,430300,430200,430100,430000,1300,4100,38000,20200,88100,4400,5600,19700,6300,81100,439390,425920,7689801,4325976,0,0,0,0,0,
600036.SH,600036,20251209,103057000,430900,100,4309,32869,0,,,18933839,814322508,432700,428300,431800,431800,431000,431100,431200,431300,431400,431500,431600,431700,431800,431900,40800,46600,72900,22400,11700,42031,23000,15000,50400,94300,430900,430800,430700,430600,430500,430400,430300,430200,430100,430000,1600,4100,38000,16900,88100,4400,5600,20200,6300,81100,439390,425910,7692601,4323776,0,0,0,0,0,
600036.SH,600036,20251209,103100000,431000,12500,538714,32885,0,,,18946339,814861222,432700,428300,431800,431800,431000,431100,431200,431300,431400,431500,431600,431700,431800,431900,32200,46600,72900,22400,11700,42031,23000,15100,50400,94300,430800,430700,430600,430500,430400,430300,430200,430100,430000,429900,4100,38000,16900,70700,4400,5600,10200,6300,81100,4200,439420,425880,7689101,4294676,0,0,0,0,0,
600036.SH,600036,20251209,103103000,430700,22500,969121,32908,0,,,18968839,815830343,432700,428300,431800,431800,430900,431000,431100,431200,431300,431400,431500,431600,431700,431800,2600,43300,46600,73500,22400,11700,42031,23000,15100,50400,430700,430600,430500,430400,430300,430200,430100,430000,429900,429800,20700,16900,56500,4400,5600,10200,6300,81100,4200,26100,439400,425840,7703401,4261276,0,0,0,0,0,
600036.SH,600036,20251209,103106000,430900,17400,749724,32924,0,,,18986239,816580067,432700,428300,431800,431800,430900,431000,431100,431200,431300,431400,431500,431600,431700,431800,15800,44300,46600,73500,22400,11700,42031,23000,15100,50900,430700,430600,430500,430400,430300,430200,430100,430000,429900,429800,3000,4900,56500,4400,5600,10200,6300,81100,4200,26100,439390,425810,7717201,4231576,0,0,0,0,0,
600036.SH,600036,20251209,103109000,430800,300,12923,32926,0,,,18986539,816592990,432700,428300,431800,431800,430800,430900,431000,431100,431200,431300,431400,431500,431600,431700,200,10400,44300,46600,73500,22400,11500,42031,23000,15100,430700,430600,430500,430400,430300,430200,430100,430000,429900,429800,2900,4900,56500,4400,5600,10200,6300,81100,4200,26100,439390,425810,7709301,4231276,0,0,0,0,0,
600036.SH,600036,20251209,103112000,430700,2500,107682,32939,0,,,18989039,816700672,432700,428300,431800,431800,430800,430900,431000,431100,431200,431300,431400,431500,431600,431700,1000,11600,45100,46600,72900,22400,11500,42031,23000,15100,430700,430600,430500,430400,430300,430200,430100,430000,429900,429800,200,5000,56500,4400,5600,10200,6300,81100,4200,26100,439390,425810,7711501,4228376,0,0,0,0,0,
600036.SH,600036,20251209,103115000,430700,100,4307,32940,0,,,18989139,816704979,432700,428300,431800,431800,430800,430900,431000,431100,431200,431300,431400,431500,431600,431700,1100,13000,45000,46600,72900,22400,11500,42031,23000,15100,430700,430600,430500,430400,430300,430200,430100,430000,429900,429800,100,5000,56600,4400,5600,10200,6300,98500,4200,26100,439390,425820,7713001,4245876,0,0,0,0,0,
600036.SH,600036,20251209,103118000,430700,0,0,32940,0,,,18989139,816704979,432700,428300,431800,431800,430800,430900,431000,431100,431200,431300,431400,431500,431600,431700,3500,13000,45000,47200,72900,22400,11500,42031,22100,15100,430700,430600,430500,430400,430300,430200,430100,430000,429900,429800,800,5000,56600,4400,5600,10200,6300,98500,4200,26100,439390,425830,7715001,4246676,0,0,0,0,0,
600036.SH,600036,20251209,103121000,430500,10300,443575,32973,0,,,18999439,817148554,432700,428300,431800,431800,430800,430900,431000,431100,431200,431300,431400,431500,431600,431700,2700,13000,42800,47200,72900,22400,11500,42031,22100,15100,430500,430400,430300,430200,430100,430000,429900,429800,429700,429600,56400,4400,5600,10200,6300,98500,4200,26100,5900,3700,439380,425820,7727601,4240676,0,0,0,0,0,
600036.SH,600036,20251209,103124000,430900,6200,267053,32988,0,,,19005639,817415607,432700,428300,431800,431800,430900,431000,431100,431200,431300,431400,431500,431600,431700,431800,20200,42200,46600,72900,22400,12100,42031,22100,15100,51500,430500,430400,430300,430200,430100,430000,429900,429800,429700,429600,57400,4600,5600,10200,6500,112700,4200,26100,5900,3700,439380,425830,7735201,4257276,0,0,0,0,0,
600036.SH,600036,20251209,103127000,430600,6300,271287,33032,0,,,19011939,817686894,432700,428300,431800,431800,430800,430900,431000,431100,431200,431300,431400,431500,431600,431700,100,23800,42200,46600,72800,22400,12100,42031,22300,15100,430700,430600,430500,430400,430300,430200,430100,430000,429900,429800,200,100,56800,4600,5600,9700,6500,112900,4200,26100,439370,425830,7740601,4257276,0,0,0,0,0,
600036.SH,600036,20251209,103130000,430800,4000,172273,33053,0,,,19015939,817859167,432700,428300,431800,431800,430800,430900,431000,431100,431200,431300,431400,431500,431600,431700,1100,23500,42200,46600,72800,22400,12100,42031,22100,15100,430700,430600,430500,430400,430300,430200,430100,430000,429900,429800,600,200,56700,4600,5600,9700,6500,112900,4200,26100,439380,425840,7743601,4257776,0,0,0,0,0,
600036.SH,600036,20251209,103133000,430700,700,30149,33057,0,,,19016639,817889316,432700,428300,431800,431800,430700,430800,430900,431000,431100,431200,431300,431400,431500,431600,300,15000,22400,42900,46600,72800,22400,11500,42031,22100,430600,430500,430400,430300,430200,430100,430000,429900,429800,429700,100,56700,4600,5600,9700,6500,112900,4200,26100,6000,439360,425830,7756301,4257276,0,0,0,0,0,
600036.SH,600036,20251209,103136000,430700,200,8613,33059,0,,,19016839,817897929,432700,428300,431800,431800,430700,430800,430900,431000,431100,431200,431300,431400,431500,431600,200,15100,22100,42900,47600,72800,22100,11500,42031,22100,430600,430500,430400,430300,430200,430100,430000,429900,429800,429700,1300,56700,4600,5600,9700,6500,113300,4200,26100,6000,439360,425840,7757701,4258276,0,0,0,0,0,
600036.SH,600036,20251209,103139000,430600,1200,51672,33069,0,,,19018039,817949601,432700,428300,431800,431800,430700,430800,430900,431000,431100,431200,431300,431400,431500,431600,200,15100,22000,42900,47600,72800,22100,11500,42031,22100,430600,430500,430400,430300,430200,430100,430000,429900,429800,429700,200,56700,4600,5600,9700,6500,113300,4600,26100,6000,439360,425840,7756601,4257876,0,0,0,0,0,
600036.SH,600036,20251209,103142000,430700,7000,301483,33080,0,,,19025039,818251084,432700,428300,431800,431800,430700,430800,430900,431000,431100,431200,431300,431400,431500,431600,200,16700,22000,42200,47600,72800,22100,11500,42631,22100,430600,430500,430400,430300,430200,430100,430000,429900,429800,429700,100,56700,4600,5600,9700,6500,105300,4600,26100,6000,439360,425830,7757701,4250076,0,0,0,0,0,
600036.SH,600036,20251209,103145000,430600,100,4306,33081,0,,,19025139,818255390,432700,428300,431800,431800,430700,430800,430900,431000,431100,431200,431300,431400,431500,431600,900,16700,20300,42200,47600,72800,21900,11500,43631,23100,430600,430500,430400,430300,430200,430100,430000,429900,429800,429700,900,56700,4600,5600,9700,6500,105300,4600,26100,6000,439360,425830,7758501,4252976,0,0,0,0,0,
600036.SH,600036,20251209,103148000,430700,2900,124919,33087,0,,,19028039,818380309,432700,428300,431800,431800,430800,430900,431000,431100,431200,431300,431400,431500,431600,431700,15100,18400,42700,47600,72800,21900,11500,42831,23100,14600,430700,430600,430500,430400,430300,430200,430100,430000,429900,429800,100,24400,56700,4600,5600,9700,6500,105300,4600,26100,439370,425860,7753801,4277576,0,0,0,0,0,
600036.SH,600036,20251209,103151000,430600,2000,86128,33094,0,,,19030039,818466437,432700,428300,431800,431800,430800,430900,431000,431100,431200,431300,431400,431500,431600,431700,14600,18400,42200,47600,72800,20000,11900,42831,23100,14600,430600,430500,430400,430300,430200,430100,430000,429900,429800,429700,27800,56700,4600,5600,9700,6500,105400,4600,26100,6000,439370,425860,7753601,4275876,0,0,0,0,0,
600036.SH,600036,20251209,103154000,430800,14900,641892,33149,0,,,19044939,819108329,432700,428300,431800,431800,430900,431000,431100,431200,431300,431400,431500,431600,431700,431800,15400,42100,47600,73000,20000,11900,42831,23100,14600,52400,430800,430700,430600,430500,430400,430300,430200,430100,430000,429900,14700,1800,27800,61300,4600,5600,9700,6500,105400,4600,439390,425880,7736401,4298176,0,0,0,0,0,
600036.SH,600036,20251209,103157000,430900,19100,823049,33221,0,,,19064039,819931378,432700,428300,431800,431800,431000,431100,431200,431300,431400,431500,431600,431700,431800,431900,39100,47700,73000,20000,11900,42831,23100,14600,52400,95300,430900,430800,430700,430600,430500,430400,430300,430200,430100,430000,8800,15800,2700,27800,58600,4600,5600,9700,6500,106000,439410,425890,7719801,4306676,0,0,0,0,0,
600036.SH,600036,20251209,103200000,430900,7400,318898,33231,0,,,19071439,820250276,432700,428300,431800,431800,431000,431100,431200,431300,431400,431500,431600,431700,431800,431900,39700,47700,73900,20300,11900,42831,23100,14600,52400,95300,430900,430800,430700,430600,430500,430400,430300,430200,430100,430000,5100,16400,2700,27800,59100,4600,5600,9900,5900,106500,439400,425890,7721601,4305576,0,0,0,0,0,
600036.SH,600036,20251209,103203000,430800,27516,1185553,33276,0,,,19098955,821435829,432700,428300,431800,431800,430900,431000,431100,431200,431300,431400,431500,431600,431700,431800,3800,38900,24100,73900,20300,11900,42831,23100,14600,52400,430800,430700,430600,430500,430400,430300,430200,430100,430000,429900,14284,2700,27800,59100,4600,5600,9900,6900,106500,4600,439430,425880,7699101,4301460,0,0,0,0,0,
600036.SH,600036,20251209,103206000,430900,3500,150821,33288,0,,,19102455,821586650,432700,428300,431800,431800,431000,431100,431200,431300,431400,431500,431600,431700,431800,431900,33900,24100,73900,20300,11900,42831,23100,14600,52400,93300,430800,430700,430600,430500,430400,430300,430200,430100,430000,429900,23284,1200,27800,59100,4600,5600,9900,6900,106500,4600,439440,425890,7690301,4309560,0,0,0,0,0,
600036.SH,600036,20251209,103209000,430900,200,8618,33290,0,,,19102655,821595268,432700,428300,431800,431800,431000,431100,431200,431300,431400,431500,431600,431700,431800,431900,33900,24100,73000,20300,11900,42831,23100,14600,52400,93300,430900,430800,430700,430600,430500,430400,430300,430200,430100,430000,100,23884,1200,27800,59200,4600,5600,9900,6900,107000,439440,425890,7689301,4310760,0,0,0,0,0,
600036.SH,600036,20251209,103212000,431000,900,38790,33291,0,,,19103555,821634058,432700,428300,431800,431800,431000,431100,431200,431300,431400,431500,431600,431700,431800,431900,35300,24100,73000,20300,11900,42431,23100,14600,52400,93300,430900,430800,430700,430600,430500,430400,430300,430200,430100,430000,1000,24584,1200,27800,59700,4600,5600,9900,6900,109100,439440,425900,7690801,4315060,0,0,0,0,0,
600036.SH,600036,20251209,103215000,430900,600,25857,33297,0,,,19104155,821659915,432700,428300,431800,431800,431000,431100,431200,431300,431400,431500,431600,431700,431800,431900,35200,24100,73000,20300,11900,42431,23100,14600,52400,93300,430900,430800,430700,430600,430500,430400,430300,430200,430100,430000,800,24184,1200,27800,55700,4600,5500,9900,6900,109000,439440,425890,7690701,4311860,0,0,0,0,0,
600036.SH,600036,20251209,103218000,431000,5600,241355,33302,0,,,19109755,821901270,432700,428300,431800,431800,431000,431100,431200,431300,431400,431500,431600,431700,431800,431900,30600,24100,73000,20300,11900,42431,23100,14600,52400,93300,430900,430800,430700,430600,430500,430400,430300,430200,430100,430000,900,24084,1200,27800,55700,2500,5500,9900,6900,109000,439440,425890,7686101,4309860,0,0,0,0,0,
600036.SH,600036,20251209,103221000,430800,16900,728346,33318,0,,,19126655,822629616,432700,428300,431800,431800,431000,431100,431200,431300,431400,431500,431600,431700,431800,431900,18900,19800,73000,20300,11900,42531,23100,14600,53400,93300,430800,430700,430600,430500,430400,430300,430200,430100,430000,429900,23384,1200,34300,55700,2500,5500,9900,6900,109000,4500,439460,425890,7672401,4311260,0,0,0,0,0,
600036.SH,600036,20251209,103224000,430800,0,0,33318,0,,,19126655,822629616,432700,428300,431800,431800,431000,431100,431200,431300,431400,431500,431600,431700,431800,431900,18900,19800,73000,20300,11900,42531,23100,14600,53400,93300,430900,430800,430700,430600,430500,430400,430300,430200,430100,430000,1400,28684,1400,34300,55700,2500,5500,9900,6900,109000,439460,425900,7671401,4318260,0,0,0,0,0,
600036.SH,600036,20251209,103227000,431000,20600,887855,33378,0,,,19147255,823517471,432700,428300,431800,431800,431100,431200,431300,431400,431500,431600,431700,431800,431900,432000,19500,68700,20300,11900,42531,23100,14600,53400,93300,94900,431000,430900,430800,430700,430600,430500,430400,430300,430200,430100,3700,7900,33684,1400,34300,55700,2500,5500,9900,6900,439490,425920,7648001,4333060,0,0,0,0,0,
600036.SH,600036,20251209,103230000,431200,59000,2543103,33470,0,,,19206255,826060574,432700,428300,431800,431800,431200,431300,431400,431500,431600,431700,431800,431900,432000,432100,65300,20300,11500,41531,23100,14600,53400,93300,94900,12200,431100,431000,430900,430800,430700,430600,430500,430400,430300,430200,3100,1500,27800,48984,1100,36400,56200,2900,5500,9900,439510,425960,7624101,4364260,0,0,0,0,0,
600036.SH,600036,20251209,103233000,431200,79900,3445035,33564,0,,,19286155,829505609,432700,428300,431800,431800,431300,431400,431500,431600,431700,431800,431900,432000,432100,432200,20300,11500,41531,23100,14600,53400,93300,94900,12200,26000,431200,431100,431000,430900,430800,430700,430600,430500,430400,430300,5600,13600,900,26600,36484,1100,36400,55900,2900,5500,439580,425960,7559801,4365960,0,0,0,0,0,
600036.SH,600036,20251209,103236000,431300,21300,918392,33595,0,,,19307455,830424001,432700,428300,431800,431800,431300,431400,431500,431600,431700,431800,431900,432000,432100,432200,16100,11500,42031,23100,14600,53400,93300,93900,11800,26000,431200,431100,430900,430800,430700,430600,430500,430400,430300,430200,3300,3000,23200,36484,1100,36400,55900,3000,5500,9900,439590,425940,7554601,4349460,0,0,0,0,0,
600036.SH,600036,20251209,103239000,431200,19100,823370,33638,0,,,19326555,831247371,432700,428300,431800,431800,431200,431300,431400,431500,431600,431700,431800,431900,432000,432100,2600,24600,11500,42031,23000,14600,53400,93400,93900,11800,431000,430900,430800,430700,430600,430500,430400,430300,430200,430100,2800,36300,35784,1100,36900,55900,3000,5500,9900,7900,439580,425950,7565101,4359160,0,0,0,0,0,
600036.SH,600036,20251209,103242000,431000,8200,353426,33646,0,,,19334755,831600797,432700,428300,431800,431800,431200,431300,431400,431500,431600,431700,431800,431900,432000,432100,2500,24600,13500,42031,23000,14800,53400,93400,93900,11800,431000,430900,430800,430700,430600,430500,430400,430300,430200,430100,21000,28800,35784,1100,36900,55900,3000,5500,9900,7900,439570,425970,7567201,4369360,0,0,0,0,0,
600036.SH,600036,20251209,103245000,431000,19900,857770,33682,0,,,19354655,832458567,432700,428300,431800,431800,431300,431400,431500,431600,431700,431800,431900,432000,432100,432200,28900,13500,42031,23000,14800,53400,93400,93900,11800,26000,431000,430900,430800,430700,430600,430500,430400,430300,430200,430100,5900,28800,34684,1100,36900,55900,3000,5500,9900,7900,439570,425950,7568301,4353160,0,0,0,0,0,
600036.SH,600036,20251209,103248000,431000,1100,47424,33687,0,,,19355755,832505991,432700,428300,431800,431800,431200,431300,431400,431500,431600,431700,431800,431900,432000,432100,1800,28500,13500,42031,23000,14800,53400,93400,93900,11800,431000,430900,430800,430700,430600,430500,430400,430300,430200,430100,5400,22900,34384,1100,36900,55900,3000,5500,9900,7900,439570,425940,7570701,4346760,0,0,0,0,0,
600036.SH,600036,20251209,103251000,431000,5500,237050,33704,0,,,19361255,832743041,432700,428300,431800,431800,431200,431300,431400,431500,431600,431700,431800,431900,432000,432100,3684,28500,13500,42731,23000,14800,53400,93400,94700,11800,431000,430900,430800,430700,430600,430500,430400,430300,430200,430100,18200,21400,34384,1100,36900,55900,3000,5500,9900,7900,439570,425950,7574185,4358060,0,0,0,0,0,
600036.SH,600036,20251209,103254000,431200,6584,283903,33748,0,,,19367839,833026944,432700,428300,431800,431800,431300,431400,431500,431600,431700,431800,431900,432000,432100,432200,24200,13500,42731,23000,14800,53400,93400,94700,11800,26000,431200,431100,431000,430900,430800,430700,430600,430500,430400,430300,816,200,18900,21400,34884,1100,36900,55400,3000,5500,439580,425950,7564201,4359676,0,0,0,0,0,
600036.SH,600036,20251209,103257000,431200,5500,237150,33768,0,,,19373339,833264094,432700,428300,431800,431800,431300,431400,431500,431600,431700,431800,431900,432000,432100,432200,27400,13500,41731,23000,14800,53400,93400,93700,11800,26000,431200,431100,431000,430900,430800,430700,430600,430500,430400,430300,800,1100,18500,20000,34884,1100,36900,55400,3000,5500,439580,425950,7566301,4358860,0,0,0,0,0,
600036.SH,600036,20251209,103300000,431100,5800,250117,33776,0,,,19379139,833514211,432700,428300,431800,431800,431300,431400,431500,431600,431700,431800,431900,432000,432100,432200,25200,13500,41731,23000,14800,53400,93300,93700,11800,26000,431200,431100,431000,430900,430800,430700,430600,430500,430400,430300,400,6800,18500,18900,34884,1100,36900,55400,3000,5500,439580,425960,7566001,4363060,0,0,0,0,0,
600036.SH,600036,20251209,103303000,431000,17500,754368,33802,0,,,19396639,834268579,432700,428300,431800,431800,431200,431300,431400,431500,431600,431700,431800,431900,432000,432100,300,29500,13500,41731,23000,14800,52800,92800,93700,11800,431000,430900,430800,430700,430600,430500,430400,430300,430200,430100,7700,18900,32284,1100,36900,59400,3000,5500,9900,8300,439570,425940,7569901,4344660,0,0,0,0,0,
600036.SH,600036,20251209,103306000,431000,9100,392260,33817,0,,,19405739,834660839,432700,428300,431800,431800,431100,431200,431300,431400,431500,431600,431700,431800,431900,432000,100,2500,30100,13500,41231,23000,14800,52700,92800,94300,431000,430900,430800,430700,430600,430500,430400,430300,430200,430100,27000,18900,29484,1100,36900,59400,3000,5500,9900,8300,439570,425960,7582801,4361360,0,0,0,0,0,
600036.SH,600036,20251209,103309000,431200,300,12934,33820,0,,,19406039,834673773,432700,428300,431800,431800,431200,431300,431400,431500,431600,431700,431800,431900,432000,432100,11900,20800,13500,41231,23000,14800,52700,92900,94300,11800,431100,431000,430900,430800,430700,430600,430500,430400,430300,430200,1900,27000,6400,29484,1100,36900,59400,3000,5500,9900,439570,425940,7583401,4350660,0,0,0,0,0,
600036.SH,600036,20251209,103312000,431100,10900,469979,33836,0,,,19416939,835143752,432700,428300,431800,431800,431200,431300,431400,431500,431600,431700,431800,431900,432000,432100,6400,19700,13500,41931,23000,14800,52700,92900,94300,11800,431100,431000,430900,430800,430700,430600,430500,430400,430300,430200,1200,23500,6400,29484,1100,36900,59400,3000,5500,9900,439580,425940,7576101,4346760,0,0,0,0,0,
600036.SH,600036,20251209,103315000,431000,5600,241375,33850,0,,,19422539,835385127,432700,428300,431800,431800,431100,431200,431300,431400,431500,431600,431700,431800,431900,432000,100,6700,16600,14600,41931,25200,14800,52700,92900,94300,431000,430900,430800,430700,430600,430500,430400,430300,430200,430100,12400,6400,29484,1100,36900,59400,3000,5500,9900,8300,439570,425930,7576901,4334460,0,0,0,0,0,
600036.SH,600036,20251209,103318000,431100,2100,90521,33856,0,,,19424639,835475648,432700,428300,431800,431800,431200,431300,431400,431500,431600,431700,431800,431900,432000,432100,6800,16600,14600,41931,25200,14800,54800,92900,94200,12000,431100,431000,430900,430800,430700,430600,430500,430400,430300,430200,8200,13200,6400,29484,1100,36900,59400,3000,5500,9900,439570,425940,7584701,4343560,0,0,0,0,0,
600036.SH,600036,20251209,103321000,431100,6400,275918,33870,0,,,19431039,835751566,432700,428300,431800,431800,431200,431300,431400,431500,431600,431700,431800,431900,432000,432100,5600,6500,12600,41931,25200,14800,54800,92800,94000,12000,431100,431000,430900,430800,430700,430600,430500,430400,430300,430200,8900,13000,6400,29484,1100,36900,59400,3000,5500,9900,439580,425940,7571101,4359060,0,0,0,0,0,
600036.SH,600036,20251209,103324000,431200,8800,379430,33889,0,,,19439839,836130996,432700,428300,431800,431800,431300,431400,431500,431600,431700,431800,431900,432000,432100,432200,2600,13700,41931,25300,14800,54900,92800,94000,12000,26000,431200,431100,431000,430900,430800,430700,430600,430500,430400,430300,6400,8600,13000,6400,29484,1100,36900,59400,3000,5500,439590,425950,7564001,4365860,0,0,0,0,0,
600036.SH,600036,20251209,103327000,431200,15500,668368,33908,0,,,19455339,836799364,432700,428300,431800,431800,431300,431400,431500,431600,431700,431800,431900,432000,432100,432200,1800,13700,41931,25300,14800,54900,92800,94000,12000,28000,431200,431100,431000,430900,430800,430700,430600,430500,430400,430300,9300,7100,13000,6400,29984,1100,37300,58900,3000,5500,439590,425950,7566201,4370260,0,0,0,0,0,
600036.SH,600036,20251209,103330000,431300,13900,599486,33930,0,,,19469239,837398850,432700,428300,431800,431800,431400,431500,431600,431700,431800,431900,432000,432100,432200,432300,13800,41931,25300,14800,54800,92800,94000,12000,28000,21700,431300,431200,431100,431000,430900,430800,430700,430600,430500,430400,3200,8500,7100,13000,6400,29984,1100,37300,58900,3000,439590,425950,7564401,4372060,0,0,0,0,0,
600036.SH,600036,20251209,103333000,431200,7300,314825,33947,0,,,19476539,837713675,432700,428300,431800,431800,431300,431400,431500,431600,431700,431800,431900,432000,432100,432200,500,21100,41931,25300,14800,54800,92900,94000,12000,28000,431200,431100,431000,430900,430800,430700,430600,430500,430400,430300,6100,7100,13000,6400,29984,1100,37800,58900,3000,5500,439580,425950,7572801,4366660,0,0,0,0,0,
600036.SH,600036,20251209,103336000,431200,9600,414021,33964,0,,,19486139,838127696,432700,428300,431800,431800,431400,431500,431600,431700,431800,431900,432000,432100,432200,432300,17800,41931,25300,14800,54800,92900,94500,12000,28000,21700,431300,431200,431100,431000,430900,430800,430700,430600,430500,430400,3200,9900,7100,13000,6400,29984,1100,37800,59400,3000,439590,425950,7569501,4372360,0,0,0,0,0,
600036.SH,600036,20251209,103339000,431300,10200,439866,33977,0,,,19496339,838567562,432700,428300,431800,431800,431400,431500,431600,431700,431800,431900,432000,432100,432200,432300,23400,42031,25300,14800,54800,92900,94500,12000,28000,21700,431300,431200,431100,431000,430900,430800,430700,430600,430500,430400,1100,3900,7100,13100,6400,29984,1100,37800,59400,3000,439580,425940,7575201,4364460,0,0,0,0,0,
600036.SH,600036,20251209,103342000,431300,8200,353588,33989,0,,,19504539,838921150,432700,428300,431800,431800,431400,431500,431600,431700,431800,431900,432000,432100,432200,432300,22800,42031,25300,14800,52700,92900,94500,12000,28000,21700,431300,431100,431000,430900,430800,430700,430600,430500,430400,430300,600,4800,13100,6400,29984,1100,37800,59400,3000,5500,439580,425940,7572501,4357560,0,0,0,0,0,
600036.SH,600036,20251209,103345000,431400,21200,914528,34027,0,,,19525739,839835678,432700,428300,431800,431800,431400,431500,431600,431700,431800,431900,432000,432100,432200,432300,1300,41331,25300,13800,52800,92900,93000,12000,28000,21700,431300,431200,431100,431000,430900,430800,430700,430600,430500,430400,11900,300,10200,13100,6400,29984,1100,37800,59400,3000,439610,425960,7558001,4373160,0,0,0,0,0,
600036.SH,600036,20251209,103348000,431300,8800,379550,34042,0,,,19534539,840215228,432700,428300,431800,431800,431400,431500,431600,431700,431800,431900,432000,432100,432200,432300,700,41331,25300,13800,52800,92900,93000,12000,28000,21700,431300,431200,431100,431000,430900,430800,430700,430600,430500,430400,4700,300,10200,13100,6400,29984,1100,37800,59400,3000,439630,425950,7566501,4367960,0,0,0,0,0,
600036.SH,600036,20251209,103351000,431400,7300,314891,34065,0,,,19541839,840530119,432700,428300,431800,431800,431400,431500,431600,431700,431800,431900,432000,432100,432200,432300,1400,40831,25300,14400,52800,92900,92500,12000,28000,21700,431300,431200,431100,431000,430900,430800,430700,430600,430500,430400,1100,300,10200,13100,6400,29984,1100,37800,59400,3000,439620,425940,7567401,4364160,0,0,0,0,0,
600036.SH,600036,20251209,103354000,431300,4900,211328,34077,0,,,19546739,840741447,432700,428300,431800,431800,431300,431400,431500,431600,431700,431800,431900,432000,432100,432200,5800,3300,42231,25300,14400,52800,92900,92500,12000,28000,431200,431100,431000,430900,430800,430700,430600,430500,430400,430300,1000,9900,12800,6400,29984,1100,37800,58800,3000,5500,439610,426030,7576601,4352960,0,0,0,0,0,
600036.SH,600036,20251209,103357000,431200,4400,189735,34085,0,,,19551139,840931182,432700,428300,431800,431800,431300,431400,431500,431600,431700,431800,431900,432000,432100,432200,5600,6500,41731,24800,16200,52800,92900,92500,12000,28000,431200,431100,431000,430900,430800,430700,430600,430500,430400,430300,1200,9900,12800,6400,29984,1100,37800,58800,3000,5500,439610,426030,7582401,4352960,0,0,0,0,0,
600036.SH,600036,20251209,103400000,431300,6601,284701,34104,0,,,19557740,841215883,432700,428300,431800,431800,431400,431500,431600,431700,431800,431900,432000,432100,432200,432300,8200,41931,24800,16200,52800,92900,92500,12000,28000,21700,431300,431200,431100,431000,430900,430800,430700,430600,430500,430400,2099,6000,9900,12800,6400,29984,1100,38200,58800,3000,439610,426030,7579701,4359759,0,0,0,0,0,
600036.SH,600036,20251209,103403000,431300,7000,301902,34116,0,,,19564740,841517785,432700,428300,431800,431800,431400,431500,431600,431700,431800,431900,432000,432100,432200,432300,8200,41931,24800,16200,52800,92900,92500,12000,28000,21700,431300,431200,431100,431000,430900,430800,430700,430600,430500,430400,900,3799,9900,12800,6400,29984,1100,38200,58800,3000,439610,426030,7581701,4356259,0,0,0,0,0,
600036.SH,600036,20251209,103406000,431200,10600,457255,34139,0,,,19575340,841975040,432700,428300,431800,431800,431400,431500,431600,431700,431800,431900,432000,432100,432200,432300,100,42131,24700,16200,52800,92900,92500,12000,28200,21700,431200,431100,431000,430900,430800,430700,430600,430500,430400,430300,3399,9900,13200,6400,29484,900,38200,58800,3000,5500,439620,426030,7566501,4354259,0,0,0,0,0,
600036.SH,600036,20251209,103409000,431400,41000,1769074,34183,0,,,19616340,843744114,432700,428300,431800,431800,431500,431600,431700,431800,431900,432000,432100,432200,432300,432400,7131,24700,16200,52800,92900,92500,12000,28200,21700,27300,431400,431200,431100,431000,430900,430800,430700,430600,430500,430400,1100,2499,9900,13200,6400,29484,900,38200,58800,3000,439670,426030,7516401,4349459,0,0,0,0,0,
600036.SH,600036,20251209,103412000,431300,15100,651363,34219,0,,,19631440,844395477,432700,428300,431800,431800,431500,431600,431700,431800,431900,432000,432100,432200,432300,432400,2431,24700,16200,52800,92900,92500,12000,28200,21700,27300,431400,431300,431200,431100,431000,430900,430800,430700,430600,430500,300,1900,2499,9900,13200,6100,29584,900,38200,58800,439670,425930,7511701,4364159,0,0,0,0,0,
600036.SH,600036,20251209,103415000,431400,8700,375231,34249,0,,,19640140,844770708,432700,428300,431800,431800,431500,431600,431700,431800,431900,432000,432100,432200,432300,432400,2331,24700,16200,52800,93000,92500,12000,28200,21700,27300,431400,431200,431100,431000,430900,430800,430700,430600,430500,430400,1899,1500,9900,13200,6100,29584,900,38200,58800,3000,439670,425930,7514601,4362859,0,0,0,0,0,
600036.SH,600036,20251209,103418000,431100,5600,241526,34261,0,,,19645740,845012234,432700,428300,431800,431800,431500,431600,431700,431800,431900,432000,432100,432200,432300,432400,5131,24700,16200,52800,93300,92500,12000,28200,21700,27300,431400,431100,431000,430900,430800,430700,430600,430500,430400,430300,9100,8699,13200,6100,29584,900,38200,58800,3000,5500,439670,425940,7517701,4366259,0,0,0,0,0,
600036.SH,600036,20251209,103421000,431400,5500,237270,34270,0,,,19651240,845249504,432700,428300,431800,431800,431500,431600,431700,431800,431900,432000,432100,432200,432300,432400,3531,24800,16200,52800,93300,92500,12000,28200,21700,27300,431400,431200,431100,431000,430900,430800,430700,430600,430500,430400,3600,1500,8599,13200,6100,29584,900,38200,58800,3000,439670,425930,7517201,4362159,0,0,0,0,0,
600036.SH,600036,20251209,103424000,431400,10400,448678,34299,0,,,19661640,845698182,432700,428300,431800,431800,431500,431600,431700,431800,431900,432000,432100,432200,432300,432400,1531,24800,16100,52800,93300,92500,12000,28200,21700,27300,431400,431200,431100,431000,430900,430800,430700,430600,430500,430400,1100,1700,8599,13400,6100,29584,900,38200,58800,3000,439670,425930,7515101,4355759,0,0,0,0,0,
600036.SH,600036,20251209,103427000,431400,5200,224240,34315,0,,,19666840,845922422,432700,428300,431800,431800,431300,431400,431500,431600,431700,431800,431900,432000,432100,432200,100,600,3331,25400,16100,52800,93300,91700,12000,28200,431100,431000,430900,430800,430700,430600,430500,430400,430300,430200,20499,13000,6100,29584,900,38200,58800,3000,5500,9800,439670,425940,7517401,4365059,0,0,0,0,0,
600036.SH,600036,20251209,103430000,431300,4000,172550,34331,0,,,19670840,846094972,432700,428300,431800,431800,431500,431600,431700,431800,431900,432000,432100,432200,432300,432400,2431,25400,16100,52800,93300,91700,12000,28200,21700,27300,431300,431200,431100,431000,430900,430800,430700,430600,430500,430400,600,200,21199,13000,6500,29484,900,37800,58800,3000,439670,425940,7515801,4366459,0,0,0,0,0,
600036.SH,600036,20251209,103433000,431300,1200,51756,34336,0,,,19672040,846146728,432700,428300,431800,431800,431300,431400,431500,431600,431700,431800,431900,432000,432100,432200,8100,800,3231,25400,16100,52800,95300,91700,12000,28200,431200,431100,431000,430900,430800,430700,430600,430500,430400,430300,6600,21199,13000,6800,29484,900,37800,58800,3000,5500,439660,425950,7529301,4372359,0,0,0,0,0,
600036.SH,600036,20251209,103436000,431300,1300,56060,34344,0,,,19673340,846202788,432700,428300,431800,431800,431300,431400,431500,431600,431700,431800,431900,432000,432100,432200,7700,900,3531,25300,16100,52100,95300,91700,12000,28200,431200,431100,431000,430900,430800,430700,430600,430500,430400,430300,8200,21199,13000,6800,29484,900,37800,58800,3000,5500,439660,425950,7529101,4373659,0,0,0,0,0,
600036.SH,600036,20251209,103439000,431300,0,0,34344,0,,,19673340,846202788,432700,428300,431800,431800,431300,431400,431500,431600,431700,431800,431900,432000,432100,432200,7700,900,5031,25300,16100,51900,95300,92700,12000,28200,431200,431100,431000,430900,430800,430700,430600,430500,430400,430300,13400,21199,14000,6800,29484,900,37800,58800,3000,5500,439650,425960,7539101,4379059,0,0,0,0,0,
600036.SH,600036,20251209,103442000,431200,3600,155232,34345,0,,,19676940,846358020,432700,428300,431800,431800,431300,431400,431500,431600,431700,431800,431900,432000,432100,432200,8400,1400,5431,25300,16100,51900,95300,92700,12000,28200,431200,431100,431000,430900,430800,430700,430600,430500,430400,430300,14200,20499,15400,6800,29484,900,37800,58800,3000,5500,439650,425960,7541301,4383959,0,0,0,0,0,
600036.SH,600036,20251209,103445000,431200,1700,73304,34348,0,,,19678640,846431324,432700,428300,431800,431800,431300,431400,431500,431600,431700,431800,431900,432000,432100,432200,8500,1900,7431,22300,16100,52000,95300,92700,12000,28200,431200,431100,431000,430900,430800,430700,430600,430500,430400,430300,15100,20499,15700,6800,29484,900,37800,58800,3000,5500,439650,425960,7539601,4389459,0,0,0,0,0,
600036.SH,600036,20251209,103448000,431200,800,34496,34352,0,,,19679440,846465820,432700,428300,431800,431800,431300,431400,431500,431600,431700,431800,431900,432000,432100,432200,8600,1600,8531,22300,16100,52000,95300,92700,12000,28200,431200,431100,431000,430900,430800,430700,430600,430500,430400,430300,17900,20499,15700,6800,29484,900,37800,58800,3000,5500,439650,425970,7541001,4390859,0,0,0,0,0,
600036.SH,600036,20251209,103451000,431300,1700,73317,34355,0,,,19681140,846539137,432700,428300,431800,431800,431300,431400,431500,431600,431700,431800,431900,432000,432100,432200,7500,2500,8531,22300,16100,52000,95800,92700,12000,28200,431200,431100,431000,430900,430800,430700,430600,430500,430400,430300,18800,20499,15700,6800,29484,900,37800,58800,3000,5500,439650,425970,7542001,4391759,0,0,0,0,0,
600036.SH,600036,20251209,103454000,431300,27700,1194458,34384,0,,,19708840,847733595,432700,428300,431800,431800,431300,431400,431500,431600,431700,431800,431900,432000,432100,432200,3700,2400,19031,22500,16100,52000,95800,92700,12000,28200,431100,431000,430900,430800,430700,430600,430500,430400,430300,430200,19499,15700,6800,29484,900,37800,58800,3000,5500,9800,439640,425940,7549301,4371959,0,0,0,0,0,
600036.SH,600036,20251209,103457000,431100,13000,560459,34400,0,,,19721840,848294054,432700,428300,431800,431800,431300,431400,431500,431600,431700,431800,431900,432000,432100,432200,2500,4400,19131,22500,16100,52800,95800,95000,12000,28200,431100,431000,430900,430800,430700,430600,430500,430400,430300,430200,8799,15700,6400,29384,900,37800,58800,3500,5500,9800,439640,425930,7553301,4361359,0,0,0,0,0,
600036.SH,600036,20251209,103500000,431100,4100,176812,34412,0,,,19725940,848470866,432700,428300,431800,431800,431300,431400,431500,431600,431700,431800,431900,432000,432100,432200,1200,4400,19131,22500,16100,52800,95800,95000,12000,28200,431100,431000,430900,430800,430700,430600,430500,430400,430300,430200,10999,15700,6400,29384,900,37900,58800,3500,5500,9800,439640,425930,7551501,4363559,0,0,0,0,0,
600036.SH,600036,20251209,103503000,431300,12300,530307,34454,0,,,19738240,849001173,432700,428300,431800,431800,431300,431400,431500,431600,431700,431800,431900,432000,432100,432200,18400,4400,19231,22500,16100,52800,95800,95500,12000,28200,431100,431000,430900,430800,430700,430600,430500,430400,430300,430200,2899,15700,6400,29384,900,37900,58800,3500,5500,9800,439620,425920,7570601,4355759,0,0,0,0,0,
600036.SH,600036,20251209,103506000,431100,10800,465588,34471,0,,,19749040,849466761,432700,428300,431800,431800,431100,431300,431400,431500,431600,431700,431800,431900,432000,432100,200,19800,5000,19131,22500,15500,52800,95800,115500,12000,431000,430900,430800,430700,430600,430500,430400,430300,430200,430100,15599,6400,29384,900,37900,58800,3500,5500,9800,8400,439600,425920,7595901,4352759,0,0,0,0,0,
600036.SH,600036,20251209,103509000,431100,6300,271535,34485,0,,,19755340,849738296,432700,428300,431800,431800,431200,431300,431400,431500,431600,431700,431800,431900,432000,432100,500,19900,5000,19331,22500,15500,52800,95800,115500,12000,431100,431000,430900,430800,430700,430600,430500,430400,430300,430200,500,1200,10800,27000,900,37900,58800,3500,5500,9800,439600,425910,7596501,4341676,0,0,0,0,0,
600036.SH,600036,20251209,103512000,431000,2400,103449,34493,0,,,19757740,849841745,432700,428300,431800,431800,431200,431300,431400,431500,431600,431700,431800,431900,432000,432100,500,19900,4500,19331,22500,15500,52800,95800,115500,12000,431100,431000,430900,430800,430700,430600,430500,430400,430300,430200,1300,400,20500,27400,900,37500,58800,3500,5500,9800,439600,425920,7596501,4351376,0,0,0,0,0,
600036.SH,600036,20251209,103515000,431200,2800,120731,34502,0,,,19760540,849962476,432700,428300,431800,431800,431200,431300,431400,431500,431600,431700,431800,431900,432000,432100,100,19900,4500,19331,22500,15500,49900,95800,115500,12000,431100,431000,430900,430800,430700,430600,430500,430400,430300,430200,2200,4400,20500,27400,900,37500,58800,3500,5500,9800,439600,425930,7593201,4355976,0,0,0,0,0,
600036.SH,600036,20251209,103518000,431100,1300,56044,34506,0,,,19761840,850018520,432700,428300,431800,431800,431300,431400,431500,431600,431700,431800,431900,432000,432100,432200,2600,4500,19331,22500,15500,49900,95800,115500,12000,28200,431100,431000,430900,430800,430700,430600,430500,430400,430300,430200,4100,4000,20500,27400,900,37500,58800,3500,5500,9800,439620,425930,7575801,4357876,0,0,0,0,0,
600036.SH,600036,20251209,103521000,431000,4800,206946,34518,0,,,19766640,850225466,432700,428300,431800,431800,431300,431400,431500,431600,431700,431800,431900,432000,432100,432200,1900,4500,19331,22500,18400,49900,95800,115500,12000,28200,431000,430900,430800,430700,430600,430500,430400,430300,430200,430100,9200,20400,27400,900,37500,58800,3500,5500,9800,9400,439620,425930,7574901,4359776,0,0,0,0,0,
600036.SH,600036,20251209,103524000,431100,12100,521703,34547,0,,,19778740,850747169,432700,428300,431800,431800,431300,431400,431500,431600,431700,431800,431900,432000,432100,432200,13100,4800,18931,22500,18400,49900,95800,115500,12000,28200,431100,431000,430900,430800,430700,430600,430500,430400,430300,430200,6600,26000,20400,27000,900,37500,58800,3500,5500,9800,439610,425950,7587001,4383176,0,0,0,0,0,
600036.SH,600036,20251209,103527000,431100,5800,250058,34559,0,,,19784540,850997227,432700,428300,431800,431800,431300,431400,431500,431600,431700,431800,431900,432000,432100,432200,12200,4200,18831,22500,18400,50500,95800,115500,12000,28200,431100,431000,430900,430800,430700,430600,430500,430400,430300,430200,8900,26300,20400,27000,900,37500,58800,3500,5500,9800,439610,425960,7586101,4386176,0,0,0,0,0,
600036.SH,600036,20251209,103530000,431400,14900,642635,34580,0,,,19799440,851639862,432700,428300,431800,431800,431400,431500,431600,431700,431800,431900,432000,432100,432200,432300,2800,18831,22500,21500,50500,95800,115500,12000,28200,21700,431300,431200,431100,431000,430900,430800,430700,430600,430500,430400,9200,200,13600,22000,20400,27000,2400,37500,59300,3500,439620,425970,7576801,4397976,0,0,0,0,0,
600036.SH,600036,20251209,103533000,431300,16500,711619,34612,0,,,19815940,852351481,432700,428300,431800,431800,431400,431500,431600,431700,431800,431900,432000,432100,432200,432300,300,18631,25500,21500,49100,95800,115500,12000,28200,21700,431300,431200,431100,431000,430900,430800,430700,430600,430500,430400,700,400,13700,22400,20800,27000,2900,37900,59300,2600,439620,425960,7575701,4388476,0,0,0,0,0,
600036.SH,600036,20251209,103536000,431300,5800,250139,34627,0,,,19821740,852601620,432700,428300,431800,431800,431400,431500,431600,431700,431800,431900,432000,432100,432200,432300,300,18631,25500,21500,49100,95800,115500,12000,28200,21700,431300,431200,431100,431000,430900,430800,430700,430600,430500,430400,4200,1700,9900,22400,19100,27000,2900,37900,58800,2600,439620,425960,7576701,4387376,0,0,0,0,0,
600036.SH,600036,20251209,103539000,431400,3700,159618,34633,0,,,19825440,852761238,432700,428300,431800,431800,431500,431600,431700,431800,431900,432000,432100,432200,432300,432400,18631,25500,21500,49100,95800,115500,12000,28200,21700,27300,431400,431300,431200,431100,431000,430900,430800,430700,430600,430500,1900,8400,1700,6900,22400,19100,27000,1400,37900,58800,439620,425960,7576701,4388976,0,0,0,0,0,
600036.SH,600036,20251209,103542000,431500,11800,509085,34654,0,,,19837240,853270323,432700,428300,431800,431800,431500,431600,431700,431800,431900,432000,432100,432200,432300,432400,13431,25500,21600,49100,95800,115500,12000,28200,21700,27300,431300,431200,431100,431000,430900,430800,430700,430600,430500,430400,35400,1700,7400,22400,19100,27000,1400,37900,58800,2600,439620,425990,7571601,4415576,0,0,0,0,0,
600036.SH,600036,20251209,103545000,431500,13000,560904,34667,0,,,19850240,853831227,432700,428300,431800,431800,431500,431600,431700,431800,431900,432000,432100,432200,432300,432400,2731,25000,21600,49100,95800,116100,12000,28700,21700,27300,431300,431200,431100,431000,430900,430800,430700,430600,430500,430400,33600,1700,6900,22400,19100,27000,1400,37900,58800,2600,439630,425990,7562901,4413276,0,0,0,0,0,
600036.SH,600036,20251209,103548000,431500,9200,396858,34685,0,,,19859440,854228085,432700,428300,431800,431800,431500,431600,431700,431800,431900,432000,432100,432200,432300,432400,731,24300,21600,49100,95800,116100,12000,28200,21700,27300,431300,431200,431100,431000,430900,430800,430700,430600,430500,430400,27500,1700,6900,22400,19100,27500,1500,37900,58800,2600,439640,425980,7559501,4407076,0,0,0,0,0,
600036.SH,600036,20251209,103551000,431300,4500,194125,34701,0,,,19863940,854422210,432700,428300,431800,431800,431600,431700,431800,431900,432000,432100,432200,432300,432400,432500,23231,22100,51200,95800,116100,12000,28200,21700,27300,71600,431300,431200,431100,431000,430900,430800,430700,430600,430500,430400,26800,1600,6200,22300,19100,27500,1500,35800,58800,2600,439640,425980,7560301,4403376,0,0,0,0,0,
600036.SH,600036,20251209,103554000,431600,34000,1467427,34800,0,,,19897940,855889637,432700,428300,431800,431800,431600,431700,431800,431900,432000,432100,432200,432300,432400,432500,3631,20300,51500,95800,116100,12000,28200,21700,27300,71600,431300,431200,431100,431000,430900,430800,430700,430600,430500,430400,27600,1900,5300,22300,19100,27500,1500,35800,58900,2600,439660,425980,7539201,4403876,0,0,0,0,0,
600036.SH,600036,20251209,103557000,431300,19631,846849,34827,0,,,19917571,856736486,432700,428300,431800,431800,431600,431700,431800,431900,432000,432100,432200,432300,432400,432500,1800,25600,51500,95800,116100,12000,28200,21700,27300,71600,431300,431200,431100,431000,430900,430800,430700,430600,430500,430400,16469,2900,5200,24000,18700,27500,1500,35800,58900,2600,439650,425970,7543970,4394745,0,0,0,0,0,
600036.SH,600036,20251209,103600000,431600,15000,647121,34854,0,,,19932571,857383607,432700,428300,431800,431800,431600,431700,431800,431900,432000,432100,432200,432300,432400,432500,5500,25600,52300,95800,116100,12000,28200,21700,27300,71600,431400,431300,431200,431100,431000,430900,430800,430700,430600,430500,500,8569,2500,5200,24000,18700,27500,1500,35800,59400,439650,425960,7548870,4386945,0,0,0,0,0,
600036.SH,600036,20251209,103603000,431300,15200,655722,34877,0,,,19947771,858039329,432700,428300,431800,431800,431500,431600,431700,431800,431900,432000,432100,432200,432300,432400,1200,8700,25500,52300,96300,116100,12000,28200,21700,27300,431300,431200,431100,431000,430900,430800,430700,430600,430500,430400,1969,2500,4300,24000,18700,27500,1500,35800,59400,2600,439640,425950,7553670,4379945,0,0,0,0,0,
600036.SH,600036,20251209,103606000,431400,7300,314807,34901,0,,,19955071,858354136,432700,428300,431800,431800,431400,431500,431600,431700,431800,431900,432000,432100,432200,432300,2600,1800,9700,26000,52600,96300,115500,12000,28200,21700,431300,431100,431000,430900,430800,430700,430600,430500,430400,430300,1500,2869,23100,18700,27500,1500,35800,59400,2600,5500,439640,425950,7559070,4374645,0,0,0,0,0,
600036.SH,600036,20251209,103609000,431400,5600,241528,34910,0,,,19960671,858595664,432700,428300,431800,431800,431400,431500,431600,431700,431800,431900,432000,432100,432200,432300,1200,1700,10500,25200,52700,96400,115400,12000,28200,21700,431300,431100,431000,430900,430800,430700,430600,430500,430400,430300,1000,2869,23100,18700,27500,1500,35800,59400,2600,5500,439640,425940,7555670,4373945,0,0,0,0,0,
600036.SH,600036,20251209,103612000,431300,5800,250056,34927,0,,,19966471,858845720,432700,428300,431800,431800,431300,431400,431500,431600,431700,431800,431900,432000,432100,432200,1600,3100,1800,10400,44300,52700,96400,115400,12000,28200,431100,431000,430900,430800,430700,430600,430500,430400,430300,430200,100,21769,18700,27500,1000,35800,59400,2600,5500,9800,439620,425940,7578270,4369545,0,0,0,0,0,
600036.SH,600036,20251209,103615000,431400,57800,2493450,35085,0,,,20024271,861339170,432700,428300,431800,431800,431400,431500,431600,431700,431800,431900,432000,432100,432200,432300,36500,8700,10400,44300,52700,95900,115500,12000,28200,21800,431100,431000,430900,430800,430700,430600,430500,430400,430300,430200,5500,21769,6400,27500,1000,35800,59400,2600,5500,9800,439580,425930,7616570,4365045,0,0,0,0,0,
600036.SH,600036,20251209,103618000,431400,19900,857816,35111,0,,,20044171,862196986,432700,428300,431800,431800,431400,431500,431600,431700,431800,431900,432000,432100,432200,432300,12900,8700,9900,43900,52700,95900,116000,12000,28200,21800,431100,431000,430900,430800,430700,430600,430500,430400,430300,430200,1300,9569,6400,27500,1000,36800,59400,2600,5500,9800,439600,425910,7592870,4349145,0,0,0,0,0,
600036.SH,600036,20251209,103621000,431100,15500,668207,35128,0,,,20059671,862865193,432700,428300,431800,431800,431300,431400,431500,431600,431700,431800,431900,432000,432100,432200,700,14000,4800,11400,43900,52700,95900,116000,12000,28200,431100,431000,430900,430800,430700,430600,430500,430400,430300,430200,7600,10169,6900,27500,1000,36800,59400,2600,5500,9800,439600,425920,7592570,4355945,0,0,0,0,0,
600036.SH,600036,20251209,103624000,431200,10100,435514,35155,0,,,20069771,863300707,432700,428300,431800,431800,431300,431400,431500,431600,431700,431800,431900,432000,432100,432200,2000,12500,5000,12700,43900,52700,95900,116100,12000,28200,431100,431000,430900,430800,430700,430600,430500,430400,430300,430200,4100,10169,6400,27500,1000,36800,59400,2600,5500,9800,439600,425920,7593970,4352945,0,0,0,0,0,
600036.SH,600036,20251209,103627000,431400,11700,504690,35218,0,,,20081471,863805397,432700,428300,431800,431800,431400,431500,431600,431700,431800,431900,432000,432100,432200,432300,5600,5000,12700,43900,52700,95900,116100,12000,28200,21800,431100,431000,430900,430800,430700,430600,430500,430400,430300,430200,24200,10169,6400,27500,1000,36800,59400,2600,5500,9800,439610,425940,7585270,4373045,0,0,0,0,0,
600036.SH,600036,20251209,103630000,431400,9600,413893,35239,0,,,20091071,864219290,432700,428300,431800,431800,431400,431500,431600,431700,431800,431900,432000,432100,432200,432300,5000,5100,12700,43900,52700,95900,116100,12000,28200,21800,431300,431100,431000,430900,430800,430700,430600,430500,430400,430300,2200,16000,10669,6400,27500,1000,36800,59400,2600,5500,439610,425940,7584570,4367745,0,0,0,0,0,
600036.SH,600036,20251209,103633000,431400,12600,543299,35265,0,,,20103671,864762589,432700,428300,431800,431800,431400,431500,431600,431700,431800,431900,432000,432100,432200,432300,3100,5100,12700,43900,52700,95900,116100,12000,28200,21800,431300,431100,431000,430900,430800,430700,430600,430500,430400,430300,2600,8300,10669,6800,27500,1000,37000,59400,2600,5500,439610,425930,7587470,4360045,0,0,0,0,0,
600036.SH,600036,20251209,103636000,431400,3800,163903,35275,0,,,20107471,864926492,432700,428300,431800,431800,431400,431500,431600,431700,431800,431900,432000,432100,432200,432300,2800,6500,12700,43900,52700,95900,116600,12000,28200,21800,431300,431100,431000,430900,430800,430700,430600,430500,430400,430300,12600,8300,10669,6800,27500,1000,37000,59500,2600,5500,439610,425940,7589070,4370645,0,0,0,0,0,
600036.SH,600036,20251209,103639000,431300,5700,245848,35285,0,,,20113171,865172340,432700,428300,431800,431800,431400,431500,431600,431700,431800,431900,432000,432100,432200,432300,3200,6800,15100,44500,52600,95900,116100,12000,28200,21800,431300,431100,431000,430900,430800,430700,430600,430500,430400,430300,8500,8300,11169,6800,27500,1000,37000,59500,2600,5500,439610,425940,7591870,4367145,0,0,0,0,0,
600036.SH,600036,20251209,103642000,431400,16500,711768,35302,0,,,20129671,865884108,432700,428300,431800,431800,431400,431500,431600,431700,431800,431900,432000,432100,432200,432300,2700,6800,15100,44500,52600,95900,116100,12000,28200,21800,431300,431100,431000,430900,430800,430700,430600,430500,430400,430300,10000,8300,14569,6800,27500,1000,37000,59500,2600,5500,439610,425940,7593670,4372045,0,0,0,0,0,
600036.SH,600036,20251209,103645000,431400,6700,289002,35316,0,,,20136371,866173110,432700,428300,431800,431800,431400,431500,431600,431700,431800,431900,432000,432100,432200,432300,2700,6800,14500,44500,52600,95900,116100,12600,28200,21800,431300,431100,431000,430900,430800,430700,430600,430500,430400,430300,7000,8300,14569,6800,27500,1000,37000,59500,2600,5500,439610,425940,7592770,4367945,0,0,0,0,0,
600036.SH,600036,20251209,103648000,431400,2500,107850,35323,0,,,20138871,866280960,432700,428300,431800,431800,431400,431500,431600,431700,431800,431900,432000,432100,432200,432300,500,6800,14500,44500,52600,95900,116200,12600,28200,21800,431300,431100,431000,430900,430800,430700,430600,430500,430400,430300,9800,8600,14569,7800,27500,1000,37000,59500,2600,5500,439620,425940,7590270,4371845,0,0,0,0,0,
600036.SH,600036,20251209,103651000,431300,800,34510,35331,0,,,20139671,866315470,432700,428300,431800,431800,431400,431500,431600,431700,431800,431900,432000,432100,432200,432300,1300,6800,15400,44500,52600,95900,116300,12600,28200,21800,431300,431100,431000,430900,430800,430700,430600,430500,430400,430300,9600,8600,13969,7800,27500,1000,37000,59500,2600,5500,439610,425940,7592170,4371245,0,0,0,0,0,
600036.SH,600036,20251209,103654000,431400,5100,220027,35343,0,,,20144771,866535497,432700,428300,431800,431800,431500,431600,431700,431800,431900,432000,432100,432200,432300,432400,6000,15400,44500,54100,95900,116300,12600,28200,21800,27300,431300,431100,431000,430900,430800,430700,430600,430500,430400,430300,10800,8600,13969,7800,28500,1000,37000,59500,2600,5500,439620,425950,7591370,4374545,0,0,0,0,0,
600036.SH,600036,20251209,103657000,431400,7500,323550,35356,0,,,20152271,866859047,432700,428300,431800,431800,431500,431600,431700,431800,431900,432000,432100,432200,432300,432400,3700,15400,44500,54100,95900,116300,13100,28200,21800,27300,431300,431200,431100,431000,430900,430800,430700,430600,430500,430400,10900,500,8600,13469,7800,28500,1000,37000,59500,2600,439620,425950,7590070,4374845,0,0,0,0,0,
600036.SH,600036,20251209,103700000,431600,11700,504787,35389,0,,,20163971,867363834,432700,428300,431800,431800,431500,431600,431700,431800,431900,432000,432100,432200,432300,432400,4100,13700,43900,54100,95900,115800,13500,28200,21800,27300,431400,431300,431200,431100,431000,430900,430800,430700,430600,430500,1000,13000,500,8600,13469,7800,28500,1000,37000,60000,439620,425950,7589770,4378245,0,0,0,0,0,
600036.SH,600036,20251209,103703000,431500,6500,280391,35401,0,,,20170471,867644225,432700,428300,431800,431800,431500,431600,431700,431800,431900,432000,432100,432200,432300,432400,3600,13800,43900,54100,95900,115800,13500,28200,21800,27300,431300,431100,431000,430900,430800,430700,430600,430500,430400,430300,10100,8600,13469,7800,29000,1400,37000,60000,2600,5500,439620,425950,7591170,4375745,0,0,0,0,0,
600036.SH,600036,20251209,103706000,431500,3700,159650,35411,0,,,20174171,867803875,432700,428300,431800,431800,431500,431600,431700,431800,431900,432000,432100,432200,432300,432400,1000,13600,43900,54100,95900,115800,13500,28200,21800,27300,431300,431100,431000,430900,430800,430700,430600,430500,430400,430300,13200,8700,13469,7800,29000,1400,37000,60000,2600,5500,439620,425950,7589670,4378845,0,0,0,0,0,
600036.SH,600036,20251209,103709000,431600,1500,64726,35418,0,,,20175671,867868601,432700,428300,431800,431800,431600,431700,431800,431900,432000,432100,432200,432300,432400,432500,14200,43900,54100,95900,115900,13500,28200,21800,27300,72900,431400,431300,431200,431100,431000,430900,430800,430700,430600,430500,700,13200,100,8700,13169,7800,29000,1400,37000,60000,439620,425950,7590170,4378745,0,0,0,0,0,
600036.SH,600036,20251209,103712000,431600,2600,112214,35425,0,,,20178271,867980815,432700,428300,431800,431800,431600,431700,431800,431900,432000,432100,432200,432300,432400,432500,11600,43900,54100,96000,115900,13500,28200,21800,27300,72900,431400,431300,431200,431100,431000,430900,430800,430700,430600,430500,3900,13200,100,8700,13369,7800,29000,1400,37000,60000,439620,425960,7587670,4383145,0,0,0,0,0,
600036.SH,600036,20251209,103715000,431600,0,0,35425,0,,,20178271,867980815,432700,428300,431800,431800,431600,431700,431800,431900,432000,432100,432200,432300,432400,432500,13900,43900,54300,96000,115900,13500,28200,21800,27300,72900,431400,431300,431200,431100,431000,430900,430800,430700,430600,430500,3900,13300,100,8700,13369,7800,29000,1400,37000,60000,439620,425960,7590270,4383245,0,0,0,0,0,
600036.SH,600036,20251209,103718000,431500,1400,60417,35430,0,,,20179671,868041232,432700,428300,431800,431800,431500,431600,431700,431800,431900,432000,432100,432200,432300,432400,1900,23200,43900,54300,96000,130900,13500,28200,20800,27300,431400,431300,431200,431100,431000,430900,430800,430700,430600,430500,4100,7600,1600,8700,13369,7600,28500,1000,37000,60000,439590,425950,7622770,4375945,0,0,0,0,0,
600036.SH,600036,20251209,103721000,431600,18700,806885,35486,0,,,20198371,868848117,432700,428300,431800,431800,431600,431700,431800,431900,432000,432100,432200,432300,432400,432500,18900,43900,54800,95900,130900,12900,28200,20400,27300,72900,431400,431300,431200,431100,431000,430900,430800,430700,430600,430500,1400,5300,1600,8700,13369,7600,28500,1000,37000,60000,439590,425940,7617870,4371145,0,0,0,0,0,
600036.SH,600036,20251209,103724000,431500,2300,99266,35492,0,,,20200671,868947383,432700,428300,431800,431800,431600,431700,431800,431900,432000,432100,432200,432300,432400,432500,14700,43900,54800,95900,130900,12900,28200,20400,27300,72900,431500,431400,431300,431200,431100,431000,430900,430800,430700,430600,900,7900,5400,1600,8700,13369,7600,28500,1400,37000,439600,425950,7613670,4380045,0,0,0,0,0,
600036.SH,600036,20251209,103727000,431500,0,0,35492,0,,,20200671,868947383,432700,428300,431800,431800,431600,431700,431800,431900,432000,432100,432200,432300,432400,432500,14700,43900,54800,106000,130800,12900,28200,20400,27300,73400,431500,431400,431300,431200,431100,431000,430900,430800,430700,430600,2600,13100,5400,1600,8700,14069,7600,28500,1400,36400,439590,425960,7624470,4387045,0,0,0,0,0,
600036.SH,600036,20251209,103730000,431500,8400,362494,35514,0,,,20209071,869309877,432700,428300,431800,431800,431600,431700,431800,431900,432000,432100,432200,432300,432400,432500,10800,44000,54800,106500,131400,12900,28200,20400,27300,73400,431500,431400,431300,431200,431100,431000,430900,430800,430700,430600,300,9200,4200,2100,10200,14169,7600,28700,1400,36300,439590,425960,7626570,4382145,0,0,0,0,0,
600036.SH,600036,20251209,103733000,431500,1100,47475,35516,0,,,20210171,869357352,432700,428300,431800,431800,431600,431700,431800,431900,432000,432100,432200,432300,432400,432500,11100,41900,54800,106500,131400,12900,28200,20400,27300,73400,431500,431400,431300,431200,431100,431000,430900,430800,430700,430600,8900,9200,4200,2100,10200,14169,7600,28700,1400,36300,439590,425970,7630270,4391745,0,0,0,0,0,
600036.SH,600036,20251209,103736000,431500,1200,51788,35520,0,,,20211371,869409140,432700,428300,431800,431800,431600,431700,431800,431900,432000,432100,432200,432300,432400,432500,11000,42000,54800,106500,131400,12900,28600,20400,27300,73400,431500,431400,431300,431200,431100,431000,430900,430800,430700,430600,10500,9200,4200,2100,10200,14169,7600,28700,1400,36300,439590,425970,7632170,4393345,0,0,0,0,0,
600036.SH,600036,20251209,103739000,431500,4400,189902,35524,0,,,20215771,869599042,432700,428300,431800,431800,431600,431700,431800,431900,432000,432100,432200,432300,432400,432500,6800,42000,54800,106500,131400,12900,28600,21400,27300,73400,431500,431400,431300,431200,431100,431000,430900,430800,430700,430600,11600,4900,4200,2700,10200,13669,7600,27700,1400,36300,439590,425960,7629270,4389245,0,0,0,0,0,
600036.SH,600036,20251209,103742000,431600,6200,267554,35531,0,,,20221971,869866596,432700,428300,431800,431800,431600,431700,431800,431900,432000,432100,432200,432300,432400,432500,5000,42000,54800,106500,131000,12900,28600,21400,27300,73400,431500,431400,431300,431200,431100,431000,430900,430800,430700,430600,7800,4500,3600,2700,10200,13669,7600,27700,1400,36300,439590,425960,7628170,4384945,0,0,0,0,0,
600036.SH,600036,20251209,103745000,431600,2100,90635,35536,0,,,20224071,869957231,432700,428300,431800,431800,431600,431700,431800,431900,432000,432100,432200,432300,432400,432500,3900,39600,54800,106500,131000,12900,28600,21400,27300,73400,431500,431400,431300,431200,431100,431000,430900,430800,430700,430600,15800,4500,3600,2700,10200,13669,7600,27700,1400,36800,439600,425970,7628470,4393445,0,0,0,0,0,
600036.SH,600036,20251209,103748000,431600,2200,94936,35539,0,,,20226271,870052167,432700,428300,431800,431800,431600,431700,431800,431900,432000,432100,432200,432300,432400,432500,3500,39600,55800,106500,131000,12900,28600,21400,27300,73400,431500,431400,431300,431200,431100,431000,430900,430800,430700,430600,14400,4100,3600,2700,10200,13669,7600,27700,1400,36800,439600,425970,7630670,4391245,0,0,0,0,0,
600036.SH,600036,20251209,103751000,431600,2300,99268,35547,0,,,20228571,870151435,432700,428300,431800,431800,431600,431700,431800,431900,432000,432100,432200,432300,432400,432500,11100,38600,56800,106500,131000,12900,28600,21400,27300,73400,431500,431400,431300,431200,431100,431000,430900,430800,430700,430600,15600,4100,3600,2700,8700,13669,8200,27700,1400,36800,439550,425970,7680770,4391145,0,0,0,0,0,
600036.SH,600036,20251209,103754000,431500,23000,992451,35573,0,,,20251571,871143886,432700,428300,431800,431800,431500,431600,431700,431800,431900,432000,432100,432200,432300,432400,6300,11100,39400,56800,106500,131000,12900,28600,21400,27300,431400,431300,431200,431100,431000,430900,430800,430700,430600,430500,4000,3600,3100,8700,13669,8200,27700,1400,36800,59500,439540,425950,7688370,4374845,0,0,0,0,0,
600036.SH,600036,20251209,103757000,431400,2200,94929,35577,0,,,20253771,871238815,432700,428300,431800,431800,431500,431600,431700,431800,431900,432000,432100,432200,432300,432400,4200,11700,39500,57800,106400,131000,12900,28600,21400,27300,431400,431300,431200,431100,431000,430900,430800,430700,430600,430500,7300,3600,3100,8700,13669,8200,27700,1400,36800,59500,439540,425950,7687670,4377945,0,0,0,0,0,
600036.SH,600036,20251209,103800000,431400,4400,189846,35584,0,,,20258171,871428661,432700,428300,431800,431800,431500,431600,431700,431800,431900,432000,432100,432200,432300,432400,1700,11700,39500,57800,106400,131000,12900,28600,21400,27300,431400,431300,431200,431100,431000,430900,430800,430700,430600,430500,6600,4600,3100,8700,13669,8200,27700,1400,36800,59200,439550,425950,7685970,4376945,0,0,0,0,0,
600036.SH,600036,20251209,103803000,431500,5200,224344,35599,0,,,20263371,871653005,432700,428300,431800,431800,431500,431600,431700,431800,431900,432000,432100,432200,432300,432400,300,12100,39500,57900,106400,131000,12900,28600,21400,27300,431400,431300,431200,431100,431000,430900,430800,430700,430600,430500,8600,4600,3100,8700,13669,8200,27700,1400,36800,59200,439550,425950,7685070,4378945,0,0,0,0,0,
600036.SH,600036,20251209,103806000,431500,300,12944,35602,0,,,20263671,871665949,432700,428300,431800,431800,431500,431600,431700,431800,431900,432000,432100,432200,432300,432400,900,12600,39500,57900,106400,131000,12900,28600,21400,27500,431400,431300,431200,431100,431000,430900,430800,430700,430600,430500,8500,4600,3100,8700,13669,8200,27700,1400,36800,59200,439540,425950,7688370,4378945,0,0,0,0,0,
600036.SH,600036,20251209,103809000,431500,11100,478907,35636,0,,,20274771,872144856,432700,428300,431800,431800,431600,431700,431800,431900,432000,432100,432200,432300,432400,432500,13300,39500,58900,106400,131000,12900,28600,21400,27500,73400,431400,431300,431200,431100,431000,430900,430800,430700,430600,430500,2000,4600,3100,8700,13669,8200,27700,1400,36800,59200,439540,425940,7690270,4372445,0,0,0,0,0,
600036.SH,600036,20251209,103812000,431500,900,38835,35645,0,,,20275671,872183691,432700,428300,431800,431800,431500,431600,431700,431800,431900,432000,432100,432200,432300,432400,3500,14100,39400,58900,106500,131000,12900,28600,21400,27500,431400,431300,431200,431100,431000,430900,430800,430700,430600,430500,5500,4400,3100,8700,13669,8200,27700,1400,36800,59200,439540,425950,7695670,4375545,0,0,0,0,0,
600036.SH,600036,20251209,103815000,431400,900,38832,35654,0,,,20276571,872222523,432700,428300,431800,431800,431500,431600,431700,431800,431900,432000,432100,432200,432300,432400,3500,14000,39500,58900,106400,131000,12900,28600,21400,27500,431400,431300,431200,431100,431000,430900,430800,430700,430600,430500,8800,4400,3100,9100,13669,8200,27700,1400,36800,59200,439540,425950,7697470,4378745,0,0,0,0,0,
600036.SH,600036,20251209,103818000,431500,3600,155322,35664,0,,,20280171,872377845,432700,428300,431800,431800,431500,431600,431700,431800,431900,432000,432100,432200,432300,432400,14500,4500,39500,57000,106700,131000,12900,28600,21400,27500,431400,431300,431200,431100,431000,430900,430800,430700,430600,430500,11100,4400,3100,9100,13669,8200,27700,1400,36800,59200,439540,425960,7697370,4380045,0,0,0,0,0,
600036.SH,600036,20251209,103821000,431400,7200,310617,35680,0,,,20287371,872688462,432700,428300,431800,431800,431500,431600,431700,431800,431900,432000,432100,432200,432300,432400,16800,4500,39500,57000,106700,131000,12900,28600,21400,27500,431400,431300,431200,431100,431000,430900,430800,430700,430600,430500,4800,4400,3100,9100,13669,8200,27700,1400,36800,59200,439540,425950,7699670,4373645,0,0,0,0,0,
600036.SH,600036,20251209,103824000,431500,7700,332216,35699,0,,,20295071,873020678,432700,428300,431800,431800,431500,431600,431700,431800,431900,432000,432100,432200,432300,432400,31200,4500,39500,57000,106700,131000,12900,28600,21400,27500,431400,431300,431200,431100,431000,430900,430800,430700,430600,430500,5100,4400,3100,9100,13669,8200,27700,1400,36800,59200,439520,425950,7715570,4373645,0,0,0,0,0,
600036.SH,600036,20251209,103827000,431400,8900,383959,35722,0,,,20303971,873404637,432700,428300,431800,431800,431500,431600,431700,431800,431900,432000,432100,432200,432300,432400,33700,4500,39500,57000,106700,131000,12900,28600,21400,27500,431400,431300,431200,431100,431000,430900,430800,430700,430600,430500,1000,4400,3100,9100,13769,8200,27700,1400,36800,59200,439520,425940,7719570,4370545,0,0,0,0,0,
600036.SH,600036,20251209,103830000,431500,4100,176908,35729,0,,,20308071,873581545,432700,428300,431800,431800,431500,431600,431700,431800,431900,432000,432100,432200,432300,432400,32800,5000,39500,56500,106700,131000,12900,28600,21400,27500,431400,431300,431200,431100,431000,430900,430800,430700,430600,430500,5700,4400,3100,9100,13769,8200,27700,1400,36800,59200,439520,425950,7717470,4374745,0,0,0,0,0,
600036.SH,600036,20251209,103833000,431500,5200,224360,35740,0,,,20313271,873805905,432700,428300,431800,431800,431500,431600,431700,431800,431900,432000,432100,432200,432300,432400,29900,5000,39500,57500,106700,131000,12900,28600,21400,27500,431400,431300,431200,431100,431000,430900,430800,430700,430600,430500,7900,4400,3100,9500,13769,8200,27700,1400,36800,59200,439520,425950,7715070,4376445,0,0,0,0,0,
600036.SH,600036,20251209,103836000,431700,44400,1915949,35788,0,,,20357671,875721854,432700,428300,431800,431800,431700,431800,431900,432000,432100,432200,432300,432400,432500,432600,36700,57500,106700,133700,12900,28600,21400,27500,73400,63100,431400,431300,431200,431100,431000,430900,430800,430700,430600,430500,7300,3400,2200,8700,14369,8600,28300,1800,37200,59600,439570,425950,7671370,4374545,0,0,0,0,0,
600036.SH,600036,20251209,103839000,431400,6900,297870,35799,0,,,20364571,876019724,432700,428300,431800,431800,431700,431800,431900,432000,432100,432200,432300,432400,432500,432600,37600,58600,106700,133700,12900,28600,21400,27800,73400,63100,431400,431300,431200,431100,431000,430900,430800,430700,430600,430500,36000,3500,1600,8700,14869,8600,28300,1800,37200,59600,439560,425990,7674670,4402845,0,0,0,0,0,
600036.SH,600036,20251209,103842000,431700,4800,207109,35811,0,,,20369371,876226833,432700,428300,431800,431800,431700,431800,431900,432000,432100,432200,432300,432400,432500,432600,36700,58600,106200,134900,12900,28600,21800,27800,73400,63100,431400,431300,431200,431100,431000,430900,430800,430700,430600,430500,32600,3500,1600,8700,14869,8600,28300,1800,37200,59600,439560,425980,7674970,4394245,0,0,0,0,0,
600036.SH,600036,20251209,103845000,431500,3700,159681,35818,0,,,20373071,876386514,432700,428300,431800,431800,431700,431800,431900,432000,432100,432200,432300,432400,432500,432600,35600,58900,106200,134900,12900,28600,21800,27800,73400,63100,431500,431400,431300,431200,431100,431000,430900,430800,430700,430600,1500,37200,4100,2200,9300,15069,8200,27700,1800,36800,439560,425990,7674270,4400645,0,0,0,0,0,
600036.SH,600036,20251209,103848000,431700,1900,82013,35822,0,,,20374971,876468527,432700,428300,431800,431800,431700,431800,431900,432000,432100,432200,432300,432400,432500,432600,36000,58800,106500,135100,12900,28600,21800,27900,73400,63100,431600,431500,431400,431300,431200,431100,431000,430900,430800,430700,10800,24400,37300,4500,2200,9300,15469,7800,27700,1800,439560,426030,7676370,4434245,0,0,0,0,0,
600036.SH,600036,20251209,103851000,431900,119000,5138173,35983,0,,,20493971,881606700,432700,428300,431800,431800,431900,432000,432100,432200,432300,432400,432500,432600,432700,432800,85700,135200,12900,28600,21800,27900,73400,63100,46900,178700,431800,431700,431600,431500,431400,431300,431200,431100,431000,430900,4800,13600,14000,26200,37300,4400,1600,8700,14069,5200,439680,426020,7561570,4424045,0,0,0,0,0,
600036.SH,600036,20251209,103854000,431800,10700,462082,36018,0,,,20504671,882068782,432700,428300,431800,431800,431900,432000,432100,432200,432300,432400,432500,432600,432700,432800,81300,133900,12900,28500,21800,27900,73400,63100,46900,178700,431800,431700,431600,431500,431400,431300,431200,431100,431000,430900,8600,13500,12100,26300,31500,4400,1600,8000,14069,5200,439690,426000,7555770,4398745,0,0,0,0,0,
600036.SH,600036,20251209,103857000,431900,4300,185685,36023,0,,,20508971,882254467,432700,428300,431800,431800,431900,432000,432100,432200,432300,432400,432500,432600,432700,432800,83500,133500,12900,28100,21900,27900,73500,63100,46900,178700,431800,431700,431600,431500,431400,431300,431200,431100,431000,430900,10500,13500,12100,25100,30300,4000,1600,8000,14069,5200,439680,425990,7558670,4396845,0,0,0,0,0,
600036.SH,600036,20251209,103900000,431800,22800,984493,36080,0,,,20531771,883238960,432700,428300,431800,431800,431800,431900,432000,432100,432200,432300,432400,432500,432600,432700,300,87300,131600,12900,28100,21900,27900,73400,63100,46900,431700,431600,431500,431400,431300,431200,431100,431000,430900,430800,100,11500,24100,30300,4000,1600,8000,14069,5200,7600,439680,425960,7560370,4371345,0,0,0,0,0,
600036.SH,600036,20251209,103903000,431700,15300,660438,36118,0,,,20547071,883899398,432700,428300,431800,431800,431700,431800,431900,432000,432100,432200,432300,432400,432500,432600,5000,15000,87600,131200,12900,28100,21900,27600,73400,63100,431500,431400,431300,431200,431100,431000,430900,430800,430700,430600,22400,30300,4000,1600,8000,14069,5200,7600,1100,9000,439660,425940,7579670,4357145,0,0,0,0,0,
600036.SH,600036,20251209,103906000,431700,6400,276270,36126,0,,,20553471,884175668,432700,428300,431800,431800,431700,431800,431900,432000,432100,432200,432300,432400,432500,432600,800,16500,87800,131000,12900,27700,21500,27600,73400,63100,431500,431400,431300,431200,431100,431000,430900,430800,430700,430600,22900,30500,3500,1600,8000,14069,5200,7600,1100,9500,439660,425940,7576570,4357845,0,0,0,0,0,
600036.SH,600036,20251209,103909000,431700,4100,176979,36138,0,,,20557571,884352647,432700,428300,431800,431800,431700,431800,431900,432000,432100,432200,432300,432400,432500,432600,1400,21200,89200,131000,12900,27700,21500,27600,73400,63100,431600,431500,431400,431300,431200,431100,431000,430900,430800,430700,900,25100,30500,4000,1600,8000,14069,5200,7600,1100,439660,425950,7583270,4359345,0,0,0,0,0,
600036.SH,600036,20251209,103912000,431700,4000,172679,36150,0,,,20561571,884525326,432700,428300,431800,431800,431700,431800,431900,432000,432100,432200,432300,432400,432500,432600,6000,19100,90900,132100,12900,27700,21500,27600,73400,63100,431600,431500,431400,431300,431200,431100,431000,430900,430800,430700,1100,25700,30500,4400,2100,8000,14569,4600,7600,1100,439650,425950,7588970,4360345,0,0,0,0,0,
600036.SH,600036,20251209,103915000,431600,9200,397163,36165,0,,,20570771,884922489,432700,428300,431800,431800,431700,431800,431900,432000,432100,432200,432300,432400,432500,432600,1200,15300,89800,131100,12900,28200,21500,27600,73400,63100,431600,431500,431400,431300,431200,431100,431000,430900,430800,430700,3100,22400,30500,4400,2100,8000,14569,4600,7600,1100,439660,425950,7582570,4357045,0,0,0,0,0,
600036.SH,600036,20251209,103918000,431700,500,21585,36166,0,,,20571271,884944074,432700,428300,431800,431800,431700,431800,431900,432000,432100,432200,432300,432400,432500,432600,1200,17500,87000,131100,12900,29000,21400,27600,73400,63100,431600,431500,431400,431300,431200,431100,431000,430900,430800,430700,6200,22400,30500,4400,2100,8000,14569,4600,7600,1100,439660,425950,7579970,4359945,0,0,0,0,0,
600036.SH,600036,20251209,103921000,431700,7100,306468,36180,0,,,20578371,885250542,432700,428300,431800,431800,431700,431800,431900,432000,432100,432200,432300,432400,432500,432600,100,18100,87000,131100,12900,29100,21400,27600,73400,63100,431600,431500,431400,431300,431200,431100,431000,430900,430800,430700,19100,22500,30500,4400,2100,8000,14569,4600,7600,1100,439660,425970,7579370,4372845,0,0,0,0,0,
600036.SH,600036,20251209,103924000,431600,2100,90664,36187,0,,,20580471,885341206,432700,428300,431800,431800,431700,431800,431900,432000,432100,432200,432300,432400,432500,432600,9100,17400,86500,130900,12900,29100,23400,27700,73400,63100,431600,431500,431400,431300,431200,431100,431000,430900,430800,430700,19100,22500,30500,4400,2100,8000,14569,4600,7600,1100,439650,425960,7588270,4367045,0,0,0,0,0,
600036.SH,600036,20251209,103927000,431600,0,0,36187,0,,,20580471,885341206,432700,428300,431800,431800,431700,431800,431900,432000,432100,432200,432300,432400,432500,432600,11600,17400,86500,131400,12900,29100,23400,27700,75500,63100,431600,431500,431400,431300,431200,431100,431000,430900,430800,430700,22200,22500,30500,6100,2100,8000,14569,4600,8600,1100,439650,425970,7594870,4373345,0,0,0,0,0,
600036.SH,600036,20251209,103930000,431700,3800,164045,36190,0,,,20584271,885505251,432700,428300,431800,431800,431700,431800,431900,432000,432100,432200,432300,432400,432500,432600,8500,17300,86500,131400,12900,29100,23400,27700,75500,63100,431600,431500,431400,431300,431200,431100,431000,430900,430800,430700,23300,22500,30500,6100,2100,8000,14569,4600,8600,1100,439650,425970,7592170,4375545,0,0,0,0,0,
600036.SH,600036,20251209,103933000,431700,700,30217,36192,0,,,20584971,885535468,432700,428300,431800,431800,431700,431800,431900,432000,432100,432200,432300,432400,432500,432600,8300,17500,86500,134400,12900,29100,23900,27700,75100,63100,431600,431500,431400,431300,431200,431100,431000,430900,430800,430700,25000,22500,30500,6100,2100,8000,14569,4600,8600,1100,439650,425970,7595270,4376745,0,0,0,0,0,
600036.SH,600036,20251209,103936000,431700,2300,99288,36195,0,,,20587271,885634756,432700,428300,431800,431800,431700,431800,431900,432000,432100,432200,432300,432400,432500,432600,14600,10700,86600,135300,12900,29100,23900,27700,75100,63100,431600,431500,431400,431300,431200,431100,431000,430900,430800,430700,26300,22500,30500,6600,2100,8000,14569,4600,8600,1100,439650,425980,7597070,4378745,0,0,0,0,0,
600036.SH,600036,20251209,103939000,431600,800,34535,36197,0,,,20588071,885669291,432700,428300,431800,431800,431700,431800,431900,432000,432100,432200,432300,432400,432500,432600,14000,10600,86600,137500,12900,29100,23900,27700,75100,63100,431600,431500,431400,431300,431200,431100,431000,430900,430800,430700,31200,22500,30400,6600,2100,8000,14569,4600,8100,1100,439640,425980,7598570,4382945,0,0,0,0,0,
600036.SH,600036,20251209,103942000,431700,6100,263296,36208,0,,,20594171,885932587,432700,428300,431800,431800,431700,431800,431900,432000,432100,432200,432300,432400,432500,432600,12000,10600,86600,137500,13900,29100,23900,27700,75100,63100,431600,431500,431400,431300,431200,431100,431000,430900,430800,430700,38600,22500,30400,6600,2100,8000,14569,4600,8100,1100,439650,425990,7597870,4391045,0,0,0,0,0,
600036.SH,600036,20251209,103945000,431700,5000,215847,36221,0,,,20599171,886148434,432700,428300,431800,431800,431700,431800,431900,432000,432100,432200,432300,432400,432500,432600,8000,10700,86600,137500,13900,29100,23900,27700,75100,63100,431600,431500,431400,431300,431200,431100,431000,430900,430800,430700,40300,22500,30400,6600,2100,8000,14569,4600,8100,1100,439650,425990,7596970,4392045,0,0,0,0,0,
600036.SH,600036,20251209,103948000,431700,5300,228795,36230,0,,,20604471,886377229,432700,428300,431800,431800,431700,431800,431900,432000,432100,432200,432300,432400,432500,432600,3800,11000,87200,138300,13900,29100,23900,27700,75100,63100,431600,431500,431400,431300,431200,431100,431000,430900,430800,430700,40600,22800,30400,6600,2100,8000,14569,4600,8100,1100,439650,425990,7595170,4393145,0,0,0,0,0,
600036.SH,600036,20251209,103951000,431900,16400,708121,36291,0,,,20620871,887085350,432700,428300,431800,431800,431900,432000,432100,432200,432300,432400,432500,432600,432700,432800,86800,138300,13900,29100,23900,27700,75100,63100,48200,181600,431800,431700,431600,431500,431400,431300,431200,431100,431000,430900,3000,2500,41200,22800,30200,6600,2100,8000,14569,4600,439660,426000,7585070,4400145,0,0,0,0,0,
600036.SH,600036,20251209,103954000,431800,8500,367059,36307,0,,,20629371,887452409,432700,428300,431800,431800,431900,432000,432100,432200,432300,432400,432500,432600,432700,432800,84300,138300,15900,29100,23900,27700,75600,63100,48200,181600,431800,431700,431600,431500,431400,431300,431200,431100,431000,430900,2100,3200,41100,23000,30300,6200,2100,8400,14469,4600,439660,425980,7585470,4379745,0,0,0,0,0,
600036.SH,600036,20251209,103957000,431700,5100,220237,36315,0,,,20634471,887672646,432700,428300,431800,431800,431800,431900,432000,432100,432200,432300,432400,432500,432600,432700,2000,81800,138200,15900,29100,23900,27700,75600,63100,48200,431700,431600,431500,431400,431300,431200,431100,431000,430900,430800,600,36000,22600,30300,5200,2100,8400,14469,4600,8100,439660,425970,7585270,4368045,0,0,0,0,0,
600036.SH,600036,20251209,104000000,431900,84900,3666805,36454,0,,,20719371,891339451,432700,428300,431800,431800,431900,432000,432100,432200,432300,432400,432500,432600,432700,432800,200,138300,15900,29100,23900,27700,75600,63100,48200,181600,431800,431700,431600,431500,431400,431300,431200,431100,431000,430900,23000,13400,29000,22600,30300,5200,2100,8400,14469,4600,439740,426010,7510470,4397245,0,0,0,0,0,
600036.SH,600036,20251209,104003000,432000,33200,1434200,36483,0,,,20752571,892773651,432700,428300,431800,431800,432000,432100,432200,432300,432400,432500,432600,432700,432800,432900,106500,16000,29100,23800,27700,75600,63100,48200,181600,63500,431900,431800,431700,431600,431500,431400,431300,431200,431100,431000,31400,23800,8000,24800,23700,30300,5200,1600,8400,7500,439770,426030,7480370,4410076,0,0,0,0,0,
600036.SH,600036,20251209,104006000,432000,10800,466462,36498,0,,,20763371,893240113,432700,428300,431800,431800,432000,432100,432200,432300,432400,432500,432600,432700,432800,432900,106600,16000,29100,23800,27700,75700,63100,48200,181600,63500,431900,431800,431700,431600,431500,431400,431300,431200,431100,431000,18000,21800,3200,24800,24600,30300,3200,1600,8400,7500,439770,426000,7480570,4388676,0,0,0,0,0,
600036.SH,600036,20251209,104009000,431900,2900,125252,36507,0,,,20766271,893365365,432700,428300,431800,431800,432000,432100,432200,432300,432400,432500,432600,432700,432800,432900,110100,16000,29100,23900,27700,75700,63100,48800,181600,63500,431900,431800,431700,431600,431500,431400,431300,431200,431100,431000,18100,16500,2800,24800,24600,30300,3200,1600,8400,7500,439760,425990,7498570,4383576,0,0,0,0,0,
600036.SH,600036,20251209,104012000,432000,12900,557275,36539,0,,,20779171,893922640,432700,428300,431800,431800,432000,432100,432200,432300,432400,432500,432600,432700,432800,432900,100300,16000,29100,24200,27700,75700,63100,48800,181600,63500,431900,431800,431700,431600,431500,431400,431300,431200,431100,431000,23900,16500,7100,24800,24600,30300,3200,1600,8400,8500,439770,426010,7488870,4394476,0,0,0,0,0,
600036.SH,600036,20251209,104015000,431900,200,8638,36541,0,,,20779371,893931278,432700,428300,431800,431800,432000,432100,432200,432300,432400,432500,432600,432700,432800,432900,102000,16000,29100,24200,27700,75700,63100,48800,181600,63500,431900,431800,431700,431600,431500,431400,431300,431200,431100,431000,20300,16500,7100,24800,24600,30300,3200,1600,8400,8500,439770,426000,7490670,4391976,0,0,0,0,0,
600036.SH,600036,20251209,104018000,431900,8200,354224,36568,0,,,20787571,894285502,432700,428300,431800,431800,432000,432100,432200,432300,432400,432500,432600,432700,432800,432900,95400,16000,29100,24200,28200,76400,63100,48800,181600,63500,431900,431800,431700,431600,431500,431400,431300,431200,431100,431000,24800,16500,7000,24700,24600,30300,3200,1600,8400,8700,439780,426020,7482970,4407576,0,0,0,0,0,
600036.SH,600036,20251209,104021000,431700,51400,2219737,36614,0,,,20838971,896505239,432700,428300,431800,431800,431900,432000,432100,432200,432300,432400,432500,432600,432700,432800,400,98600,16000,29400,24500,108200,76700,63100,48800,181600,431700,431600,431500,431400,431300,431200,431100,431000,430900,430800,2100,23900,25600,30200,3200,1600,8400,8700,1300,8200,439690,425960,7567470,4361576,0,0,0,0,0,
600036.SH,600036,20251209,104024000,431700,2100,90686,36625,0,,,20841071,896595925,432700,428300,431800,431800,431800,431900,432000,432100,432200,432300,432400,432500,432600,432700,3900,11600,98200,17000,31700,24500,108200,76600,63100,48800,431700,431600,431500,431400,431300,431200,431100,431000,430900,430800,3200,23900,25500,30200,3200,1600,8400,8700,1300,8200,439670,425960,7598070,4357676,0,0,0,0,0,
600036.SH,600036,20251209,104027000,431700,2600,112254,36633,0,,,20843671,896708179,432700,428300,431800,431800,431800,431900,432000,432100,432200,432300,432400,432500,432600,432700,3600,11400,99300,17000,31700,27100,108300,76600,63100,49800,431700,431600,431500,431400,431300,431200,431100,431000,430900,430800,2000,23900,25500,30200,3300,1600,8400,8700,1300,8100,439670,425960,7603670,4354476,0,0,0,0,0,
600036.SH,600036,20251209,104030000,431800,3100,133855,36649,0,,,20846771,896842034,432700,428300,431800,431800,431800,431900,432000,432100,432200,432300,432400,432500,432600,432700,1200,12900,100300,17000,31700,27600,108300,77900,63100,50100,431700,431600,431500,431400,431300,431200,431100,431000,430900,430800,9900,23900,25500,30200,3300,1600,8400,8700,1300,8100,439670,425970,7608770,4361376,0,0,0,0,0,
600036.SH,600036,20251209,104033000,431700,3500,151133,36666,0,,,20850271,896993167,432700,428300,431800,431800,431800,431900,432000,432100,432200,432300,432400,432500,432600,432700,1200,11700,100400,17000,32300,27600,108300,78900,63100,50100,431700,431600,431500,431400,431300,431200,431100,431000,430900,430800,17100,23900,24500,30200,2300,1600,8400,8700,1300,8100,439660,425970,7611070,4366276,0,0,0,0,0,
600036.SH,600036,20251209,104036000,431800,6300,271990,36677,0,,,20856571,897265157,432700,428300,431800,431800,431900,432000,432100,432200,432300,432400,432500,432600,432700,432800,8100,102100,17000,32300,27600,108300,78900,63100,50100,181600,431800,431700,431600,431500,431400,431300,431200,431100,431000,430900,2600,13000,23900,24500,30200,2300,1600,8400,8700,1300,439670,425970,7609770,4365376,0,0,0,0,0,
600036.SH,600036,20251209,104039000,431800,200,8636,36678,0,,,20856771,897273793,432700,428300,431800,431800,431900,432000,432100,432200,432300,432400,432500,432600,432700,432800,10100,101900,17000,32300,27600,108300,79000,63100,50100,181600,431800,431700,431600,431500,431400,431300,431200,431100,431000,430900,5100,12900,24200,24600,30200,2300,1600,8400,8700,1300,439660,425980,7611970,4367876,0,0,0,0,0,
600036.SH,600036,20251209,104042000,431800,3700,159766,36683,0,,,20860471,897433559,432700,428300,431800,431800,431900,432000,432100,432200,432300,432400,432500,432600,432700,432800,21100,96600,17000,32300,27600,108300,78600,63100,50100,181600,431800,431700,431600,431500,431400,431300,431200,431100,431000,430900,8200,11800,24200,24600,30200,2300,1600,8400,8700,1300,439660,425980,7617370,4370876,0,0,0,0,0,
600036.SH,600036,20251209,104045000,431800,300,12955,36686,0,,,20860771,897446514,432700,428300,431800,431800,431900,432000,432100,432200,432300,432400,432500,432600,432700,432800,21100,96600,17000,32300,28100,108300,78600,63100,50100,181600,431800,431700,431600,431500,431400,431300,431200,431100,431000,430900,8000,11000,24200,24600,30200,2300,1600,10500,8700,1300,439660,425980,7617870,4370976,0,0,0,0,0,
600036.SH,600036,20251209,104048000,431800,1300,56142,36690,0,,,20862071,897502656,432700,428300,431800,431800,431900,432000,432100,432200,432300,432400,432500,432600,432700,432800,20800,97600,17000,32300,28100,108300,78800,63100,50100,181600,431800,431700,431600,431500,431400,431300,431200,431100,431000,430900,18300,10300,24500,25200,30200,2300,1600,10500,8800,1300,439660,426000,7621470,4381576,0,0,0,0,0,
600036.SH,600036,20251209,104051000,431800,700,30228,36693,0,,,20862771,897532884,432700,428300,431800,431800,431900,432000,432100,432200,432300,432400,432500,432600,432700,432800,21200,97600,17000,32300,28100,108300,78800,63100,50100,181600,431800,431700,431600,431500,431400,431300,431200,431100,431000,430900,47600,10500,24500,25200,30200,2300,1600,10500,8800,1300,439650,426040,7624970,4410776,0,0,0,0,0,
600036.SH,600036,20251209,104054000,431900,21800,941547,36720,0,,,20884571,898474431,432700,428300,431800,431800,432000,432100,432200,432300,432400,432500,432600,432700,432800,432900,98100,17000,32300,28100,108300,79100,63100,50100,181800,63100,431900,431800,431700,431600,431500,431400,431300,431200,431100,431000,36500,50500,11200,24200,7200,30200,2300,1600,10800,8800,439680,426070,7599170,4432876,0,0,0,0,0,
600036.SH,600036,20251209,104057000,432000,6700,289439,36730,0,,,20891271,898763870,432700,428300,431800,431800,432000,432100,432200,432300,432400,432500,432600,432700,432800,432900,91800,17000,32100,28100,108300,79100,63100,50100,181800,63100,431900,431800,431700,431600,431500,431400,431300,431200,431100,431000,40600,48400,11200,23700,7200,30200,2300,1600,10800,9000,439680,426070,7593270,4434176,0,0,0,0,0,
600036.SH,600036,20251209,104100000,432000,6700,289440,36736,0,,,20897971,899053310,432700,428300,431800,431800,432000,432100,432200,432300,432400,432500,432600,432700,432800,432900,93000,17000,32400,28100,108300,79100,63100,50100,181800,63100,431900,431800,431700,431600,431500,431400,431300,431200,431100,431000,47100,38800,11700,23700,6600,30200,2300,1600,10800,9000,439680,426060,7594970,4430776,0,0,0,0,0,
600036.SH,600036,20251209,104103000,432000,22800,984765,36781,0,,,20920771,900038075,432700,428300,431800,431800,432000,432100,432200,432300,432400,432500,432600,432700,432800,432900,90800,17300,32400,30700,108300,79100,63100,50100,181800,63100,431900,431800,431700,431600,431500,431400,431300,431200,431100,431000,30600,38800,11400,23700,6600,30200,2300,1600,10800,9000,439680,426040,7597770,4414276,0,0,0,0,0,
600036.SH,600036,20251209,104106000,432000,3600,155515,36790,0,,,20924371,900193590,432700,428300,431800,431800,432000,432100,432200,432300,432400,432500,432600,432700,432800,432900,93300,17300,32400,30700,108300,79100,63100,50100,180800,63400,431900,431800,431700,431600,431500,431400,431300,431200,431100,431000,52800,38800,11400,23700,9600,30200,2300,1600,10800,9000,439680,426080,7599570,4440476,0,0,0,0,0,
600036.SH,600036,20251209,104109000,432000,4100,177118,36802,0,,,20928471,900370708,432700,428300,431800,431800,432000,432100,432200,432300,432400,432500,432600,432700,432800,432900,91000,17300,32400,30700,108300,79100,63100,50100,180800,63400,431900,431800,431700,431600,431500,431400,431300,431200,431100,431000,54900,39000,11400,23700,9600,30200,2300,1600,10800,9000,439680,426080,7597870,4440676,0,0,0,0,0,
600036.SH,600036,20251209,104112000,431900,6800,293725,36816,0,,,20935271,900664433,432700,428300,431800,431800,432000,432100,432200,432300,432400,432500,432600,432700,432800,432900,87700,16800,32400,31300,108600,79300,63100,50100,180800,63400,431900,431800,431700,431600,431500,431400,431300,431200,431100,431000,52200,39000,11400,23700,9600,30200,2300,1600,10800,9000,439680,426080,7597770,4437576,0,0,0,0,0,
600036.SH,600036,20251209,104115000,431900,5100,220298,36830,0,,,20940371,900884731,432700,428300,431800,431800,432000,432100,432200,432300,432400,432500,432600,432700,432800,432900,84900,15800,32400,31800,108600,80300,63700,50100,180800,63400,431900,431800,431700,431600,431500,431400,431300,431200,431100,431000,50000,39000,11700,24300,9600,30200,2300,1600,10800,9000,439680,426080,7596670,4436876,0,0,0,0,0,
600036.SH,600036,20251209,104118000,431900,3100,133914,36836,0,,,20943471,901018645,432700,428300,431800,431800,432000,432100,432200,432300,432400,432500,432600,432700,432800,432900,83000,17100,32400,31900,108600,80300,63700,50100,184800,63400,431900,431800,431700,431600,431500,431400,431300,431200,431100,431000,47700,39000,11700,24300,9600,30200,2300,1600,10800,9000,439680,426070,7603870,4434476,0,0,0,0,0,
600036.SH,600036,20251209,104121000,431900,12000,518363,36852,0,,,20955471,901537008,432700,428300,431800,431800,432000,432100,432200,432300,432400,432500,432600,432700,432800,432900,75400,17100,27700,32000,108600,80300,63700,50100,184800,63400,431900,431800,431700,431600,431500,431400,431300,431200,431100,431000,41300,39000,11700,24300,8600,30200,2300,1600,10800,9000,439690,426060,7591970,4426476,0,0,0,0,0,
600036.SH,600036,20251209,104124000,431900,8700,375832,36859,0,,,20964171,901912840,432700,428300,431800,431800,432000,432100,432200,432300,432400,432500,432600,432700,432800,432900,66400,17100,27700,32000,108500,80300,63700,50700,184800,63400,431900,431800,431700,431600,431500,431400,431300,431200,431100,431000,41700,39000,11700,24300,8600,30200,2300,1600,10800,9000,439700,426060,7584270,4423476,0,0,0,0,0,
600036.SH,600036,20251209,104127000,432000,2600,112320,36860,0,,,20966771,902025160,432700,428300,431800,431800,432000,432100,432200,432300,432400,432500,432600,432700,432800,432900,64800,16100,27700,32100,108500,80300,63700,50700,184800,63400,431900,431800,431700,431600,431500,431400,431300,431200,431100,431000,41700,39000,11700,24300,8600,30200,2300,1600,10800,9000,439700,426060,7583470,4422776,0,0,0,0,0,
600036.SH,600036,20251209,104130000,431900,17400,751516,36897,0,,,20984171,902776676,432700,428300,431800,431800,432000,432100,432200,432300,432400,432500,432600,432700,432800,432900,64500,16100,27700,32100,108500,80300,63700,50900,184800,63400,431900,431800,431700,431600,431500,431400,431300,431200,431100,431000,26700,39500,11700,24300,8600,30200,2300,1600,10800,9000,439700,426040,7593770,4410576,0,0,0,0,0,
600036.SH,600036,20251209,104133000,432000,5000,215999,36902,0,,,20989171,902992675,432700,428300,431800,431800,432000,432100,432200,432300,432400,432500,432600,432700,432800,432900,59600,16100,27700,32100,108500,80300,63700,50900,184700,63400,431900,431800,431700,431600,431500,431400,431300,431200,431100,431000,24700,40000,11700,24300,8600,30200,2300,1600,10800,9000,439710,426040,7589370,4408276,0,0,0,0,0,
600036.SH,600036,20251209,104136000,431900,6900,298078,36909,0,,,20996071,903290753,432700,428300,431800,431800,432000,432100,432200,432300,432400,432500,432600,432700,432800,432900,53900,16100,27700,32100,113200,80300,63700,50900,184700,63400,431900,431800,431700,431600,431500,431400,431300,431200,431100,431000,18500,40000,11700,24300,8600,30200,2300,1600,10800,9000,439710,426030,7597470,4401076,0,0,0,0,0,
600036.SH,600036,20251209,104139000,432000,29300,1265457,36954,0,,,21025371,904556210,432700,428300,431800,431800,432000,432100,432200,432300,432400,432500,432600,432700,432800,432900,75400,16600,27700,32100,113200,80300,63700,50900,184700,63400,431900,431800,431700,431600,431500,431400,431300,431200,431100,431000,200,36600,11700,24300,8600,30200,2300,1600,10800,9000,439690,426000,7620070,4379076,0,0,0,0,0,
600036.SH,600036,20251209,104142000,431900,8300,358434,36971,0,,,21033671,904914644,432700,428300,431800,431800,431900,432000,432100,432200,432300,432400,432500,432600,432700,432800,3800,76800,16600,27700,32100,113200,81800,63700,49900,184700,431800,431700,431600,431500,431400,431300,431200,431100,431000,430900,4100,11700,24300,8600,30200,2300,1600,10800,9000,1300,439680,425960,7626670,4346476,0,0,0,0,0,
600036.SH,600036,20251209,104145000,431900,2700,116612,36979,0,,,21036371,905031256,432700,428300,431800,431800,431900,432000,432100,432200,432300,432400,432500,432600,432700,432800,1500,72900,16600,28700,32100,113200,82000,63700,49900,184700,431800,431700,431600,431500,431400,431300,431200,431100,431000,430900,6700,11700,24300,9000,30200,2300,1600,10800,9000,1300,439690,425960,7620370,4351576,0,0,0,0,0,
600036.SH,600036,20251209,104148000,431900,2300,99337,36985,0,,,21038671,905130593,432700,428300,431800,431800,431900,432000,432100,432200,432300,432400,432500,432600,432700,432800,10600,65200,16600,28700,32100,113200,83600,63700,49900,184700,431800,431700,431600,431500,431400,431300,431200,431100,431000,430900,8000,11800,24300,9000,30200,2300,1600,10800,9000,1300,439680,425970,7624570,4353276,0,0,0,0,0,
600036.SH,600036,20251209,104151000,431900,2200,95010,36990,0,,,21040871,905225603,432700,428300,431800,431800,431900,432000,432100,432200,432300,432400,432500,432600,432700,432800,25300,65700,17600,28700,34400,113700,83600,63700,49900,184700,431800,431700,431600,431500,431400,431300,431200,431100,431000,430900,7300,11800,24300,9000,30200,2300,1600,10800,9000,1300,439660,425970,7652170,4352276,0,0,0,0,0,
600036.SH,600036,20251209,104154000,431900,0,0,36990,0,,,21040871,905225603,432700,428300,431800,431800,431900,432000,432100,432200,432300,432400,432500,432600,432700,432800,25300,43300,17600,28700,34400,113700,83600,63700,48900,184700,431800,431700,431600,431500,431400,431300,431200,431100,431000,430900,9700,11800,24300,9000,30200,2300,1600,10800,9000,1300,439680,425970,7629570,4355176,0,0,0,0,0,
600036.SH,600036,20251209,104157000,431800,100,4318,36991,0,,,21040971,905229921,432700,428300,431800,431800,431900,432000,432100,432200,432300,432400,432500,432600,432700,432800,49100,43400,17600,28700,32100,113700,83600,63700,48900,185700,431800,431700,431600,431500,431400,431300,431200,431100,431000,430900,12000,11800,24300,9100,30200,2200,1600,10800,9000,1300,439660,425970,7656770,4355476,0,0,0,0,0,
600036.SH,600036,20251209,104200000,431800,1300,56136,36999,0,,,21042271,905286057,432700,428300,431800,431800,431900,432000,432100,432200,432300,432400,432500,432600,432700,432800,49400,46300,17600,28400,32500,113700,86600,63700,48900,185700,431800,431700,431600,431500,431400,431300,431200,431100,431000,430900,11400,11800,24300,9100,30200,2200,1600,10800,9000,1300,439650,425970,7663370,4354576,0,0,0,0,0,
600036.SH,600036,20251209,104203000,431900,7700,332520,37013,0,,,21049971,905618577,432700,428300,431800,431800,431900,432000,432100,432200,432300,432400,432500,432600,432700,432800,46100,46300,17300,28400,32600,113700,86600,63700,48900,186700,431800,431700,431600,431500,431400,431300,431200,431100,431000,430900,11800,11600,24300,9100,30200,2200,1600,10800,9000,1300,439650,425970,7661770,4354876,0,0,0,0,0,
600036.SH,600036,20251209,104206000,431900,900,38869,37019,0,,,21050871,905657446,432700,428300,431800,431800,431900,432000,432100,432200,432300,432400,432500,432600,432700,432800,46900,46800,17300,28400,35900,113700,86600,63700,48900,186700,431800,431700,431600,431500,431400,431300,431200,431100,431000,430900,11800,11600,24300,9100,30200,2200,1600,10800,9000,1300,439650,425970,7667370,4354276,0,0,0,0,0,
600036.SH,600036,20251209,104209000,431900,3900,168440,37028,0,,,21054771,905825886,432700,428300,431800,431800,431900,432000,432100,432200,432300,432400,432500,432600,432700,432800,46300,46800,17300,28700,35900,113700,84600,63700,48900,186700,431800,431700,431600,431500,431400,431300,431200,431100,431000,430900,13600,11800,24300,9500,30200,2200,1600,10800,9000,1300,439650,425970,7666470,4356276,0,0,0,0,0,
600036.SH,600036,20251209,104212000,431800,1900,82058,37038,0,,,21056671,905907944,432700,428300,431800,431800,431900,432000,432100,432200,432300,432400,432500,432600,432700,432800,46800,46800,17200,28700,35900,113700,84600,63700,47900,186700,431800,431700,431600,431500,431400,431300,431200,431100,431000,430900,15800,11800,24300,9500,30200,2200,1600,10800,9000,1300,439650,425980,7669370,4357276,0,0,0,0,0,
600036.SH,600036,20251209,104215000,431900,1700,73419,37042,0,,,21058371,905981363,432700,428300,431800,431800,431900,432000,432100,432200,432300,432400,432500,432600,432700,432800,45600,46800,17400,28700,35900,113700,84800,63700,47900,186700,431800,431700,431600,431500,431400,431300,431200,431100,431000,430900,15700,11800,24300,9500,30200,2200,1600,11800,8900,1300,439650,425980,7671370,4358076,0,0,0,0,0,
600036.SH,600036,20251209,104218000,431900,400,17275,37045,0,,,21058771,905998638,432700,428300,431800,431800,431900,432000,432100,432200,432300,432400,432500,432600,432700,432800,46300,46900,17400,28700,35900,113700,84800,63700,47900,187700,431800,431700,431600,431500,431400,431300,431200,431100,431000,430900,51700,11800,24300,9500,30200,2500,1600,11800,8900,1300,439640,426030,7673970,4396176,0,0,0,0,0,
600036.SH,600036,20251209,104221000,432000,53300,2302019,37094,0,,,21112071,908300657,432700,428300,431800,431800,432000,432100,432200,432300,432400,432500,432600,432700,432800,432900,45000,17400,28700,37900,113700,84800,63700,47900,187700,63500,431800,431700,431600,431500,431400,431300,431200,431100,431000,430900,48400,11800,24300,9200,30200,2500,1600,11800,8900,1300,439690,426020,7629670,4393576,0,0,0,0,0,
600036.SH,600036,20251209,104224000,432000,52900,2285256,37260,0,,,21164971,910585913,432700,428300,431800,431800,432000,432100,432200,432300,432400,432500,432600,432700,432800,432900,6000,17400,28700,37900,113700,84800,63700,47900,187700,63500,431900,431800,431700,431600,431500,431400,431300,431200,431100,431000,4900,54800,12700,24300,8400,30200,2500,1600,11800,8900,439730,426040,7589170,4406776,0,0,0,0,0,
600036.SH,600036,20251209,104227000,432000,7500,323995,37275,0,,,21172471,910909908,432700,428300,431800,431800,432100,432200,432300,432400,432500,432600,432700,432800,432900,433000,19100,29000,38000,113700,84800,63700,47900,187700,63500,101700,432000,431900,431800,431700,431600,431500,431400,431300,431200,431100,10300,16300,54300,12800,24300,8300,30200,2500,1600,11800,439740,426070,7586070,4428076,0,0,0,0,0,
600036.SH,600036,20251209,104230000,432100,6900,298129,37292,0,,,21179371,911208037,432700,428300,431800,431800,432100,432200,432300,432400,432500,432600,432700,432800,432900,433000,51100,29000,38000,113700,84800,63700,47900,187700,63500,101800,432000,431900,431800,431700,431600,431500,431400,431300,431200,431100,61600,15000,54800,12400,23700,8400,26900,2500,1600,11800,439700,426130,7618970,4474276,0,0,0,0,0,
600036.SH,600036,20251209,104233000,432100,68400,2954942,37424,0,,,21247771,914162979,432700,428300,431800,431800,432100,432200,432300,432400,432500,432600,432700,432800,432900,433000,48100,29000,78900,113800,84800,63700,47900,187700,63500,101800,432000,431900,431800,431700,431600,431500,431400,431300,431200,431100,4300,15000,39800,11700,23700,8400,26900,2500,1600,11800,439670,426030,7657270,4400976,0,0,0,0,0,
600036.SH,600036,20251209,104236000,432000,8600,371546,37440,0,,,21256371,914534525,432700,428300,431800,431800,432100,432200,432300,432400,432500,432600,432700,432800,432900,433000,45700,29000,82000,113600,84800,63700,47900,187700,63500,101900,432000,431900,431800,431700,431600,431500,431400,431300,431200,431100,2900,11800,39800,11700,23700,8400,26900,2500,1600,11800,439670,426030,7659170,4397176,0,0,0,0,0,
600036.SH,600036,20251209,104239000,432000,24700,1067119,37471,0,,,21281071,915601644,432700,428300,431800,431800,432000,432100,432200,432300,432400,432500,432600,432700,432800,432900,8800,37800,29200,82200,113600,84800,63700,47900,187700,68500,431900,431800,431700,431600,431500,431400,431300,431200,431100,431000,11200,3500,11700,24100,8400,26900,2500,1600,14000,8900,439660,425980,7665470,4359476,0,0,0,0,0,
600036.SH,600036,20251209,104242000,432000,8300,358502,37496,0,,,21289371,915960146,432700,428300,431800,431800,432000,432100,432200,432300,432400,432500,432600,432700,432800,432900,32400,14600,29300,82300,113600,85300,63700,47900,187700,27600,431900,431800,431700,431600,431500,431400,431300,431200,431100,431000,5400,3800,11700,24100,8400,26900,2500,1600,14000,8900,439700,425970,7626670,4353576,0,0,0,0,0,
600036.SH,600036,20251209,104245000,431900,700,30236,37501,0,,,21290071,915990382,432700,428300,431800,431800,432000,432100,432200,432300,432400,432500,432600,432700,432800,432900,32100,14600,29400,82300,113600,85300,63700,47900,187700,27600,431900,431800,431700,431600,431500,431400,431300,431200,431100,431000,5600,3800,11700,24100,8400,26900,2500,1600,14000,8900,439690,426030,7627870,4419976,0,0,0,0,0,
600036.SH,600036,20251209,104248000,431900,3400,146846,37510,0,,,21293471,916137228,432700,428300,431800,431800,432000,432100,432200,432300,432400,432500,432600,432700,432800,432900,32600,15900,29400,82300,113600,85300,63700,47900,187700,28100,431900,431800,431700,431600,431500,431400,431300,431200,431100,431000,2400,3800,11700,24100,8400,26900,2500,1600,14000,8900,439690,426030,7634770,4416776,0,0,0,0,0,
600036.SH,600036,20251209,104251000,431900,11600,500963,37542,0,,,21305071,916638191,432700,428300,431800,431800,431900,432000,432100,432200,432300,432400,432500,432600,432700,432800,300,29500,15000,29400,81300,113600,85300,63700,48100,187700,431700,431600,431500,431400,431300,431200,431100,431000,430900,430800,3700,24100,8500,26900,2500,1600,14000,8900,1300,9100,439700,426010,7629970,4402676,0,0,0,0,0,
600036.SH,600036,20251209,104254000,431900,3800,164118,37551,0,,,21308871,916802309,432700,428300,431800,431800,431900,432000,432100,432200,432300,432400,432500,432600,432700,432800,900,33400,15500,34300,81300,113600,85300,63700,48100,187700,431800,431700,431600,431500,431400,431300,431200,431100,431000,430900,100,3500,24100,9500,26900,2500,1600,14000,8900,1300,439690,426010,7640770,4405176,0,0,0,0,0,
600036.SH,600036,20251209,104257000,431900,200,8638,37552,0,,,21309071,916810947,432700,428300,431800,431800,431900,432000,432100,432200,432300,432400,432500,432600,432700,432800,2100,33400,16300,34300,79800,113600,85600,63700,48500,187700,431800,431700,431600,431500,431400,431300,431200,431100,431000,430900,3000,3500,24100,9500,26900,2500,1600,14000,8900,1300,439680,426010,7644070,4407076,0,0,0,0,0,
600036.SH,600036,20251209,104300000,431800,4200,181370,37565,0,,,21313271,916992317,432700,428300,431800,431800,431900,432000,432100,432200,432300,432400,432500,432600,432700,432800,12200,35800,7000,39500,79800,113600,85900,63700,48500,187700,431800,431700,431600,431500,431400,431300,431200,431100,431000,430900,4300,3500,24100,9500,26900,2500,1600,14000,8900,1300,439670,426020,7658670,4408276,0,0,0,0,0,
600036.SH,600036,20251209,104303000,431800,10600,457671,37583,0,,,21323871,917449988,432700,428300,431800,431800,431800,431900,432000,432100,432200,432300,432400,432500,432600,432700,1700,19000,35900,7500,39500,79800,113600,86300,63700,48500,431600,431500,431400,431300,431200,431100,431000,430900,430800,430700,24000,10000,26900,2500,1600,16000,8900,1300,9100,1000,439660,426010,7668070,4402876,0,0,0,0,0,
600036.SH,600036,20251209,104306000,431800,5100,220211,37590,0,,,21328971,917670199,432700,428300,431800,431800,431800,431900,432000,432100,432200,432300,432400,432500,432600,432700,3900,19100,37000,7400,39200,79800,113600,86300,63700,48500,431700,431600,431500,431400,431300,431200,431100,431000,430900,430800,100,6000,8500,26900,2500,1600,16000,8900,1300,9100,439660,425990,7672370,4383976,0,0,0,0,0,
600036.SH,600036,20251209,104309000,431800,2200,94995,37594,0,,,21331171,917765194,432700,428300,431800,431800,431800,431900,432000,432100,432200,432300,432400,432500,432600,432700,2000,19000,37200,7800,40100,77800,113600,82900,63700,48500,431700,431600,431500,431400,431300,431200,431100,431000,430900,430800,1300,6000,8500,26900,2500,1600,16000,8900,1300,9100,439660,425990,7669170,4384876,0,0,0,0,0,
600036.SH,600036,20251209,104312000,431800,5700,246153,37610,0,,,21336871,918011347,432700,428300,431800,431800,431900,432000,432100,432200,432300,432400,432500,432600,432700,432800,16300,33800,7400,41800,77800,113600,82900,64100,48500,188000,431700,431600,431500,431400,431300,431200,431100,431000,430900,430800,3100,6000,8500,26900,2500,1600,16000,8900,1300,9100,439670,425990,7662070,4386476,0,0,0,0,0,
600036.SH,600036,20251209,104315000,431700,1400,60439,37614,0,,,21338271,918071786,432700,428300,431800,431800,431800,431900,432000,432100,432200,432300,432400,432500,432600,432700,1000,19300,33500,18000,41800,77700,113600,82900,63700,48500,431700,431600,431500,431400,431300,431200,431100,431000,430900,430800,1800,5600,7600,26900,2500,2100,16000,8900,1300,9100,439660,425990,7671870,4384676,0,0,0,0,0,
600036.SH,600036,20251209,104318000,431700,5600,241751,37629,0,,,21343871,918313537,432700,428300,431800,431800,431700,431800,431900,432000,432100,432200,432300,432400,432500,432600,2300,1200,19900,33600,17900,41800,79200,113500,83400,63700,431600,431500,431400,431300,431200,431100,431000,430900,430800,430700,5500,7600,26900,2500,2100,16000,8900,1300,9100,1500,439650,425990,7683170,4384276,0,0,0,0,0,
600036.SH,600036,20251209,104321000,431600,6500,280552,37638,0,,,21350371,918594089,432700,428300,431800,431800,431700,431800,431900,432000,432100,432200,432300,432400,432500,432600,1100,4300,20400,33500,25400,41800,79200,113500,88400,63700,431600,431500,431400,431300,431200,431100,431000,430900,430800,430700,3400,7600,27500,2500,1600,16000,8900,1300,9100,1500,439640,425980,7702670,4380976,0,0,0,0,0,
600036.SH,600036,20251209,104324000,431600,2500,107904,37642,0,,,21352871,918701993,432700,428300,431800,431800,431700,431800,431900,432000,432100,432200,432300,432400,432500,432600,1900,4300,20400,34000,25500,41800,79200,113500,88400,63700,431600,431500,431400,431300,431200,431100,431000,430900,430800,430700,4000,7500,27500,2600,1600,16000,8900,1300,9100,1500,439640,425980,7702670,4379976,0,0,0,0,0,
600036.SH,600036,20251209,104327000,431600,1100,47482,37645,0,,,21353971,918749475,432700,428300,431800,431800,431700,431800,431900,432000,432100,432200,432300,432400,432500,432600,1800,4200,20300,39000,25500,41800,79200,113500,88500,63700,431600,431500,431400,431300,431200,431100,431000,430900,430800,430700,6400,7500,27500,2600,1600,16000,8900,1300,9100,1500,439640,425990,7709570,4381476,0,0,0,0,0,
600036.SH,600036,20251209,104330000,431700,2800,120876,37658,0,,,21356771,918870351,432700,428300,431800,431800,431800,431900,432000,432100,432200,432300,432400,432500,432600,432700,4500,20300,40100,25500,41800,79200,113500,88500,63700,48500,431700,431600,431500,431400,431300,431200,431100,431000,430900,430800,500,7500,7500,27500,2600,1600,16000,9000,1300,9100,439640,425990,7711270,4383676,0,0,0,0,0,
600036.SH,600036,20251209,104333000,431800,1400,60442,37666,0,,,21358171,918930793,432700,428300,431800,431800,431800,431900,432000,432100,432200,432300,432400,432500,432600,432700,12500,9300,43900,23000,41800,79200,113500,88500,63700,49000,431700,431600,431500,431400,431300,431200,431100,431000,430900,430800,2300,6800,7000,26900,2600,1600,16000,9000,1300,9100,439640,425990,7707670,4382476,0,0,0,0,0,
600036.SH,600036,20251209,104336000,431800,9600,414377,37683,0,,,21367771,919345170,432700,428300,431800,431800,431800,431900,432000,432100,432200,432300,432400,432500,432600,432700,14300,9300,44000,23000,41800,79300,113500,88500,64400,49000,431700,431600,431500,431400,431300,431200,431100,431000,430900,430800,2700,500,7200,26900,2600,1600,16000,9000,1300,9100,439630,425980,7714170,4376876,0,0,0,0,0,
600036.SH,600036,20251209,104339000,431800,3900,168375,37693,0,,,21371671,919513545,432700,428300,431800,431800,431800,431900,432000,432100,432200,432300,432400,432500,432600,432700,13100,9000,43500,23500,41700,79300,113500,88500,64400,48400,431700,431600,431500,431400,431300,431200,431100,431000,430900,430800,3900,500,7200,27300,2600,1600,16000,9000,1300,9100,439640,425980,7712370,4377876,0,0,0,0,0,
600036.SH,600036,20251209,104342000,431800,9600,414413,37718,0,,,21381271,919927958,432700,428300,431800,431800,431800,431900,432000,432100,432200,432300,432400,432500,432600,432700,10700,13700,43400,22800,41600,79300,113400,88500,64400,48400,431700,431600,431500,431400,431300,431200,431100,431000,430900,430800,2900,105600,5000,27300,2500,1600,16000,9000,1300,9100,439640,426110,7713470,4479576,0,0,0,0,0,
600036.SH,600036,20251209,104345000,431700,1100,47497,37726,0,,,21382371,919975455,432700,428300,431800,431800,431800,431900,432000,432100,432200,432300,432400,432500,432600,432700,10700,13600,43400,22800,41600,79300,113400,88500,64400,48400,431700,431600,431500,431400,431300,431200,431100,431000,430900,430800,5000,105600,5100,27300,2500,1600,16000,9000,1300,9100,439640,426110,7713870,4481676,0,0,0,0,0,
600036.SH,600036,20251209,104348000,431800,2900,125222,37730,0,,,21385271,920100677,432700,428300,431800,431800,431800,431900,432000,432100,432200,432300,432400,432500,432600,432700,8000,14700,43900,22800,41600,79300,113400,88500,64400,48400,431700,431600,431500,431400,431300,431200,431100,431000,430900,430800,7900,105600,5100,27300,2500,1600,16000,9000,1300,9100,439640,426120,7712870,4484376,0,0,0,0,0,
600036.SH,600036,20251209,104351000,431800,4000,172720,37734,0,,,21389271,920273397,432700,428300,431800,431800,431800,431900,432000,432100,432200,432300,432400,432500,432600,432700,4200,14600,44900,22800,41600,80600,113400,88500,64400,48400,431700,431600,431500,431400,431300,431200,431100,431000,430900,430800,32600,105800,4900,27300,2500,1600,16000,9000,1300,9100,439640,426150,7711770,4508976,0,0,0,0,0,
600036.SH,600036,20251209,104354000,431900,5900,254766,37750,0,,,21395171,920528163,432700,428300,431800,431800,431900,432000,432100,432200,432300,432400,432500,432600,432700,432800,15900,44900,22800,41600,80600,113400,88500,64400,48400,185500,431800,431700,431600,431500,431400,431300,431200,431100,431000,430900,6300,32600,106200,5200,26900,2500,1600,16000,9000,1300,439640,426160,7708570,4516376,0,0,0,0,0,
600036.SH,600036,20251209,104357000,431900,500,21594,37753,0,,,21395671,920549757,432700,428300,431800,431800,431900,432000,432100,432200,432300,432400,432500,432600,432700,432800,30100,46100,22800,41600,80600,113400,88500,64400,48400,185500,431800,431700,431600,431500,431400,431300,431200,431100,431000,430900,12000,31800,106100,5200,26900,2500,1600,16000,9000,1300,439630,426160,7723570,4522176,0,0,0,0,0,
600036.SH,600036,20251209,104400000,431800,8800,380011,37758,0,,,21404471,920929768,432700,428300,431800,431800,431900,432000,432100,432200,432300,432400,432500,432600,432700,432800,41300,22000,22800,41100,80600,113400,88500,64400,48400,185500,431800,431700,431600,431500,431400,431300,431200,431100,431000,430900,42800,26800,106100,5200,26900,2500,1600,16000,9000,1300,439640,426200,7709570,4547876,0,0,0,0,0,
600036.SH,600036,20251209,104403000,431900,9400,405944,37773,0,,,21413871,921335712,432700,428300,431800,431800,431900,432000,432100,432200,432300,432400,432500,432600,432700,432800,59800,22000,22800,42100,80600,113400,88500,64400,48400,185500,431800,431700,431600,431500,431400,431300,431200,431100,431000,430900,41800,26800,106100,5700,26900,2500,1600,16000,9000,1300,439620,426190,7730270,4547376,0,0,0,0,0,
600036.SH,600036,20251209,104406000,431800,41800,1804924,37847,0,,,21455671,923140636,432700,428300,431800,431800,431800,431900,432000,432100,432200,432300,432400,432500,432600,432700,7200,77900,21300,22800,42100,80600,113400,88500,64400,48400,431700,431600,431500,431400,431300,431200,431100,431000,430900,430800,26800,105700,5200,26900,2500,1600,16000,9000,1300,9100,439590,426140,7755570,4504776,0,0,0,0,0,
600036.SH,600036,20251209,104409000,431700,3300,142480,37858,0,,,21458971,923283116,432700,428300,431800,431800,431800,431900,432000,432100,432200,432300,432400,432500,432600,432700,13600,77100,21200,22800,42100,80600,113400,88500,64400,48400,431700,431600,431500,431400,431300,431200,431100,431000,430900,430800,26000,105700,7200,26900,2500,1600,16000,9000,1300,9100,439590,426150,7760970,4511776,0,0,0,0,0,
600036.SH,600036,20251209,104412000,431700,500,21585,37859,0,,,21459471,923304701,432700,428300,431800,431800,431800,431900,432000,432100,432200,432300,432400,432500,432600,432700,13800,77100,21200,22800,42100,80600,113400,88500,64400,48400,431700,431600,431500,431400,431300,431200,431100,431000,430900,430800,6600,105700,7200,26900,2500,1600,16000,9000,1300,9100,439590,426120,7761170,4492376,0,0,0,0,0,
600036.SH,600036,20251209,104415000,431700,2600,112242,37869,0,,,21462071,923416943,432700,428300,431800,431800,431800,431900,432000,432100,432200,432300,432400,432500,432600,432700,15600,74600,21400,22800,42100,80600,113400,88500,64400,48400,431700,431600,431500,431400,431300,431200,431100,431000,430900,430800,5600,105700,7200,26900,2500,1600,16000,9000,1300,9100,439590,426120,7758570,4492176,0,0,0,0,0,
600036.SH,600036,20251209,104418000,431800,1500,64762,37875,0,,,21463571,923481705,432700,428300,431800,431800,431800,431900,432000,432100,432200,432300,432400,432500,432600,432700,17600,75500,23600,22800,42100,80600,113400,88500,64400,48400,431700,431600,431500,431400,431300,431200,431100,431000,430900,430800,7700,105600,7500,26900,2500,1600,16000,9000,1300,9100,439590,426130,7767170,4496076,0,0,0,0,0,
600036.SH,600036,20251209,104421000,431700,18500,798661,37895,0,,,21482071,924280366,432700,428300,431800,431800,431800,431900,432000,432100,432200,432300,432400,432500,432600,432700,13400,75900,23600,23300,42600,80600,113400,88500,64400,48400,431700,431600,431500,431400,431300,431200,431100,431000,430900,430800,1600,102500,7500,26900,2500,1600,16000,9000,1300,9100,439590,426120,7772170,4487176,0,0,0,0,0,
600036.SH,600036,20251209,104424000,431600,3500,151106,37899,0,,,21485571,924431472,432700,428300,431800,431800,431700,431800,431900,432000,432100,432200,432300,432400,432500,432600,711,11900,75900,24100,23300,42600,80600,113400,88500,64400,431600,431500,431400,431300,431200,431100,431000,430900,430800,430700,102100,7400,26900,2500,1600,16100,9000,1300,9100,1800,439590,426110,7785081,4485576,0,0,0,0,0,
600036.SH,600036,20251209,104427000,431600,3000,129480,37900,0,,,21488571,924560952,432700,428300,431800,431800,431700,431800,431900,432000,432100,432200,432300,432400,432500,432600,911,12400,76200,24300,23300,42600,80600,113400,88500,64400,431600,431500,431400,431300,431200,431100,431000,430900,430800,430700,99100,7400,26900,2500,1600,16100,9000,1300,9100,1800,439590,426110,7787181,4482576,0,0,0,0,0,
600036.SH,600036,20251209,104430000,431700,5600,241723,37904,0,,,21494171,924802675,432700,428300,431800,431800,431700,431800,431900,432000,432100,432200,432300,432400,432500,432600,3711,14600,75700,26300,23300,42600,81600,113400,88500,64500,431600,431500,431400,431300,431200,431100,431000,430900,430800,430700,101800,7400,27000,2500,1600,16000,9000,1300,9100,1800,439580,426110,7794781,4485876,0,0,0,0,0,
600036.SH,600036,20251209,104433000,431700,5400,233113,37917,0,,,21499571,925035788,432700,428300,431800,431800,431700,431800,431900,432000,432100,432200,432300,432400,432500,432600,1411,15100,75700,26300,23300,42600,81600,113400,88500,64500,431600,431500,431400,431300,431200,431100,431000,430900,430800,430700,102600,7400,27000,2500,1600,16000,9000,1300,9100,1800,439580,426110,7794381,4486676,0,0,0,0,0,
600036.SH,600036,20251209,104436000,431700,5200,224460,37931,0,,,21504771,925260248,432700,428300,431800,431800,431700,431800,431900,432000,432100,432200,432300,432400,432500,432600,12111,14900,63700,26300,23300,42600,81600,113400,88500,68000,431600,431500,431400,431300,431200,431100,431000,430900,430800,430700,100200,7400,27000,2500,1600,16000,9000,1300,9100,1800,439580,426120,7793281,4488676,0,0,0,0,0,
600036.SH,600036,20251209,104439000,431700,2600,112240,37934,0,,,21507371,925372488,432700,428300,431800,431800,431700,431800,431900,432000,432100,432200,432300,432400,432500,432600,11611,14900,63500,26600,23300,42600,81600,113400,88500,68000,431600,431500,431400,431300,431200,431100,431000,430900,430800,430700,100800,7400,27000,2500,1600,16000,9000,1300,9100,1800,439580,426120,7792881,4489276,0,0,0,0,0,
600036.SH,600036,20251209,104442000,431600,3800,164008,37936,0,,,21511171,925536496,432700,428300,431800,431800,431700,431800,431900,432000,432100,432200,432300,432400,432500,432600,11711,14900,63100,26800,23500,42600,81600,113400,88600,68000,431600,431500,431400,431300,431200,431100,431000,430900,430800,430700,97600,7400,27000,2500,1600,16000,9000,1300,9100,1800,439580,426110,7793281,4486076,0,0,0,0,0,
600036.SH,600036,20251209,104445000,431600,13100,565423,37940,0,,,21524271,926101919,432700,428300,431800,431800,431700,431800,431900,432000,432100,432200,432300,432400,432500,432600,10211,15600,62100,26900,24500,42600,81600,113400,88600,68000,431600,431500,431400,431300,431200,431100,431000,430900,430800,430700,87200,7400,27000,3100,1600,16000,9000,1300,9100,1800,439580,426100,7792581,4480376,0,0,0,0,0,
600036.SH,600036,20251209,104448000,431600,3200,138130,37945,0,,,21527471,926240049,432700,428300,431800,431800,431700,431800,431900,432000,432100,432200,432300,432400,432500,432600,9611,15700,62000,29600,24500,42600,81600,113900,88600,68000,431600,431500,431400,431300,431200,431100,431000,430900,430800,430700,85800,7400,27000,3100,1600,16000,9000,1300,9100,1800,439580,426100,7797181,4469576,0,0,0,0,0,
600036.SH,600036,20251209,104451000,431700,3200,138124,37948,0,,,21530671,926378173,432700,428300,431800,431800,431700,431800,431900,432000,432100,432200,432300,432400,432500,432600,8611,11100,62000,29600,24500,42600,81600,113900,88300,68000,431600,431500,431400,431300,431200,431100,431000,430900,430800,430700,83800,7400,26800,3100,1600,16000,9000,1300,9100,1800,439590,426100,7791381,4467376,0,0,0,0,0,
600036.SH,600036,20251209,104454000,431600,2200,94971,37953,0,,,21532871,926473144,432700,428300,431800,431800,431700,431800,431900,432000,432100,432200,432300,432400,432500,432600,7811,11200,62000,29600,25300,42600,81600,113400,88300,68000,431600,431500,431400,431300,431200,431100,431000,430900,430800,430700,84700,7400,26800,3100,1600,16000,9000,1300,9100,1800,439590,426100,7790981,4468276,0,0,0,0,0,
600036.SH,600036,20251209,104457000,431700,7700,332365,37965,0,,,21540571,926805509,432700,428300,431800,431800,431700,431800,431900,432000,432100,432200,432300,432400,432500,432600,13911,11300,34200,30300,25300,42600,81600,113400,88300,68000,431600,431500,431400,431300,431200,431100,431000,430900,430800,430700,80400,6400,26800,3100,1600,16000,9000,1300,9100,1800,439610,426090,7768081,4464476,0,0,0,0,0,
600036.SH,600036,20251209,104500000,431600,4100,176962,37971,0,,,21544671,926982471,432700,428300,431800,431800,431700,431800,431900,432000,432100,432200,432300,432400,432500,432600,25211,11200,34200,30300,25400,42600,82100,113400,88800,68000,431600,431500,431400,431300,431200,431100,431000,430900,430800,430700,77400,6400,26800,3100,1600,16000,9000,1300,9100,1800,439600,426090,7781081,4459776,0,0,0,0,0,
600036.SH,600036,20251209,104503000,431600,8100,349624,37986,0,,,21552771,927332095,432700,428300,431800,431800,431700,431800,431900,432000,432100,432200,432300,432400,432500,432600,25911,11200,34200,30800,25400,42600,82100,113400,88800,68000,431600,431500,431400,431300,431200,431100,431000,430900,430800,430700,76900,6400,400,2500,1600,16300,9100,1300,9100,1800,439590,426060,7782281,4434376,0,0,0,0,0,
600036.SH,600036,20251209,104506000,431500,93600,4039510,38224,0,,,21646371,931371605,432700,428300,431800,431800,431500,431600,431700,431800,431900,432000,432100,432200,432300,432400,4800,47300,31011,12400,34200,35200,25400,42700,82100,113400,431400,431300,431200,431100,431000,430900,430800,430700,430600,430500,3800,5500,1600,9200,9100,1300,9100,1800,5000,70600,439530,425950,7842181,4350376,0,0,0,0,0,
600036.SH,600036,20251209,104509000,431500,6000,258907,38238,0,,,21652371,931630512,432700,428300,431800,431800,431600,431700,431800,431900,432000,432100,432200,432300,432400,432500,11800,28311,12800,34200,35200,24900,42700,82100,113400,88800,431500,431400,431300,431200,431100,431000,430900,430800,430700,430600,500,8300,5300,1600,9200,9100,1300,9100,1800,5000,439580,425960,7796681,4358376,0,0,0,0,0,
600036.SH,600036,20251209,104512000,431500,3400,146727,38259,0,,,21655771,931777239,432700,428300,431800,431800,431600,431700,431800,431900,432000,432100,432200,432300,432400,432500,9900,28211,12800,34200,35200,24900,42700,82100,113400,88800,431500,431400,431300,431200,431100,431000,430900,430800,430700,430600,100,7000,5300,1600,9200,9100,1300,9100,1800,5000,439580,425960,7798081,4356676,0,0,0,0,0,
600036.SH,600036,20251209,104515000,431500,1200,51778,38267,0,,,21656971,931829017,432700,428300,431800,431800,431600,431700,431800,431900,432000,432100,432200,432300,432400,432500,9000,27611,12800,33900,35200,25200,42700,82100,113400,87900,431500,431400,431300,431200,431100,431000,430900,430800,430700,430600,500,6900,5300,1600,9200,9100,1300,9600,1800,5000,439580,425960,7795681,4357776,0,0,0,0,0,
600036.SH,600036,20251209,104518000,431500,700,30205,38270,0,,,21657671,931859222,432700,428300,431800,431800,431600,431700,431800,431900,432000,432100,432200,432300,432400,432500,7900,27511,11200,33900,35400,25200,42700,82100,113400,87900,431500,431400,431300,431200,431100,431000,430900,430800,430700,430600,400,6900,5300,2100,9200,9100,1300,9100,1800,5000,439580,425960,7793781,4357676,0,0,0,0,0,
600036.SH,600036,20251209,104521000,431600,12700,548132,38312,0,,,21670371,932407354,432700,428300,431800,431800,431700,431800,431900,432000,432100,432200,432300,432400,432500,432600,27611,11200,33900,36600,25200,42700,82100,113400,88200,68000,431600,431500,431400,431300,431200,431100,431000,430900,430800,430700,3900,5000,6900,3600,2100,9200,9100,1300,9100,1800,439590,425970,7787981,4364176,0,0,0,0,0,
600036.SH,600036,20251209,104524000,431600,1600,69056,38317,0,,,21671971,932476410,432700,428300,431800,431800,431700,431800,431900,432000,432100,432200,432300,432400,432500,432600,27711,11300,33900,40900,25200,42100,82100,113400,88200,68000,431600,431500,431400,431300,431200,431100,431000,430900,430800,430700,3900,5000,5600,3600,2100,9200,9100,1300,9100,1800,439590,425960,7798881,4362876,0,0,0,0,0,
600036.SH,600036,20251209,104527000,431600,1300,56108,38322,0,,,21673271,932532518,432700,428300,431800,431800,431700,431800,431900,432000,432100,432200,432300,432400,432500,432600,29511,11300,33900,42900,25200,41100,82100,113400,88200,68000,431600,431500,431400,431300,431200,431100,431000,430900,430800,430700,4400,5000,5600,3600,2100,9200,9100,1300,9100,1800,439580,425970,7801781,4363676,0,0,0,0,0,
600036.SH,600036,20251209,104530000,431700,22200,958364,38340,0,,,21695471,933490882,432700,428300,431800,431800,431700,431800,431900,432000,432100,432200,432300,432400,432500,432600,8311,11300,33900,42900,25200,41100,82100,113400,88200,68000,431600,431500,431400,431300,431200,431100,431000,430900,430800,430700,9900,1700,2200,3600,2100,9200,9100,1300,9100,1800,439610,425960,7780581,4362276,0,0,0,0,0,
600036.SH,600036,20251209,104533000,431600,2900,125169,38350,0,,,21698371,933616051,432700,428300,431800,431800,431700,431800,431900,432000,432100,432200,432300,432400,432500,432600,7811,11800,33900,41600,25800,41100,82100,113400,88200,68000,431600,431500,431400,431300,431200,431100,431000,430900,430800,430700,12100,400,600,3600,2100,9200,9100,1300,9100,1800,439610,425970,7779781,4364576,0,0,0,0,0,
600036.SH,600036,20251209,104536000,431600,1400,60432,38354,0,,,21699771,933676483,432700,428300,431800,431800,431700,431800,431900,432000,432100,432200,432300,432400,432500,432600,9711,11800,32900,41600,25800,41100,82100,113400,88200,68000,431600,431500,431400,431300,431200,431100,431000,430900,430800,430700,12800,400,500,3600,2100,9200,9100,1300,9100,1800,439600,425970,7781681,4365776,0,0,0,0,0,
600036.SH,600036,20251209,104539000,431700,2400,103608,38357,0,,,21702171,933780091,432700,428300,431800,431800,431700,431800,431900,432000,432100,432200,432300,432400,432500,432600,7311,12200,33900,42100,25300,41100,82100,113400,88200,68000,431600,431500,431400,431300,431200,431100,431000,430900,430800,430700,13500,400,500,3600,2100,9200,9100,1300,9100,1800,439610,425970,7780381,4366476,0,0,0,0,0,
600036.SH,600036,20251209,104542000,431600,8400,362592,38375,0,,,21710571,934142683,432700,428300,431800,431800,431700,431800,431900,432000,432100,432200,432300,432400,432500,432600,2511,12300,33900,42100,25300,41100,82100,113400,87700,68000,431600,431500,431400,431300,431200,431100,431000,430900,430800,430700,9900,400,500,3600,2100,9200,9100,1300,9100,1800,439610,425960,7775081,4365976,0,0,0,0,0,
600036.SH,600036,20251209,104545000,431600,100,4316,38376,0,,,21710671,934146999,432700,428300,431800,431800,431700,431800,431900,432000,432100,432200,432300,432400,432500,432600,4011,12300,33900,42100,25300,41100,82200,113400,88200,68000,431600,431500,431400,431300,431200,431100,431000,430900,430800,430700,10000,500,500,4200,2100,9200,9100,1300,9100,1800,439610,425960,7775481,4366676,0,0,0,0,0,
600036.SH,600036,20251209,104548000,431700,2100,90657,38377,0,,,21712771,934237656,432700,428300,431800,431800,431700,431800,431900,432000,432100,432200,432300,432400,432500,432600,1911,12300,33900,43000,25300,41100,82200,113400,88200,68000,431600,431500,431400,431300,431200,431100,431000,430900,430800,430700,10000,500,500,4200,2100,9200,9100,1300,9100,1800,439610,425960,7774281,4367276,0,0,0,0,0,
600036.SH,600036,20251209,104551000,431700,1800,77701,38382,0,,,21714571,934315357,432700,428300,431800,431800,431700,431800,431900,432000,432100,432200,432300,432400,432500,432600,1211,12300,33900,44100,25300,41100,82200,113400,88200,68000,431600,431500,431400,431300,431200,431100,431000,430900,430800,430700,13600,500,500,4200,2100,9200,9100,1300,9100,1800,439610,425970,7774181,4372376,0,0,0,0,0,
600036.SH,600036,20251209,104554000,431700,1100,47486,38390,0,,,21715671,934362843,432700,428300,431800,431800,431700,431800,431900,432000,432100,432200,432300,432400,432500,432600,211,12300,33900,44100,25300,41100,82200,113400,88200,68700,431600,431500,431400,431300,431200,431100,431000,430900,430800,430700,13500,500,500,4000,2100,9200,9100,1300,9100,1800,439610,425970,7773881,4373576,0,0,0,0,0,
600036.SH,600036,20251209,104557000,431700,4111,177472,38394,0,,,21719782,934540315,432700,428300,431800,431800,431800,431900,432000,432100,432200,432300,432400,432500,432600,432700,12300,34800,44100,25300,41100,82200,113400,88200,68700,47000,431700,431600,431500,431400,431300,431200,431100,431000,430900,430800,3089,13500,1000,1000,3400,1600,9200,9100,1300,9100,439610,425980,7774670,4387165,0,0,0,0,0,
600036.SH,600036,20251209,104600000,431800,3200,138174,38399,0,,,21722982,934678489,432700,428300,431800,431800,431800,431900,432000,432100,432200,432300,432400,432500,432600,432700,9600,36300,44100,24500,41100,82200,113400,88200,68700,47000,431700,431600,431500,431400,431300,431200,431100,431000,430900,430800,9989,7800,1000,1000,3400,1600,9200,9100,1300,9100,439610,425980,7773670,4388365,0,0,0,0,0,
600036.SH,600036,20251209,104603000,431700,7000,302218,38409,0,,,21729982,934980707,432700,428300,431800,431800,431800,431900,432000,432100,432200,432300,432400,432500,432600,432700,14700,37300,44100,24500,41100,82200,113400,88200,68700,47000,431700,431600,431500,431400,431300,431200,431100,431000,430900,430800,12389,7800,1000,1000,3400,1600,9200,9100,1300,9100,439610,425980,7779070,4391765,0,0,0,0,0,
600036.SH,600036,20251209,104606000,431700,3400,146791,38416,0,,,21733382,935127498,432700,428300,431800,431800,431800,431900,432000,432100,432200,432300,432400,432500,432600,432700,14300,37300,44100,24500,41100,82200,113400,88200,68700,47000,431700,431600,431500,431400,431300,431200,431100,431000,430900,430800,10389,3200,1000,1000,3400,1600,9200,9100,1300,9100,439610,425980,7779870,4384865,0,0,0,0,0,
600036.SH,600036,20251209,104609000,431800,4400,189992,38427,0,,,21737782,935317490,432700,428300,431800,431800,431800,431900,432000,432100,432200,432300,432400,432500,432600,432700,14700,37300,44100,24500,41100,82200,113400,88200,68700,47000,431700,431600,431500,431400,431300,431200,431100,431000,430900,430800,11689,3500,1000,1400,3400,1600,9200,9100,1300,9100,439610,425980,7781570,4386765,0,0,0,0,0,
600036.SH,600036,20251209,104612000,431700,4300,185649,38433,0,,,21742082,935503139,432700,428300,431800,431800,431800,431900,432000,432100,432200,432300,432400,432500,432600,432700,15500,13800,45700,24500,41100,82200,113400,88200,68700,47000,431700,431600,431500,431400,431300,431200,431100,431000,430900,430800,13089,3500,1000,1400,3400,1600,9200,9100,1300,9100,439630,425980,7760670,4388265,0,0,0,0,0,
600036.SH,600036,20251209,104615000,431700,4500,194304,38444,0,,,21746582,935697443,432700,428300,431800,431800,431800,431900,432000,432100,432200,432300,432400,432500,432600,432700,35700,13800,45700,24500,41100,82200,113400,88300,68700,47000,431700,431600,431500,431400,431300,431200,431100,431000,430900,430800,9989,3500,1000,1400,3400,1600,9200,9100,1300,9100,439610,425980,7780770,4385265,0,0,0,0,0,
600036.SH,600036,20251209,104618000,431800,26700,1152834,38474,0,,,21773282,936850277,432700,428300,431800,431800,431800,431900,432000,432100,432200,432300,432400,432500,432600,432700,16300,13800,45900,24500,41100,82200,113400,88300,68700,47000,431700,431600,431500,431400,431300,431200,431100,431000,430900,430800,16189,3500,1000,1400,3400,1600,9200,9100,1300,9100,439630,425980,7761670,4391465,0,0,0,0,0,
600036.SH,600036,20251209,104621000,431800,9500,410174,38492,0,,,21782782,937260451,432700,428300,431800,431800,431800,431900,432000,432100,432200,432300,432400,432500,432600,432700,11000,13800,45400,24500,41100,82200,113400,78300,68700,47000,431700,431600,431500,431400,431300,431200,431100,431000,430900,430800,12889,3500,1000,1400,3400,1600,9200,9100,1300,9100,439640,425980,7745870,4388265,0,0,0,0,0,
600036.SH,600036,20251209,104624000,431700,14100,608737,38506,0,,,21796882,937869188,432700,428300,431800,431800,431800,431900,432000,432100,432200,432300,432400,432500,432600,432700,7500,13100,45400,24500,41100,82200,113400,78300,68700,47000,431700,431600,431500,431400,431300,431200,431100,431000,430900,430800,4789,3500,1000,1400,3400,1600,9200,9100,1300,9100,439650,425970,7742170,4380165,0,0,0,0,0,
600036.SH,600036,20251209,104627000,431800,300,12954,38507,0,,,21797182,937882142,432700,428300,431800,431800,431800,431900,432000,432100,432200,432300,432400,432500,432600,432700,7800,13600,45400,25300,41100,82200,113400,78300,68700,47000,431700,431600,431500,431400,431300,431200,431100,431000,430900,430800,4789,3500,1000,1800,3400,1600,9200,9100,1300,9100,439640,425970,7746970,4380665,0,0,0,0,0,
600036.SH,600036,20251209,104630000,431800,4600,198605,38513,0,,,21801782,938080747,432700,428300,431800,431800,431800,431900,432000,432100,432200,432300,432400,432500,432600,432700,7800,13600,45400,25300,41100,82200,113400,78300,68700,47000,431700,431600,431500,431400,431300,431200,431100,431000,430900,430800,10389,3500,1000,1800,3400,1600,9200,9100,1300,9100,439640,425980,7753270,4386065,0,0,0,0,0,
600036.SH,600036,20251209,104633000,431700,4300,185672,38521,0,,,21806082,938266419,432700,428300,431800,431800,431800,431900,432000,432100,432200,432300,432400,432500,432600,432700,3800,13600,45400,25300,41100,82300,113400,78300,68700,47000,431700,431600,431500,431400,431300,431200,431100,431000,430900,430800,10289,3500,1000,1800,3400,1600,9200,9100,1300,9100,439640,425980,7749370,4391865,0,0,0,0,0,
600036.SH,600036,20251209,104636000,431700,300,12953,38523,0,,,21806382,938279372,432700,428300,431800,431800,431800,431900,432000,432100,432200,432300,432400,432500,432600,432700,3600,14100,45400,25300,41100,92400,113400,79300,68700,47000,431700,431600,431500,431400,431300,431200,431100,431000,430900,430800,13389,3500,1000,1800,3400,1600,9200,9100,1300,9100,439630,425980,7760770,4394965,0,0,0,0,0,
600036.SH,600036,20251209,104639000,431800,700,30226,38526,0,,,21807082,938309598,432700,428300,431800,431800,431800,431900,432000,432100,432200,432300,432400,432500,432600,432700,2800,14200,45400,25300,41100,92400,113400,79300,68700,47000,431700,431600,431500,431400,431300,431200,431100,431000,430900,430800,13989,3500,1000,1800,3400,1600,9200,9100,1300,9100,439630,425990,7762070,4396065,0,0,0,0,0,
600036.SH,600036,20251209,104642000,431700,4000,172683,38531,0,,,21811082,938482281,432700,428300,431800,431800,431800,431900,432000,432100,432200,432300,432400,432500,432600,432700,3500,14200,45400,25300,41300,92400,113400,79300,68700,47000,431700,431600,431500,431400,431300,431200,431100,431000,430900,430800,10789,3500,1000,1800,3400,1600,9200,9100,1300,9100,439630,425980,7763170,4392865,0,0,0,0,0,
600036.SH,600036,20251209,104645000,431800,4000,172720,38544,0,,,21815082,938655001,432700,428300,431800,431800,431900,432000,432100,432200,432300,432400,432500,432600,432700,432800,14300,44800,25300,41900,92400,113400,79300,68700,47000,182100,431800,431700,431600,431500,431400,431300,431200,431100,431000,430900,7300,12289,2700,600,1800,3400,1600,8800,9100,1300,439630,425990,7760870,4400665,0,0,0,0,0,
600036.SH,600036,20251209,104648000,431800,600,25908,38545,0,,,21815682,938680909,432700,428300,431800,431800,431900,432000,432100,432200,432300,432400,432500,432600,432700,432800,15900,44800,25300,41900,92400,113400,79800,68700,47000,183100,431800,431700,431600,431500,431400,431300,431200,431100,431000,430900,14900,12189,2700,600,1800,3400,1600,8500,9100,1300,439630,426000,7764970,4407765,0,0,0,0,0,
600036.SH,600036,20251209,104651000,431800,9200,397307,38562,0,,,21824882,939078216,432700,428300,431800,431800,431900,432000,432100,432200,432300,432400,432500,432600,432700,432800,10800,44800,25300,41900,92400,113400,79800,68700,47000,183100,431800,431700,431600,431500,431400,431300,431200,431100,431000,430900,14200,6189,3200,1400,1400,3400,1600,8500,9100,1300,439630,425990,7760870,4401965,0,0,0,0,0,
600036.SH,600036,20251209,104654000,431900,300,12956,38565,0,,,21825182,939091172,432700,428300,431800,431800,431900,432000,432100,432200,432300,432400,432500,432600,432700,432800,10800,44800,25300,41900,92400,113400,79800,68700,47000,183100,431800,431700,431600,431500,431400,431300,431200,431100,431000,430900,13800,6189,3200,1400,1400,3400,1600,8500,9100,1300,439630,425960,7760870,4403465,0,0,0,0,0,
600036.SH,600036,20251209,104657000,431800,4500,194312,38574,0,,,21829682,939285484,432700,428300,431800,431800,431900,432000,432100,432200,432300,432400,432500,432600,432700,432800,10400,40800,25300,41900,92400,113400,79900,68700,47000,183100,431800,431700,431600,431500,431400,431300,431200,431100,431000,430900,18700,6289,3200,1400,1400,3400,1600,8500,9100,1300,439640,425970,7757070,4408665,0,0,0,0,0,
600036.SH,600036,20251209,104700000,431900,12800,552838,38613,0,,,21842482,939838322,432700,428300,431800,431800,431900,432000,432100,432200,432300,432400,432500,432600,432700,432800,600,39700,25300,41900,92400,113400,79900,68700,47000,183100,431800,431700,431600,431500,431400,431300,431200,431100,431000,430900,19900,6589,3200,1400,1400,3400,1600,8500,9100,1300,439650,425970,7746470,4410665,0,0,0,0,0,
600036.SH,600036,20251209,104703000,431900,13200,570146,38633,0,,,21855682,940408468,432700,428300,431800,431800,431900,432000,432100,432200,432300,432400,432500,432600,432700,432800,4700,35300,25300,42200,91100,113400,79900,68900,47000,183100,431800,431700,431600,431500,431400,431300,431200,431100,431000,430900,16300,6589,3200,1400,1400,3400,1600,8500,9100,1300,439650,425970,7745670,4407165,0,0,0,0,0,
600036.SH,600036,20251209,104706000,431900,1800,77740,38637,0,,,21857482,940486208,432700,428300,431800,431800,431900,432000,432100,432200,432300,432400,432500,432600,432700,432800,4500,35300,25300,42200,91100,113400,79900,68900,48000,183100,431800,431700,431600,431500,431400,431300,431200,431100,431000,430900,16600,6589,3200,1400,1400,3400,1600,8500,9100,1300,439650,425970,7746470,4407465,0,0,0,0,0,
600036.SH,600036,20251209,104709000,431900,8800,380072,38652,0,,,21866282,940866280,432700,428300,431800,431800,432000,432100,432200,432300,432400,432500,432600,432700,432800,432900,35500,25300,42200,91600,113400,79900,69200,48000,183200,24700,431800,431700,431600,431500,431400,431300,431200,431100,431000,430900,16900,6289,3100,1400,1400,3400,1600,8500,9100,1300,439650,425970,7742970,4407365,0,0,0,0,0,
600036.SH,600036,20251209,104712000,431900,6900,298064,38661,0,,,21873182,941164344,432700,428300,431800,431800,432000,432100,432200,432300,432400,432500,432600,432700,432800,432900,30200,25300,42300,91600,113400,79800,69200,48000,183200,24700,431900,431800,431700,431600,431500,431400,431300,431200,431100,431000,10500,15900,6289,3100,1000,900,3400,1600,8500,9100,439660,425980,7738670,4416065,0,0,0,0,0,
600036.SH,600036,20251209,104715000,431900,46900,2026042,38716,0,,,21920082,943190386,432700,428300,431800,431800,432000,432100,432200,432300,432400,432500,432600,432700,432800,432900,200,23300,42300,91600,113400,79800,69200,48000,183200,24700,431900,431800,431700,431600,431500,431400,431300,431200,431100,431000,42700,14800,6689,3600,1500,400,3800,1600,8500,8600,439690,426020,7706670,4447465,0,0,0,0,0,
600036.SH,600036,20251209,104718000,432000,2900,125306,38734,0,,,21922982,943315692,432700,428300,431800,431800,432100,432200,432300,432400,432500,432600,432700,432800,432900,433000,20700,42300,88800,113400,79800,69000,48000,183200,24700,100000,432000,431900,431800,431700,431600,431500,431400,431300,431200,431100,4000,50700,12000,6689,3600,1500,400,3800,1600,8500,439700,426040,7700970,4456565,0,0,0,0,0,
600036.SH,600036,20251209,104721000,432100,26200,1132102,38758,0,,,21949182,944447794,432700,428300,431800,431800,432200,432300,432400,432500,432600,432700,432800,432900,433000,433100,42200,88800,113400,79800,69000,48000,183200,24700,100000,42100,432100,432000,431900,431800,431700,431600,431500,431400,431300,431200,1500,8200,43400,8700,5389,2200,1000,400,3800,1600,439720,426020,7680770,4448465,0,0,0,0,0,
600036.SH,600036,20251209,104724000,432200,14100,609218,38790,0,,,21963282,945057012,432700,428300,431800,431800,432200,432300,432400,432500,432600,432700,432800,432900,433000,433100,39500,89200,113500,79900,69000,48000,183200,24700,100000,42100,432100,431900,431800,431700,431600,431500,431400,431300,431200,431100,10300,41500,9100,3700,2200,1000,400,3800,1600,8600,439720,426020,7679270,4445876,0,0,0,0,0,
600036.SH,600036,20251209,104727000,432100,28500,1231713,38823,0,,,21991782,946288725,432700,428300,431800,431800,432200,432300,432400,432500,432600,432700,432800,432900,433000,433100,18000,89200,113500,80000,69600,48000,183200,24700,100000,42100,432100,431900,431800,431700,431600,431500,431400,431300,431200,431100,48200,41500,8500,3700,2200,1000,400,3800,1600,8600,439740,426080,7658570,4492476,0,0,0,0,0,
600036.SH,600036,20251209,104730000,432100,2900,125312,38829,0,,,21994682,946414037,432700,428300,431800,431800,432200,432300,432400,432500,432600,432700,432800,432900,433000,433100,18200,89200,113500,80000,71100,48000,183200,24700,100000,42100,432100,431900,431800,431700,431600,431500,431400,431300,431200,431100,46300,41500,8500,3700,2200,1000,400,3800,1600,8600,439730,426080,7671070,4493176,0,0,0,0,0,
600036.SH,600036,20251209,104733000,432100,600,25926,38832,0,,,21995282,946439963,432700,428300,431800,431800,432200,432300,432400,432500,432600,432700,432800,432900,433000,433100,19600,88700,113500,80000,71100,48500,183200,24700,100000,42100,432100,431900,431800,431700,431600,431500,431400,431300,431200,431100,46500,41500,9500,3700,2200,1000,400,3800,1600,8600,439730,426080,7672970,4493376,0,0,0,0,0,
600036.SH,600036,20251209,104736000,432100,12800,553088,38857,0,,,22008082,946993051,432700,428300,431800,431800,432200,432300,432400,432500,432600,432700,432800,432900,433000,433100,20600,88800,113500,81000,71100,48500,183200,24700,100000,42100,432100,432000,431900,431800,431700,431600,431500,431400,431300,431200,36400,100,41500,9500,3700,2200,1000,400,3800,1600,439720,426070,7675370,4483376,0,0,0,0,0,
600036.SH,600036,20251209,104739000,432100,62000,2678891,38966,0,,,22070082,949671942,432700,428300,431800,431800,432100,432200,432300,432400,432500,432600,432700,432800,432900,433000,21600,23800,88700,113500,80500,71100,50100,183200,24700,100600,431900,431800,431700,431600,431500,431400,431300,431200,431100,431000,34200,8100,3700,2200,1000,400,4200,1600,8600,8600,439700,426000,7701470,4437576,0,0,0,0,0,
600036.SH,600036,20251209,104742000,432000,11400,492510,38983,0,,,22081482,950164452,432700,428300,431800,431800,432100,432200,432300,432400,432500,432600,432700,432800,432900,433000,3100,23500,88700,113600,80400,71800,50100,183200,24700,101600,431900,431800,431700,431600,431500,431400,431300,431200,431100,431000,34900,8100,3700,2200,1000,400,4200,2600,8600,8600,439720,426010,7684370,4439276,0,0,0,0,0,
600036.SH,600036,20251209,104745000,432100,2800,120986,38993,0,,,22084282,950285438,432700,428300,431800,431800,432100,432200,432300,432400,432500,432600,432700,432800,432900,433000,6600,23600,88600,113600,90500,71800,45300,183200,19700,101600,431900,431800,431700,431600,431500,431400,431300,431200,431100,431000,37800,8100,3700,2200,1000,400,4200,2600,8600,8600,439710,426010,7688270,4442176,0,0,0,0,0,
600036.SH,600036,20251209,104748000,432000,300,12962,38995,0,,,22084582,950298400,432700,428300,431800,431800,432000,432100,432200,432300,432400,432500,432600,432700,432800,432900,300,10200,24800,88600,113600,90500,71800,45300,183200,19700,431900,431800,431700,431600,431500,431400,431300,431200,431100,431000,38600,8100,3700,2200,1000,400,4200,2600,8600,8600,439710,426010,7693370,4442476,0,0,0,0,0,
600036.SH,600036,20251209,104751000,431900,1600,69109,39000,0,,,22086182,950367509,432700,428300,431800,431800,432100,432200,432300,432400,432500,432600,432700,432800,432900,433000,11700,25400,88600,113500,90800,71200,45300,183200,19700,101700,432000,431900,431800,431700,431600,431500,431400,431300,431200,431100,2500,37400,8100,3700,2200,1000,400,4200,2600,8600,439710,426010,7694270,4439876,0,0,0,0,0,
600036.SH,600036,20251209,104754000,432000,600,25920,39004,0,,,22086782,950393429,432700,428300,431800,431800,432100,432200,432300,432400,432500,432600,432700,432800,432900,433000,12000,26500,90100,108800,90800,71200,45300,183200,19700,101700,432000,431900,431800,431700,431600,431500,431400,431300,431200,431100,3800,37100,8100,4800,2200,1000,400,3800,2600,8300,439710,426010,7691970,4440176,0,0,0,0,0,
600036.SH,600036,20251209,104757000,432100,1000,43210,39008,0,,,22087782,950436639,432700,428300,431800,431800,432100,432200,432300,432400,432500,432600,432700,432800,432900,433000,11900,27900,90100,108900,91100,71200,45300,183200,19700,101700,432000,431900,431800,431700,431600,431500,431400,431300,431200,431100,10700,38700,8100,4800,2200,1000,400,4200,2600,8300,439710,426020,7695370,4449076,0,0,0,0,0,
600036.SH,600036,20251209,104800000,432000,1100,47520,39011,0,,,22088882,950484159,432700,428300,431800,431800,432100,432200,432300,432400,432500,432600,432700,432800,432900,433000,12100,28400,90100,108900,91100,71200,45300,183200,19700,101700,432000,431900,431800,431700,431600,431500,431400,431300,431200,431100,44300,34600,8100,4800,2200,1000,400,4200,2600,8300,439700,426060,7695970,4478476,0,0,0,0,0,
600036.SH,600036,20251209,104803000,432000,10200,440701,39023,0,,,22099082,950924860,432700,428300,431800,431800,432100,432200,432300,432400,432500,432600,432700,432800,432900,433000,26000,27400,90100,108900,92100,71200,45300,183200,19700,101700,432000,431900,431800,431700,431600,431500,431400,431300,431200,431100,40200,34600,8100,4800,3200,1000,400,4200,2600,8300,439690,426060,7713770,4475376,0,0,0,0,0,
600036.SH,600036,20251209,104806000,432000,42900,1853280,39077,0,,,22141982,952778140,432700,428300,431800,431800,432100,432200,432300,432400,432500,432600,432700,432800,432900,433000,25300,38600,90100,108900,92100,71400,45300,183200,19700,102000,432000,431900,431800,431700,431600,431500,431400,431300,431200,431100,45800,37100,8100,4800,3200,1000,400,4200,2600,8300,439680,426070,7727370,4482976,0,0,0,0,0,
600036.SH,600036,20251209,104809000,432000,5500,237610,39088,0,,,22147482,953015750,432700,428300,431800,431800,432100,432200,432300,432400,432500,432600,432700,432800,432900,433000,82300,38600,90100,104100,92100,71400,45300,183200,19700,102000,432000,431900,431800,431700,431600,431500,431400,431300,431200,431100,50500,37100,8100,4800,3200,600,400,4200,2600,8300,439630,426070,7780370,4485776,0,0,0,0,0,
600036.SH,600036,20251209,104812000,432000,1200,51843,39095,0,,,22148682,953067593,432700,428300,431800,431800,432100,432200,432300,432400,432500,432600,432700,432800,432900,433000,83600,38700,90200,104000,92100,71400,45800,183200,20700,102000,432000,431900,431800,431700,431600,431500,431400,431300,431200,431100,50300,37100,7100,5200,3200,100,400,4200,2600,8300,439620,426070,7783470,4487176,0,0,0,0,0,
600036.SH,600036,20251209,104815000,432100,3500,151210,39104,0,,,22152182,953218803,432700,428300,431800,431800,432100,432200,432300,432400,432500,432600,432700,432800,432900,433000,84700,38700,49300,104000,92100,71400,45700,183200,20700,102000,432000,431900,431800,431700,431600,431500,431400,431300,431200,431100,49400,37100,7100,5200,3200,100,400,4200,2600,8300,439660,426070,7745070,4486276,0,0,0,0,0,
600036.SH,600036,20251209,104818000,432100,300,12961,39107,0,,,22152482,953231764,432700,428300,431800,431800,432100,432200,432300,432400,432500,432600,432700,432800,432900,433000,84600,38700,49300,104000,92100,71400,45700,183200,20700,102000,432000,431900,431800,431700,431600,431500,431400,431300,431200,431100,47900,37100,7600,5400,3200,100,400,4300,2600,8300,439660,426070,7754070,4488576,0,0,0,0,0,
600036.SH,600036,20251209,104821000,431900,47000,2030242,39207,0,,,22199482,955262006,432700,428300,431800,431800,432000,432100,432200,432300,432400,432500,432600,432700,432800,432900,26400,86100,38700,49200,104500,92100,71400,45700,183200,20700,431900,431800,431700,431600,431500,431400,431300,431200,431100,431000,21200,7600,5400,2600,100,400,4300,2600,8300,8600,439630,425990,7782470,4425376,0,0,0,0,0,
600036.SH,600036,20251209,104824000,431900,9700,419037,39218,0,,,22209182,955681043,432700,428300,431800,431800,432000,432100,432200,432300,432400,432500,432600,432700,432800,432900,19600,86800,41000,49200,104400,92100,71400,45700,183200,20700,431900,431800,431700,431600,431500,431400,431300,431200,431100,431000,26000,7200,5400,3100,100,400,4300,2600,8300,9100,439640,425990,7780570,4429776,0,0,0,0,0,
600036.SH,600036,20251209,104827000,431900,11300,488152,39224,0,,,22220482,956169195,432700,428300,431800,431800,432000,432100,432200,432300,432400,432500,432600,432700,432800,432900,9900,86800,41000,47700,104400,92100,70700,44200,183200,20700,431900,431800,431700,431600,431500,431400,431300,431200,431100,431000,8500,7200,5400,3100,100,400,4300,2600,8300,9100,439650,425970,7767970,4413276,0,0,0,0,0,
600036.SH,600036,20251209,104830000,431900,2100,90710,39228,0,,,22222582,956259905,432700,428300,431800,431800,432000,432100,432200,432300,432400,432500,432600,432700,432800,432900,17700,78500,40800,47700,104400,92100,70700,44200,183200,20700,431900,431800,431700,431600,431500,431400,431300,431200,431100,431000,10700,7200,5400,3100,500,400,4300,2600,8300,9100,439650,425980,7767870,4416876,0,0,0,0,0,
600036.SH,600036,20251209,104833000,432000,7100,306688,39238,0,,,22229682,956566593,432700,428300,431800,431800,432000,432100,432200,432300,432400,432500,432600,432700,432800,432900,15200,51100,30800,48000,104400,92200,70700,44200,183100,20700,431900,431800,431700,431600,431500,431400,431300,431200,431100,431000,9300,7200,5400,3100,500,400,4300,2600,8300,9100,439690,425970,7731370,4414976,0,0,0,0,0,
600036.SH,600036,20251209,104836000,431900,800,34552,39243,0,,,22230482,956601145,432700,428300,431800,431800,432000,432100,432200,432300,432400,432500,432600,432700,432800,432900,23400,51100,30800,48000,104400,92200,70700,44200,183100,22700,431900,431800,431700,431600,431500,431400,431300,431200,431100,431000,43000,7200,5400,3100,500,400,4300,2600,8300,9100,439680,426020,7740670,4447676,0,0,0,0,0,
600036.SH,600036,20251209,104839000,431900,8600,371444,39260,0,,,22239082,956972589,432700,428300,431800,431800,432000,432100,432200,432300,432400,432500,432600,432700,432800,432900,27300,52700,29800,47900,104400,92200,70900,44200,183100,22700,431900,431800,431700,431600,431500,431400,431300,431200,431100,431000,37900,7200,5400,3100,500,400,4300,2600,8300,9100,439670,426010,7745470,4442576,0,0,0,0,0,
600036.SH,600036,20251209,104842000,431900,5300,228907,39272,0,,,22244382,957201496,432700,428300,431800,431800,432000,432100,432200,432300,432400,432500,432600,432700,432800,432900,27500,53000,29300,48900,104400,92200,70900,44200,183100,22700,431900,431800,431700,431600,431500,431400,431300,431200,431100,431000,39300,7200,5400,3100,500,400,4300,2600,8300,9100,439670,426010,7746670,4444276,0,0,0,0,0,
600036.SH,600036,20251209,104845000,431900,1500,64787,39279,0,,,22245882,957266283,432700,428300,431800,431800,432000,432100,432200,432300,432400,432500,432600,432700,432800,432900,55500,27400,29300,48900,104400,102700,70900,44200,183100,22700,431900,431800,431700,431600,431500,431400,431300,431200,431100,431000,40600,7200,5400,2700,500,400,4300,2600,8300,9100,439660,426020,7759270,4445376,0,0,0,0,0,
600036.SH,600036,20251209,104848000,431900,1100,47510,39282,0,,,22246982,957313793,432700,428300,431800,431800,432000,432100,432200,432300,432400,432500,432600,432700,432800,432900,58300,32400,29600,48900,104400,102200,70900,41500,183100,22700,431900,431800,431700,431600,431500,431400,431300,431200,431100,431000,47500,7200,5400,2700,500,400,4300,2600,8300,9100,439660,426020,7760670,4452576,0,0,0,0,0,
600036.SH,600036,20251209,104851000,431900,1600,69113,39292,0,,,22248582,957382906,432700,428300,431800,431800,432000,432100,432200,432300,432400,432500,432600,432700,432800,432900,57900,32300,29600,48900,104400,102200,70900,41500,183100,22700,431900,431800,431700,431600,431500,431400,431300,431200,431100,431000,48300,7300,19000,9200,500,400,4300,2600,8300,9100,439660,426050,7760170,4472776,0,0,0,0,0,
600036.SH,600036,20251209,104854000,432000,600,25917,39297,0,,,22249182,957408823,432700,428300,431800,431800,432000,432100,432200,432300,432400,432500,432600,432700,432800,432900,56300,33800,29600,51900,104400,102200,71000,41500,183100,22700,431900,431800,431700,431600,431500,431400,431300,431200,431100,431000,48600,7300,19000,9200,600,400,4300,2600,8300,9100,439650,426050,7765670,4472976,0,0,0,0,0,
600036.SH,600036,20251209,104857000,432000,500,21600,39301,0,,,22249682,957430423,432700,428300,431800,431800,432000,432100,432200,432300,432400,432500,432600,432700,432800,432900,55900,39500,30100,52900,104400,102200,71000,41500,143000,22700,431900,431800,431700,431600,431500,431400,431300,431200,431100,431000,50400,7300,19000,9200,600,400,4300,2600,8300,9100,439680,426050,7733270,4475476,0,0,0,0,0,
600036.SH,600036,20251209,104900000,431900,5700,246233,39320,0,,,22255382,957676656,432700,428300,431800,431800,432000,432100,432200,432300,432400,432500,432600,432700,432800,432900,57800,39600,29700,52900,104400,99200,71000,41500,143000,22700,431900,431800,431700,431600,431500,431400,431300,431200,431100,431000,50500,6300,19000,9200,600,400,4300,2600,8300,9100,439680,426050,7734970,4472576,0,0,0,0,0,
600036.SH,600036,20251209,104903000,431900,12100,522678,39336,0,,,22267482,958199334,432700,428300,431800,431800,432000,432100,432200,432300,432400,432500,432600,432700,432800,432900,52000,41800,29600,47900,105900,99200,70900,41900,138000,22700,431900,431800,431700,431600,431500,431400,431300,431200,431100,431000,46500,7300,19000,12600,600,400,4300,2600,8300,9100,439690,426050,7727070,4473676,0,0,0,0,0,
600036.SH,600036,20251209,104906000,432100,54000,2332795,39429,0,,,22321482,960532129,432700,428300,431800,431800,432100,432200,432300,432400,432500,432600,432700,432800,432900,433000,41800,29700,47900,105900,99200,70800,41900,138000,22700,103400,432000,431900,431800,431700,431600,431500,431400,431300,431200,431100,3000,51200,7300,19000,12600,600,400,4300,2600,8300,439740,426060,7675170,4481376,0,0,0,0,0,
600036.SH,600036,20251209,104909000,432100,50900,2199381,39489,0,,,22372382,962731510,432700,428300,431800,431800,432200,432300,432400,432500,432600,432700,432800,432900,433000,433100,28900,47900,105900,98200,70800,41500,138000,22700,103400,41400,432100,432000,431900,431800,431700,431600,431500,431400,431300,431200,25800,8600,38600,7300,19000,12600,600,400,4300,2600,439790,426090,7631170,4500876,0,0,0,0,0,
600036.SH,600036,20251209,104912000,432100,13800,596434,39504,0,,,22386182,963327944,432700,428300,431800,431800,432200,432300,432400,432500,432600,432700,432800,432900,433000,433100,15300,47100,105900,98000,70800,41500,138000,22700,103100,41400,432100,432000,431900,431800,431700,431600,431500,431400,431300,431200,31000,8000,56100,13200,4400,3000,600,400,4300,2600,439800,426090,7617970,4504676,0,0,0,0,0,
600036.SH,600036,20251209,104915000,432200,18200,786593,39546,0,,,22404382,964114537,432700,428300,431800,431800,432200,432300,432400,432500,432600,432700,432800,432900,433000,433100,8600,47100,105900,97100,70800,41500,138000,22700,103100,41400,432100,432000,431900,431800,431700,431600,431500,431400,431300,431200,51000,8000,54800,13200,4400,3000,600,400,4300,2600,439810,426120,7610870,4523876,0,0,0,0,0,
600036.SH,600036,20251209,104918000,432300,57200,2472655,39644,0,,,22461582,966587192,432700,428300,431800,431800,432400,432500,432600,432700,432800,432900,433000,433100,433200,433300,105900,97600,70700,41500,137800,22700,103100,41400,10300,36900,432300,432200,432100,432000,431900,431800,431700,431600,431500,431400,4400,31000,51000,10800,57900,9900,4400,3400,600,400,439860,426170,7555870,4562576,0,0,0,0,0,
600036.SH,600036,20251209,104921000,432300,23100,998742,39664,0,,,22484682,967585934,432700,428300,431800,431800,432400,432500,432600,432700,432800,432900,433000,433100,433200,433300,118200,97500,70800,41700,137800,22700,104100,41400,10300,36900,432300,432200,432100,432000,431900,431800,431700,431600,431500,431400,1800,29800,44900,10700,57800,9900,1800,5000,600,400,439850,426160,7569670,4550876,0,0,0,0,0,
600036.SH,600036,20251209,104924000,432300,1600,69168,39673,0,,,22486282,967655102,432700,428300,431800,431800,432400,432500,432600,432700,432800,432900,433000,433100,433200,433300,118200,98200,70800,42000,138000,22700,104100,41400,10300,37900,432300,432200,432100,432000,431900,431800,431700,431600,431500,431300,1900,29800,44900,10000,58200,9900,1800,5000,600,3900,439850,426160,7572170,4549876,0,0,0,0,0,
600036.SH,600036,20251209,104927000,432300,5900,255057,39696,0,,,22492182,967910159,432700,428300,431800,431800,432400,432500,432600,432700,432800,432900,433000,433100,433200,433300,118200,98200,70800,42000,138000,22700,104100,41400,10300,37900,432300,432200,432100,432000,431900,431800,431700,431600,431500,431300,29800,32600,61300,12900,43200,8200,1800,2300,600,4000,439850,426200,7572170,4584776,0,0,0,0,0,
600036.SH,600036,20251209,104930000,432300,3900,168597,39708,0,,,22496082,968078756,432700,428300,431800,431800,432400,432500,432600,432700,432800,432900,433000,433100,433200,433300,118600,98200,71300,43400,138000,22700,104100,41400,10300,37900,432300,432200,432100,432000,431900,431800,431700,431600,431500,431300,26900,32600,61500,12900,43200,8200,1800,2300,600,4000,439850,426200,7574470,4578976,0,0,0,0,0,
600036.SH,600036,20251209,104933000,432300,3300,142690,39714,0,,,22499382,968221446,432700,428300,431800,431800,432400,432500,432600,432700,432800,432900,433000,433100,433200,433300,115800,101000,71300,43400,138000,22700,104100,41400,10300,37900,432300,432200,432100,432000,431900,431800,431700,431600,431500,431300,32000,33400,62400,13800,41500,7800,1800,2300,600,4000,439850,426200,7574170,4584976,0,0,0,0,0,
600036.SH,600036,20251209,104936000,432300,1600,69179,39720,0,,,22500982,968290625,432700,428300,431800,431800,432400,432500,432600,432700,432800,432900,433000,433100,433200,433300,114700,101000,71300,43400,138000,22700,104100,41400,10300,37900,432300,432200,432100,432000,431900,431800,431700,431600,431500,431300,32800,33400,62400,13800,41500,7800,1800,2300,600,4000,439850,426200,7574870,4585776,0,0,0,0,0,
600036.SH,600036,20251209,104939000,432300,1000,43235,39724,0,,,22501982,968333860,432700,428300,431800,431800,432400,432500,432600,432700,432800,432900,433000,433100,433200,433300,114200,101800,71300,43500,138000,22700,104100,41400,10300,37900,432300,432200,432100,432000,431900,431800,431700,431600,431500,431300,35600,33400,62400,13800,41500,7800,1800,2300,600,4000,439850,426210,7577770,4588576,0,0,0,0,0,
600036.SH,600036,20251209,104942000,432400,10100,436684,39744,0,,,22512082,968770544,432700,428300,431800,431800,432400,432500,432600,432700,432800,432900,433000,433100,433200,433300,108300,101900,72300,43500,137800,22700,104100,41400,10300,37900,432300,432200,432100,432000,431900,431800,431700,431600,431500,431300,31700,33400,62400,13800,41500,7800,1800,2300,600,4000,439850,426200,7576070,4577876,0,0,0,0,0,
600036.SH,600036,20251209,104945000,432300,38100,1647063,39780,0,,,22550182,970417607,432700,428300,431800,431800,432300,432400,432500,432600,432700,432800,432900,433000,433100,433200,4100,108300,96500,74400,43500,137800,23100,103600,41400,10300,432200,432100,432000,431900,431800,431700,431600,431500,431300,431200,33400,62400,13800,41500,6800,1800,2300,600,4000,2700,439850,426160,7584270,4545576,0,0,0,0,0,
600036.SH,600036,20251209,104948000,432300,8038,347449,39790,0,,,22558220,970765056,432700,428300,431800,431800,432300,432400,432500,432600,432700,432800,432900,433000,433100,433200,1800,110000,96000,74400,43400,136800,23100,103800,41400,10300,432200,432100,432000,431900,431800,431700,431600,431500,431300,431200,24462,62400,13800,46600,6800,1800,2300,600,4000,2700,439850,426150,7583070,4540238,0,0,0,0,0,
600036.SH,600036,20251209,104951000,432200,1000,43225,39793,0,,,22559220,970808281,432700,428300,431800,431800,432300,432400,432500,432600,432700,432800,432900,433000,433100,433200,3700,111000,95800,74800,43400,156800,23100,103800,41400,10300,432200,432100,432000,431900,431800,431700,431600,431500,431300,431200,25062,62400,13800,46600,6800,1800,2300,600,4000,2700,439830,426150,7606270,4540538,0,0,0,0,0,
600036.SH,600036,20251209,104954000,432300,6400,276672,39811,0,,,22565620,971084953,432700,428300,431800,431800,432400,432500,432600,432700,432800,432900,433000,433100,433200,433300,111900,96300,74300,43400,156800,23100,103800,41400,12300,37900,432300,432200,432100,432000,431900,431800,431700,431600,431500,431300,1500,25062,54200,13800,46600,6800,1800,2300,600,4000,439830,426140,7608670,4533938,0,0,0,0,0,
600036.SH,600036,20251209,104957000,432200,2700,116720,39821,0,,,22568320,971201673,432700,428300,431800,431800,432300,432400,432500,432600,432700,432800,432900,433000,433100,433200,4300,111900,96400,74300,43400,156800,23100,103700,41400,12300,432200,432100,432000,431900,431800,431700,431600,431500,431300,431200,25562,54200,13800,46600,6800,1800,2300,600,4000,2700,439820,426140,7614870,4532938,0,0,0,0,0,
600036.SH,600036,20251209,105000000,432300,300,12969,39822,0,,,22568620,971214642,432700,428300,431800,431800,432300,432400,432500,432600,432700,432800,432900,433000,433100,433200,6100,111900,96400,74800,45800,156800,23100,103800,41400,12300,432200,432100,432000,431900,431800,431700,431600,431500,431300,431200,26162,54200,14800,46600,6800,1800,2300,600,4000,2700,439810,426140,7620670,4533338,0,0,0,0,0,
600036.SH,600036,20251209,105003000,432300,10700,462519,39839,0,,,22579320,971677161,432700,428300,431800,431800,432400,432500,432600,432700,432800,432900,433000,433100,433200,433300,111800,96400,74800,48400,157300,23100,103900,41400,12300,37900,432300,432200,432100,432000,431900,431800,431700,431600,431500,431300,400,21962,24100,14800,46600,6800,1800,2300,600,4000,439820,426100,7619570,4497138,0,0,0,0,0,
600036.SH,600036,20251209,105006000,432300,4900,211856,39847,0,,,22584220,971889017,432700,428300,431800,431800,432300,432400,432500,432600,432700,432800,432900,433000,433100,433200,1900,109400,96400,74800,48400,157300,23100,103900,41400,12300,432200,432100,432000,431900,431800,431700,431600,431500,431300,431200,21362,24100,14800,46600,6800,1800,2300,600,4000,2700,439830,426100,7624870,4496338,0,0,0,0,0,
600036.SH,600036,20251209,105009000,432300,2000,86454,39852,0,,,22586220,971975471,432700,428300,431800,431800,432300,432400,432500,432600,432700,432800,432900,433000,433100,433200,26800,85300,96400,74800,48400,157600,23100,103900,41400,10300,432200,432100,432000,431900,431800,431700,431600,431500,431300,431200,22362,24100,14800,46600,6800,1800,2300,600,4000,2700,439830,426100,7624270,4498338,0,0,0,0,0,
600036.SH,600036,20251209,105012000,432200,5400,233439,39861,0,,,22591620,972208910,432700,428300,431800,431800,432300,432400,432500,432600,432700,432800,432900,433000,433100,433200,25700,88000,96400,74800,48400,154600,23100,103900,41400,10300,432200,432100,432000,431900,431800,431700,431600,431500,431300,431200,23862,23900,14800,46600,6800,1800,2300,600,4000,2700,439830,426100,7623270,4499238,0,0,0,0,0,
600036.SH,600036,20251209,105015000,432200,500,21614,39863,0,,,22592120,972230524,432700,428300,431800,431800,432300,432400,432500,432600,432700,432800,432900,433000,433100,433200,25600,88100,97400,74800,48500,154600,23100,103900,41400,10300,432200,432100,432000,431900,431800,431700,431600,431500,431300,431200,24762,16800,30000,41400,6800,1800,2300,600,4000,2700,439830,426110,7628870,4503038,0,0,0,0,0,
600036.SH,600036,20251209,105018000,432300,100,4323,39864,0,,,22592220,972234847,432700,428300,431800,431800,432300,432400,432500,432600,432700,432800,432900,433000,433100,433200,28500,88000,97900,74800,48500,155600,23100,103900,41400,10300,432200,432100,432000,431900,431800,431700,431600,431500,431300,431200,60862,16800,30500,41400,6800,1800,2300,600,4000,2700,439820,426160,7633370,4538638,0,0,0,0,0,
600036.SH,600036,20251209,105021000,432300,10700,462524,39871,0,,,22602920,972697371,432700,428300,431800,431800,432300,432400,432500,432600,432700,432800,432900,433000,433100,433200,41500,88900,97500,74800,49400,156100,23100,103900,41400,10300,432200,432100,432000,431900,431800,431700,431600,431500,431400,431300,57662,16800,30500,41400,6800,1800,2300,600,400,4000,439810,426150,7649170,4533038,0,0,0,0,0,
600036.SH,600036,20251209,105024000,432200,2300,99420,39879,0,,,22605220,972796791,432700,428300,431800,431800,432300,432400,432500,432600,432700,432800,432900,433000,433100,433200,40500,88900,97200,74700,49400,156100,23100,103900,41400,10300,432200,432100,432000,431900,431800,431700,431600,431500,431400,431300,56462,16800,30500,41400,6800,1800,2300,600,400,4000,439810,426150,7648270,4530638,0,0,0,0,0,
600036.SH,600036,20251209,105027000,432200,2500,108050,39881,0,,,22607720,972904841,432700,428300,431800,431800,432300,432400,432500,432600,432700,432800,432900,433000,433100,433200,44900,89000,97200,74800,49500,156100,23100,103900,41400,10300,432200,432100,432000,431900,431800,431700,431600,431500,431400,431300,54862,16800,30500,41400,6800,1800,2300,600,400,4000,439800,426150,7651870,4529038,0,0,0,0,0,
600036.SH,600036,20251209,105030000,432200,900,38904,39883,0,,,22608620,972943745,432700,428300,431800,431800,432300,432400,432500,432600,432700,432800,432900,433000,433100,433200,42800,88200,97300,74800,49700,156100,23100,103900,41400,9400,432200,432100,432000,431900,431800,431700,431600,431500,431400,431300,54562,16800,30800,46200,6800,1800,2300,600,400,4000,439810,426150,7648370,4533738,0,0,0,0,0,
600036.SH,600036,20251209,105033000,432200,6600,285308,39893,0,,,22615220,973229053,432700,428300,431800,431800,432300,432400,432500,432600,432700,432800,432900,433000,433100,433200,48300,88200,97200,74800,49700,156100,23300,103900,41400,9400,432200,432100,432000,431900,431800,431700,431600,431500,431400,431300,53362,16800,32800,46200,6800,1800,2300,1100,400,4000,439800,426150,7654170,4534738,0,0,0,0,0,
600036.SH,600036,20251209,105036000,432200,5800,250714,39904,0,,,22621020,973479767,432700,428300,431800,431800,432300,432400,432500,432600,432700,432800,432900,433000,433100,433200,44800,88500,97000,74800,49700,156100,23300,104400,41400,9400,432200,432100,432000,431900,431800,431700,431600,431500,431400,431300,51362,16800,32800,46200,6800,1800,2300,1100,400,4000,439800,426150,7651070,4530838,0,0,0,0,0,
600036.SH,600036,20251209,105039000,432200,6400,276622,39915,0,,,22627420,973756389,432700,428300,431800,431800,432300,432400,432500,432600,432700,432800,432900,433000,433100,433200,69200,88500,87100,74800,49700,156100,23300,104400,41400,9400,432200,432100,432000,431900,431800,431700,431600,431500,431400,431300,51462,16800,32800,46200,6800,1800,2300,1100,400,4000,439790,426150,7665770,4530038,0,0,0,0,0,
600036.SH,600036,20251209,105042000,432200,4600,198812,39924,0,,,22632020,973955201,432700,428300,431800,431800,432300,432400,432500,432600,432700,432800,432900,433000,433100,433200,69200,88500,87200,74800,49700,156300,23300,105300,41400,9400,432200,432100,432000,431900,431800,431700,431600,431500,431400,431300,46862,16800,32800,46200,6800,1800,2300,1100,400,4000,439790,426140,7667970,4525538,0,0,0,0,0,
600036.SH,600036,20251209,105045000,432200,6400,276608,39944,0,,,22638420,974231809,432700,428300,431800,431800,432300,432400,432500,432600,432700,432800,432900,433000,433100,433200,71600,89200,87200,74700,50700,156300,23300,105300,41400,9400,432200,432100,432000,431900,431800,431700,431600,431500,431400,431300,40462,16800,32800,46200,6800,1800,2300,1100,400,4000,439780,426140,7673970,4519138,0,0,0,0,0,
600036.SH,600036,20251209,105048000,432200,4700,203134,39964,0,,,22643120,974434943,432700,428300,431800,431800,432300,432400,432500,432600,432700,432800,432900,433000,433100,433200,72300,89200,87300,74700,50700,156300,23300,105800,41400,9400,432200,432100,432000,431900,431800,431700,431600,431500,431400,431300,42562,16800,32800,46200,6800,1800,2300,1100,400,4000,439780,426130,7675370,4512238,0,0,0,0,0,
600036.SH,600036,20251209,105051000,432200,16000,691531,40003,0,,,22659120,975126474,432700,428300,431800,431800,432300,432400,432500,432600,432700,432800,432900,433000,433100,433200,73000,90100,87200,74700,51000,156300,23300,105800,41400,9400,432200,432100,432000,431900,431800,431700,431600,431500,431400,431300,6400,16800,32800,46200,6800,1800,2300,1100,400,4000,439780,426090,7679470,4476876,0,0,0,0,0,
600036.SH,600036,20251209,105054000,432100,8600,371687,40021,0,,,22667720,975498161,432700,428300,431800,431800,432200,432300,432400,432500,432600,432700,432800,432900,433000,433100,3000,74700,90100,88200,74700,51000,156300,23300,105800,41400,432100,432000,431900,431800,431700,431600,431500,431400,431300,431200,16000,32800,46200,6800,1800,2300,1100,400,4000,2700,439770,426080,7685670,4469776,0,0,0,0,0,
600036.SH,600036,20251209,105057000,432100,69900,3021707,40057,0,,,22737620,978519868,432700,428300,431800,431800,432200,432300,432400,432500,432600,432700,432800,432900,433000,433100,1400,9500,90100,88200,74700,51000,156300,23300,105800,41400,432100,432000,431900,431800,431700,431600,431500,431400,431300,431200,15200,32400,45300,6800,1800,2700,1900,400,4000,2700,439840,426080,7620270,4468876,0,0,0,0,0,
600036.SH,600036,20251209,105100000,432200,400,17288,40059,0,,,22738020,978537156,432700,428300,431800,431800,432200,432300,432400,432500,432600,432700,432800,432900,433000,433100,2700,10100,94600,89200,74700,51000,156300,23300,105800,41400,432100,432000,431900,431800,431700,431600,431500,431400,431300,431200,15900,33600,45300,6800,1800,2700,1900,400,4000,2700,439830,426080,7627670,4470776,0,0,0,0,0,
600036.SH,600036,20251209,105103000,432100,11700,505696,40084,0,,,22749720,979042852,432700,428300,431800,431800,432300,432400,432500,432600,432700,432800,432900,433000,433100,433200,6200,94600,89300,74700,51000,156300,23300,104800,41400,9400,432100,432000,431900,431800,431700,431600,431500,431400,431300,431200,14200,13800,41200,12300,12400,2300,1100,400,4400,2700,439840,426060,7620670,4460076,0,0,0,0,0,
600036.SH,600036,20251209,105106000,432200,1900,82118,40090,0,,,22751620,979124970,432700,428300,431800,431800,432300,432400,432500,432600,432700,432800,432900,433000,433100,433200,7000,94600,89300,74700,51000,156300,23300,104800,41400,9400,432200,432100,432000,431900,431800,431700,431600,431500,431400,431300,35200,53400,13800,41200,12300,12400,2300,1100,400,5400,439840,426160,7622470,4534976,0,0,0,0,0,
600036.SH,600036,20251209,105109000,432300,4000,172893,40101,0,,,22755620,979297863,432700,428300,431800,431800,432300,432400,432500,432600,432700,432800,432900,433000,433100,433200,25900,94600,89500,74700,51000,156300,23300,104800,41400,9400,432200,432100,432000,431900,431800,431700,431600,431500,431400,431300,42500,52700,14200,37900,6800,6200,2300,1100,400,5400,439820,426150,7641570,4526876,0,0,0,0,0,
600036.SH,600036,20251209,105112000,432200,13000,561876,40117,0,,,22768620,979859739,432700,428300,431800,431800,432300,432400,432500,432600,432700,432800,432900,433000,433100,433200,24600,94900,89500,74800,51000,156300,23300,104800,41400,9400,432200,432100,432000,431900,431800,431700,431600,431500,431400,431300,36000,60800,34200,37900,6800,1800,2300,1100,400,5400,439820,426180,7640870,4544176,0,0,0,0,0,
600036.SH,600036,20251209,105115000,432300,800,34584,40121,0,,,22769420,979894323,432700,428300,431800,431800,432300,432400,432500,432600,432700,432800,432900,433000,433100,433200,15000,94900,89500,74800,51000,156300,23300,104800,41400,9400,432200,432100,432000,431900,431800,431700,431600,431500,431400,431300,36800,60800,34200,37900,6800,1800,2300,1100,400,5400,439830,426180,7631670,4544976,0,0,0,0,0,
600036.SH,600036,20251209,105118000,432300,2600,112398,40130,0,,,22772020,980006721,432700,428300,431800,431800,432300,432400,432500,432600,432700,432800,432900,433000,433100,433200,12700,95200,89500,74400,50900,156300,23300,104800,41400,9400,432200,432100,432000,431900,431800,431700,431600,431500,431400,431300,40300,60800,34200,43500,6800,1800,2300,1100,400,5400,439830,426190,7629970,4553976,0,0,0,0,0,
600036.SH,600036,20251209,105121000,432200,4200,181524,40134,0,,,22776220,980188245,432700,428300,431800,431800,432300,432400,432500,432600,432700,432800,432900,433000,433100,433200,13000,97100,89500,74400,50900,156300,24500,105800,41400,9400,432200,432100,432000,431900,431800,431700,431600,431500,431400,431300,37100,60800,34200,43500,6800,1800,2300,1100,400,5400,439830,426180,7635070,4550476,0,0,0,0,0,
600036.SH,600036,20251209,105124000,432300,7500,324204,40146,0,,,22783720,980512449,432700,428300,431800,431800,432300,432400,432500,432600,432700,432800,432900,433000,433100,433200,18200,96500,89500,72400,50900,156300,24500,105800,41400,9400,432200,432100,432000,431900,431800,431700,431600,431500,431400,431300,53000,60800,34300,43500,6800,1800,2300,1100,400,5400,439820,426210,7637770,4566276,0,0,0,0,0,
600036.SH,600036,20251209,105127000,432300,8400,363113,40165,0,,,22792120,980875562,432700,428300,431800,431800,432300,432400,432500,432600,432700,432800,432900,433000,433100,433200,13400,97500,89700,72400,50900,156300,24500,105800,41400,9400,432200,432100,432000,431900,431800,431700,431600,431500,431400,431300,50400,60800,34300,44000,6800,1800,2300,1100,400,5400,439830,426200,7633870,4564176,0,0,0,0,0,
600036.SH,600036,20251209,105130000,432300,6600,285303,40183,0,,,22798720,981160865,432700,428300,431800,431800,432300,432400,432500,432600,432700,432800,432900,433000,433100,433200,8800,97500,89700,72300,50800,156300,24500,105800,41400,9400,432200,432100,432000,431900,431800,431700,431600,431500,431400,431300,50800,60800,34300,44000,6800,1800,2300,1100,400,5400,439830,426200,7629670,4561976,0,0,0,0,0,
600036.SH,600036,20251209,105133000,432300,23800,1028854,40220,0,,,22822520,982189719,432700,428300,431800,431800,432300,432400,432500,432600,432700,432800,432900,433000,433100,433200,11800,97700,89700,72200,50800,156300,24200,105800,41400,9400,432200,432100,432000,431900,431800,431700,431600,431500,431400,431300,47900,60600,34300,44000,6800,1800,1300,1100,400,5400,439820,426200,7647170,4557276,0,0,0,0,0,
600036.SH,600036,20251209,105136000,432300,1300,56198,40223,0,,,22823820,982245917,432700,428300,431800,431800,432300,432400,432500,432600,432700,432800,432900,433000,433100,433200,14500,97400,89200,70200,50800,156300,24200,105800,41400,9400,432200,432100,432000,431900,431800,431700,431600,431500,431400,431300,47000,60600,34300,44000,6800,1800,1300,1100,400,5400,439820,426200,7647570,4556276,0,0,0,0,0,
600036.SH,600036,20251209,105139000,432200,4600,198856,40228,0,,,22828420,982444773,432700,428300,431800,431800,432300,432400,432500,432600,432700,432800,432900,433000,433100,433200,20600,96700,89200,70300,50800,156300,24200,105800,41400,9400,432200,432100,432000,431900,431800,431700,431600,431500,431400,431300,48300,60600,34300,44000,6800,1800,1300,1100,400,5400,439810,426200,7659470,4557576,0,0,0,0,0,
600036.SH,600036,20251209,105142000,432300,6100,263667,40233,0,,,22834520,982708440,432700,428300,431800,431800,432300,432400,432500,432600,432700,432800,432900,433000,433100,433200,18100,97900,89200,70600,50800,156300,24300,105800,41400,9400,432200,432100,432000,431900,431800,431700,431600,431500,431400,431300,54700,60600,34800,44000,6800,1800,1300,1100,400,5400,439810,426210,7660070,4564876,0,0,0,0,0,
600036.SH,600036,20251209,105145000,432200,1900,82122,40237,0,,,22836420,982790562,432700,428300,431800,431800,432300,432400,432500,432600,432700,432800,432900,433000,433100,433200,32200,98000,89200,70600,51200,156300,24300,104900,41400,9400,432200,432100,432000,431900,431800,431700,431600,431500,431400,431300,53800,60600,34800,44000,6800,1800,1300,1100,400,5400,439780,426210,7690670,4564076,0,0,0,0,0,
600036.SH,600036,20251209,105148000,432300,1800,77813,40242,0,,,22838220,982868375,432700,428300,431800,431800,432300,432400,432500,432600,432700,432800,432900,433000,433100,433200,32500,98500,90300,70600,51200,156300,41800,104900,41400,9400,432200,432100,432000,431900,431800,431700,431600,431500,431400,431300,53700,60600,34800,44000,6800,1800,1300,1100,400,5400,439770,426210,7710470,4564776,0,0,0,0,0,
600036.SH,600036,20251209,105151000,432300,5000,216144,40248,0,,,22843220,983084519,432700,428300,431800,431800,432300,432400,432500,432600,432700,432800,432900,433000,433100,433200,28100,98600,89900,70600,51200,156300,41800,104900,41400,9400,432200,432100,432000,431900,431800,431700,431600,431500,431400,431300,53100,60600,33800,44000,6800,1800,1300,1100,400,5400,439770,426200,7707670,4563676,0,0,0,0,0,
600036.SH,600036,20251209,105154000,432200,500,21610,40251,0,,,22843720,983106129,432700,428300,431800,431800,432300,432400,432500,432600,432700,432800,432900,433000,433100,433200,28100,98600,89900,70600,51700,156300,41800,104900,41400,9400,432200,432100,432000,431900,431800,431700,431600,431500,431400,431300,53200,60600,33800,44000,6800,1800,1300,1100,400,5400,439770,426200,7710470,4564176,0,0,0,0,0,
600036.SH,600036,20251209,105157000,432300,7600,328485,40268,0,,,22851320,983434614,432700,428300,431800,431800,432300,432400,432500,432600,432700,432800,432900,433000,433100,433200,33900,98600,89900,70600,51700,156300,41800,104900,41400,9400,432200,432100,432000,431900,431800,431700,431600,431500,431400,431300,48600,60600,33800,44000,6800,1800,1300,1100,400,5400,439760,426200,7717570,4559676,0,0,0,0,0,
600036.SH,600036,20251209,105200000,432200,5800,250676,40279,0,,,22857120,983685290,432700,428300,431800,431800,432300,432400,432500,432600,432700,432800,432900,433000,433100,433200,43400,97600,89900,70600,51700,156300,41800,104900,41400,9400,432200,432100,432000,431900,431800,431700,431600,431500,431400,431300,43400,59700,33000,42600,6800,1800,1300,1100,400,5400,439750,426190,7726270,4551876,0,0,0,0,0,
600036.SH,600036,20251209,105203000,432200,57600,2489510,40408,0,,,22914720,986174800,432700,428300,431800,431800,432200,432300,432400,432500,432600,432700,432800,432900,433000,433100,200,45800,97600,90100,70600,51700,156300,41800,104500,41400,432100,432000,431900,431800,431700,431600,431500,431400,431300,431200,21300,32600,42600,6800,1800,2300,1100,400,5400,2700,439750,426080,7730470,4470176,0,0,0,0,0,
600036.SH,600036,20251209,105206000,432100,7300,315494,40428,0,,,22922020,986490294,432700,428300,431800,431800,432200,432300,432400,432500,432600,432700,432800,432900,433000,433100,20300,39600,97600,90000,70600,51700,156300,41800,104500,41400,432100,432000,431900,431800,431700,431600,431500,431400,431300,431200,24100,32200,42600,7200,1800,2300,1100,400,5400,2700,439730,426080,7746470,4471876,0,0,0,0,0,
600036.SH,600036,20251209,105209000,432100,5100,220392,40439,0,,,22927120,986710686,432700,428300,431800,431800,432200,432300,432400,432500,432600,432700,432800,432900,433000,433100,28800,40000,97600,90100,70700,51700,156300,41600,104500,41400,432100,432000,431900,431800,431700,431600,431500,431400,431300,431200,22600,32200,19700,7200,1800,2300,1100,400,5400,2700,439730,426050,7755370,4447376,0,0,0,0,0,
600036.SH,600036,20251209,105212000,432100,0,0,40439,0,,,22927120,986710686,432700,428300,431800,431800,432200,432300,432400,432500,432600,432700,432800,432900,433000,433100,29900,39500,97900,89900,70200,52000,156300,41600,104500,41400,432100,432000,431900,431800,431700,431600,431500,431400,431300,431200,23800,32200,19700,7200,1800,2300,1200,400,3700,2700,439720,426050,7755970,4446976,0,0,0,0,0,
600036.SH,600036,20251209,105215000,432100,8800,380248,40457,0,,,22935920,987090934,432700,428300,431800,431800,432200,432300,432400,432500,432600,432700,432800,432900,433000,433100,28600,48500,97900,89800,40200,52000,156300,41600,104500,41400,432100,432000,431900,431800,431700,431600,431500,431400,431300,431200,15000,20500,14100,7700,1800,2300,1200,400,3700,2700,439730,426010,7757870,4417476,0,0,0,0,0,
600036.SH,600036,20251209,105218000,432100,23900,1032669,40505,0,,,22959820,988123603,432700,428300,431800,431800,432100,432200,432300,432400,432500,432600,432700,432800,432900,433000,51700,24900,48900,94900,89800,40000,52000,156300,41600,104600,432000,431900,431800,431700,431600,431500,431400,431300,431200,431100,16500,14100,7700,1800,2300,1200,400,3700,2700,8800,439680,425990,7804170,4398876,0,0,0,0,0,
600036.SH,600036,20251209,105221000,431900,20200,872668,40525,0,,,22980020,988996271,432700,428300,431800,431800,432100,432200,432300,432400,432500,432600,432700,432800,432900,433000,49800,15100,49100,94900,89800,40000,52000,156300,41600,104600,431900,431800,431700,431600,431500,431400,431300,431200,431100,431000,13700,7700,1800,2300,1200,400,3700,2700,8800,9000,439690,425970,7792870,4380776,0,0,0,0,0,
600036.SH,600036,20251209,105224000,431900,300,12960,40528,0,,,22980320,989009231,432700,428300,431800,431800,432000,432100,432200,432300,432400,432500,432600,432700,432800,432900,100,58600,15500,48900,94500,89600,41000,52000,156300,41600,431900,431800,431700,431600,431500,431400,431300,431200,431100,431000,15300,7200,14000,2900,1200,400,3700,2700,8800,9000,439680,425990,7806170,4397976,0,0,0,0,0,
600036.SH,600036,20251209,105227000,432000,500,21598,40533,0,,,22980820,989030829,432700,428300,431800,431800,432000,432100,432200,432300,432400,432500,432600,432700,432800,432900,100,58300,15500,49000,94500,89700,41000,52000,156300,41600,431900,431800,431700,431600,431500,431400,431300,431200,431100,431000,14200,6800,14000,3300,1200,400,3700,2700,8800,9000,439680,425980,7805370,4396976,0,0,0,0,0,
600036.SH,600036,20251209,105230000,431900,1400,60468,40536,0,,,22982220,989091297,432700,428300,431800,431800,432000,432100,432200,432300,432400,432500,432600,432700,432800,432900,4200,58300,15000,48100,94500,89600,41400,52000,157000,41600,431900,431800,431700,431600,431500,431400,431300,431200,431100,431000,13000,6800,14000,3300,1200,400,3700,2700,8800,9000,439650,425980,7860870,4395776,0,0,0,0,0,
600036.SH,600036,20251209,105233000,432000,5500,237608,40548,0,,,22987720,989328905,432700,428300,431800,431800,432000,432100,432200,432300,432400,432500,432600,432700,432800,432900,9100,57800,15000,43000,94500,89600,41400,52000,157000,41700,431900,431800,431700,431600,431500,431400,431300,431200,431100,431000,13000,6800,13600,2900,1200,500,4100,2700,8800,9000,439650,425980,7860870,4393576,0,0,0,0,0,
600036.SH,600036,20251209,105236000,431800,16000,691036,40561,0,,,23003720,990019941,432700,428300,431800,431800,432000,432100,432200,432300,432400,432500,432600,432700,432800,432900,41600,47900,15100,43000,94500,89600,41400,52000,157000,41700,431800,431700,431600,431500,431400,431300,431200,431100,431000,430900,5300,13600,2900,1200,500,4100,2700,8800,9000,1700,439630,425960,7883570,4378376,0,0,0,0,0,
600036.SH,600036,20251209,105239000,431900,800,34551,40565,0,,,23004520,990054492,432700,428300,431800,431800,431900,432000,432100,432200,432300,432400,432500,432600,432700,432800,1100,50800,47600,15100,43000,94500,89600,41300,52000,158200,431800,431700,431600,431500,431400,431300,431200,431100,431000,430900,6100,13200,2900,1200,500,4100,2700,8800,9000,1700,439620,425960,7895370,4378876,0,0,0,0,0,
600036.SH,600036,20251209,105242000,431800,9400,405993,40576,0,,,23013920,990460485,432700,428300,431800,431800,431900,432000,432100,432200,432300,432400,432500,432600,432700,432800,200,47500,49600,14500,43100,94500,89600,40700,52000,158200,431800,431700,431600,431500,431400,431300,431200,431100,431000,430900,2400,13200,2900,1200,500,4100,2700,8800,9000,1700,439620,425960,7892470,4375476,0,0,0,0,0,
600036.SH,600036,20251209,105245000,431800,1400,60452,40583,0,,,23015320,990520937,432700,428300,431800,431800,431900,432000,432100,432200,432300,432400,432500,432600,432700,432800,1000,47400,50100,15800,42100,94500,89600,40700,52000,158200,431800,431700,431600,431500,431400,431300,431200,431100,431000,430900,1000,13200,2900,1200,500,4100,2700,8800,9000,1700,439620,425960,7895570,4373776,0,0,0,0,0,
600036.SH,600036,20251209,105248000,431800,100,4318,40584,0,,,23015420,990525255,432700,428300,431800,431800,431900,432000,432100,432200,432300,432400,432500,432600,432700,432800,11700,47400,50100,15800,42100,94100,89600,40700,52000,158200,431800,431700,431600,431500,431400,431300,431200,431100,431000,430900,900,13200,2900,1700,500,4100,2700,8800,9000,1700,439610,425960,7905770,4374476,0,0,0,0,0,
600036.SH,600036,20251209,105251000,431900,1500,64785,40590,0,,,23016920,990590040,432700,428300,431800,431800,431900,432000,432100,432200,432300,432400,432500,432600,432700,432800,15400,44000,50100,15800,42100,94100,89600,40700,52100,158200,431800,431700,431600,431500,431400,431300,431200,431100,431000,430900,900,13200,2900,1700,500,4100,2700,8800,9000,1700,439610,425960,7906170,4374076,0,0,0,0,0,
600036.SH,600036,20251209,105254000,431900,1600,69089,40598,0,,,23018520,990659129,432700,428300,431800,431800,431900,432000,432100,432200,432300,432400,432500,432600,432700,432800,16300,43100,50100,15900,42100,94100,89600,40700,52100,158200,431800,431700,431600,431500,431400,431300,431200,431100,431000,430900,700,15500,2900,1700,500,4100,2700,8800,10000,1700,439610,425960,7906770,4377276,0,0,0,0,0,
600036.SH,600036,20251209,105257000,431900,2800,120912,40603,0,,,23021320,990780041,432700,428300,431800,431800,431900,432000,432100,432200,432300,432400,432500,432600,432700,432800,15600,44400,50100,15800,41100,94100,89600,40700,52100,158200,431800,431700,431600,431500,431400,431300,431200,431100,431000,430900,300,15500,2900,1700,500,4100,2700,8800,10000,1700,439610,425950,7907470,4372876,0,0,0,0,0,
600036.SH,600036,20251209,105300000,432000,25400,1097066,40625,0,,,23046720,991877107,432700,428300,431800,431800,432000,432100,432200,432300,432400,432500,432600,432700,432800,432900,37200,50300,15800,41100,94600,87200,40700,52100,158200,41700,431800,431700,431600,431500,431400,431300,431200,431100,431000,430900,1500,15500,2900,2000,500,4100,2700,8800,10000,1700,439630,425960,7883470,4373776,0,0,0,0,0,
600036.SH,600036,20251209,105303000,432000,43300,1870553,40651,0,,,23090020,993747660,432700,428300,431800,431800,432100,432200,432300,432400,432500,432600,432700,432800,432900,433000,49300,18500,40500,95100,88000,40700,52100,158200,41700,105700,432000,431900,431800,431700,431600,431500,431400,431300,431200,431100,200,8700,10100,13800,2900,1500,500,4100,2700,8800,439660,425980,7848570,4389076,0,0,0,0,0,
600036.SH,600036,20251209,105306000,432100,51400,2220993,40693,0,,,23141420,995968653,432700,428300,431800,431800,432200,432300,432400,432500,432600,432700,432800,432900,433000,433100,16700,40500,94800,88300,40700,52100,158200,41700,105700,42900,432100,432000,431900,431800,431700,431600,431500,431400,431300,431200,6200,2700,14100,15200,1600,2900,1000,500,4100,2700,439710,425990,7805670,4395576,0,0,0,0,0,
600036.SH,600036,20251209,105309000,432200,13700,591932,40715,0,,,23155120,996560585,432700,428300,431800,431800,432200,432300,432400,432500,432600,432700,432800,432900,433000,433100,15100,41000,94800,87700,40700,52100,158200,42100,105700,42900,432100,432000,431900,431800,431700,431600,431500,431400,431300,431200,800,100,24500,15800,1600,2300,1000,500,4100,2700,439690,425990,7824970,4397876,0,0,0,0,0,
600036.SH,600036,20251209,105312000,432100,1400,60498,40719,0,,,23156520,996621083,432700,428300,431800,431800,432200,432300,432400,432500,432600,432700,432800,432900,433000,433100,14700,41000,94800,87900,40700,52100,158200,42100,105700,42900,432100,432000,431900,431800,431700,431600,431500,431400,431300,431200,29200,900,24500,15800,1600,2300,1000,500,4100,2700,439690,426030,7825170,4426776,0,0,0,0,0,
600036.SH,600036,20251209,105315000,432200,4800,207438,40733,0,,,23161320,996828521,432700,428300,431800,431800,432200,432300,432400,432500,432600,432700,432800,432900,433000,433100,13500,39700,94800,88300,41700,52100,158200,42100,105700,42900,432100,432000,431900,431800,431700,431600,431500,431400,431300,431200,31800,900,24500,16100,1600,2300,1000,500,4100,2700,439690,426030,7824370,4430276,0,0,0,0,0,
600036.SH,600036,20251209,105318000,432200,16400,708785,40768,0,,,23177720,997537306,432700,428300,431800,431800,432300,432400,432500,432600,432700,432800,432900,433000,433100,433200,43700,94800,87300,41700,52100,158200,42100,105300,42900,9400,432200,432100,432000,431900,431800,431700,431600,431500,431400,431300,1600,29500,900,23400,16100,1600,2300,1000,500,4100,439700,426030,7815570,4428376,0,0,0,0,0,
600036.SH,600036,20251209,105321000,432200,5200,224758,40773,0,,,23182920,997762064,432700,428300,431800,431800,432300,432400,432500,432600,432700,432800,432900,433000,433100,433200,41400,94300,87400,42300,52100,158200,42100,105800,42800,9400,432200,432100,432000,431900,431800,431700,431600,431500,431400,431300,2500,39400,18900,17500,11000,1400,2300,1000,900,3700,439700,426060,7815670,4446676,0,0,0,0,0,
600036.SH,600036,20251209,105324000,432200,10100,436522,40780,0,,,23193020,998198586,432700,428300,431800,431800,432300,432400,432500,432600,432700,432800,432900,433000,433100,433200,41500,94300,84700,42300,52100,158800,42100,106000,42800,9400,432200,432100,432000,431900,431800,431700,431600,431500,431400,431300,2800,39400,18900,17500,11000,1400,2300,1000,900,3700,439700,426060,7813870,4446976,0,0,0,0,0,
600036.SH,600036,20251209,105327000,432200,5300,229066,40786,0,,,23198320,998427652,432700,428300,431800,431800,432200,432300,432400,432500,432600,432700,432800,432900,433000,433100,26900,42500,94800,83600,42300,52100,158800,42100,106500,42800,432100,432000,431900,431800,431700,431600,431500,431400,431300,431200,39400,18900,17500,11000,1400,2300,1000,900,3700,2700,439680,426050,7841570,4444076,0,0,0,0,0,
600036.SH,600036,20251209,105330000,432200,800,34576,40787,0,,,23199120,998462228,432700,428300,431800,431800,432200,432300,432400,432500,432600,432700,432800,432900,433000,433100,27900,42400,94900,83500,42300,52100,158800,42100,106500,42800,432100,432000,431900,431800,431700,431600,431500,431400,431300,431200,39400,18900,17500,11000,1400,2300,1000,900,3700,2700,439680,426050,7842470,4446176,0,0,0,0,0,
600036.SH,600036,20251209,105333000,432200,5900,254998,40790,0,,,23205020,998717226,432700,428300,431800,431800,432200,432300,432400,432500,432600,432700,432800,432900,433000,433100,30700,42400,94900,84500,42300,52400,158800,42100,106200,42800,432100,432000,431900,431800,431700,431600,431500,431400,431300,431200,49100,19000,17300,11400,1400,2300,900,900,3700,2700,439670,426070,7846670,4456276,0,0,0,0,0,
600036.SH,600036,20251209,105336000,432100,50200,2169146,40821,0,,,23255220,1000886372,432700,428300,431800,431800,432100,432200,432300,432400,432500,432600,432700,432800,432900,433000,1700,30600,43600,94900,79900,42300,52400,158800,42100,106200,432000,431900,431800,431700,431600,431500,431400,431300,431200,431100,19000,17300,11400,1400,2300,900,900,3700,2700,8800,439680,426000,7844870,4407276,0,0,0,0,0,
600036.SH,600036,20251209,105339000,432100,6900,298181,40830,0,,,23262120,1001184553,432700,428300,431800,431800,432100,432200,432300,432400,432500,432600,432700,432800,432900,433000,119600,27100,43800,94900,79900,42300,52400,158800,42100,106200,432000,431900,431800,431700,431600,431500,431400,431300,431200,431100,58000,6900,11400,1400,2300,900,900,3700,2700,8800,439570,426040,7959470,4435576,0,0,0,0,0,
600036.SH,600036,20251209,105342000,432100,10000,432064,40841,0,,,23272120,1001616617,432700,428300,431800,431800,432100,432200,432300,432400,432500,432600,432700,432800,432900,433000,118700,27200,43800,95300,79900,42500,52400,158800,42100,107700,432000,431900,431800,431700,431600,431500,431400,431300,431200,431100,55100,6900,11400,1400,2300,900,900,3700,2700,8800,439560,426030,7961670,4433176,0,0,0,0,0,
600036.SH,600036,20251209,105345000,432000,1700,73456,40843,0,,,23273820,1001690073,432700,428300,431800,431800,432100,432200,432300,432400,432500,432600,432700,432800,432900,433000,117700,27200,43900,95300,80300,42500,52400,158800,42100,107100,432000,431900,431800,431700,431600,431500,431400,431300,431200,431100,56400,6900,11400,1400,2300,900,900,3700,2700,8800,439560,426040,7962870,4434476,0,0,0,0,0,
600036.SH,600036,20251209,105348000,432000,10500,453703,40846,0,,,23284320,1002143776,432700,428300,431800,431800,432100,432200,432300,432400,432500,432600,432700,432800,432900,433000,107400,27700,43900,95300,82300,42500,52400,158800,42100,108100,432000,431900,431800,431700,431600,431500,431400,431300,431200,431100,56200,6900,11400,1400,2300,900,900,3700,2700,8800,439570,426040,7953870,4432976,0,0,0,0,0,
600036.SH,600036,20251209,105351000,432100,65000,2808130,40887,0,,,23349320,1004951906,432700,428300,431800,431800,432100,432200,432300,432400,432500,432600,432700,432800,432900,433000,93800,27700,43900,95300,82300,42500,52400,158800,42100,108200,432000,431900,431800,431700,431600,431500,431400,431300,431200,431100,42400,6900,22700,1400,2300,900,900,3700,2700,8800,439580,426030,7941670,4431976,0,0,0,0,0,
600036.SH,600036,20251209,105354000,432100,117900,5094675,40933,0,,,23467220,1010046581,432700,428300,431800,431800,432200,432300,432400,432500,432600,432700,432800,432900,433000,433100,6000,43900,95300,82600,42500,52400,158800,42100,108400,42800,432100,432000,431900,431800,431700,431600,431500,431400,431300,431200,47000,42700,600,23700,1400,2300,900,900,3700,2700,439700,426090,7823170,4474076,0,0,0,0,0,
600036.SH,600036,20251209,105357000,432100,6900,298193,40945,0,,,23474120,1010344774,432700,428300,431800,431800,432200,432300,432400,432500,432600,432700,432800,432900,433000,433100,1600,44100,95300,82600,42500,52400,158800,42100,108400,42800,432100,432000,431900,431800,431700,431600,431500,431400,431300,431200,16400,42000,10300,47300,1400,2300,900,900,3700,2700,439700,426090,7824970,4476576,0,0,0,0,0,
600036.SH,600036,20251209,105400000,432100,3600,155557,40966,0,,,23477720,1010500331,432700,428300,431800,431800,432200,432300,432400,432500,432600,432700,432800,432900,433000,433100,2000,44200,95300,82600,42500,52400,159000,42100,108400,42800,432100,432000,431900,431800,431700,431600,431500,431400,431300,431200,13500,42000,10300,47300,1400,2300,900,900,3700,2700,439700,426090,7825370,4476576,0,0,0,0,0,
600036.SH,600036,20251209,105403000,432200,5000,216063,40971,0,,,23482720,1010716394,432700,428300,431800,431800,432200,432300,432400,432500,432600,432700,432800,432900,433000,433100,4200,44200,95300,82700,42500,52400,159000,42100,108400,42800,432100,432000,431900,431800,431700,431600,431500,431400,431300,431200,9900,41800,10300,47300,1400,2300,900,900,3700,2700,439690,426080,7826670,4471876,0,0,0,0,0,
600036.SH,600036,20251209,105406000,432200,500,21609,40974,0,,,23483220,1010738003,432700,428300,431800,431800,432200,432300,432400,432500,432600,432700,432800,432900,433000,433100,19400,53300,95300,82700,42500,55400,158500,42100,108400,42800,432100,432000,431900,431800,431700,431600,431500,431400,431300,431200,8600,41900,10300,47300,1400,2300,900,900,3700,2700,439670,426080,7856270,4471076,0,0,0,0,0,
600036.SH,600036,20251209,105409000,432100,8400,363041,40988,0,,,23491620,1011101044,432700,428300,431800,431800,432200,432300,432400,432500,432600,432700,432800,432900,433000,433100,12400,52200,95300,82700,42500,55800,158500,42100,108400,42800,432100,432000,431900,431800,431700,431600,431500,431400,431300,431200,14700,41900,10300,47300,1400,2300,900,900,3700,2700,439680,426090,7848470,4477176,0,0,0,0,0,
600036.SH,600036,20251209,105412000,432100,11700,505659,40995,0,,,23503320,1011606703,432700,428300,431800,431800,432200,432300,432400,432500,432600,432700,432800,432900,433000,433100,4500,52200,95300,82700,42500,55800,158500,42100,108600,42800,432100,432000,431900,431800,431700,431600,431500,431400,431300,431200,15300,41900,10300,47300,1400,2300,900,900,3700,2700,439690,426090,7840870,4477776,0,0,0,0,0,
600036.SH,600036,20251209,105415000,432200,3700,159904,41008,0,,,23507020,1011766607,432700,428300,431800,431800,432200,432300,432400,432500,432600,432700,432800,432900,433000,433100,3000,52900,95300,82700,42500,55800,159100,42100,108400,43700,432100,432000,431900,431800,431700,431600,431500,431400,431300,431200,12200,41900,10300,47300,1400,2300,900,900,3700,2700,439680,426090,7845370,4474676,0,0,0,0,0,
600036.SH,600036,20251209,105418000,432200,200,8644,41009,0,,,23507220,1011775251,432700,428300,431800,431800,432200,432300,432400,432500,432600,432700,432800,432900,433000,433100,2800,52000,95300,84700,42500,55800,159100,42100,108600,43700,432100,432000,431900,431800,431700,431600,431500,431400,431300,431200,12200,41900,10300,47300,1400,2300,900,900,3700,2700,439680,426090,7845470,4474776,0,0,0,0,0,
600036.SH,600036,20251209,105421000,432100,8200,354378,41023,0,,,23515420,1012129629,432700,428300,431800,431800,432300,432400,432500,432600,432700,432800,432900,433000,433100,433200,51500,95300,84500,42500,55800,159100,42100,108600,43700,9700,432100,432000,431900,431800,431700,431600,431500,431400,431300,431200,9100,41900,600,20300,1400,2300,900,900,3700,2700,439690,426040,7842170,4434976,0,0,0,0,0,
600036.SH,600036,20251209,105424000,432200,5100,220438,41027,0,,,23520520,1012350067,432700,428300,431800,431800,432200,432300,432400,432500,432600,432700,432800,432900,433000,433100,47300,49900,95300,84600,42500,55800,159100,42100,108600,43700,432100,432000,431900,431800,431700,431600,431500,431400,431300,431200,9500,70800,600,12400,1400,2300,900,900,3700,2700,439640,426070,7890270,4456576,0,0,0,0,0,
600036.SH,600036,20251209,105427000,432100,700,30247,41028,0,,,23521220,1012380314,432700,428300,431800,431800,432200,432300,432400,432500,432600,432700,432800,432900,433000,433100,47600,49600,95300,86400,42500,55800,159100,42100,108600,44100,432100,432000,431900,431800,431700,431600,431500,431400,431300,431200,9000,70800,900,12900,1400,2300,900,900,3700,2700,439640,426070,7892470,4456976,0,0,0,0,0,
600036.SH,600036,20251209,105430000,432200,62100,2683967,41038,0,,,23583320,1015064281,432700,428300,431800,431800,432300,432400,432500,432600,432700,432800,432900,433000,433100,433200,67400,95300,86400,42800,53400,159100,42100,108600,44100,9700,432200,432100,432000,431900,431800,431700,431600,431500,431400,431300,55600,9000,71400,900,12400,1400,2300,900,900,3700,439670,426140,7862770,4512876,0,0,0,0,0,
600036.SH,600036,20251209,105433000,432200,11000,475422,41044,0,,,23594320,1015539703,432700,428300,431800,431800,432300,432400,432500,432600,432700,432800,432900,433000,433100,433200,67800,95300,86400,42800,46100,159100,42100,108600,44100,9700,432200,432100,432000,431900,431800,431700,431600,431500,431400,431300,45400,8200,71400,900,12400,1400,2300,900,900,3700,439680,426130,7856070,4501876,0,0,0,0,0,
600036.SH,600036,20251209,105436000,432200,700,30254,41047,0,,,23595020,1015569957,432700,428300,431800,431800,432300,432400,432500,432600,432700,432800,432900,433000,433100,433200,67800,95300,86400,42800,46100,159100,42100,108600,43200,9700,432200,432100,432000,431900,431800,431700,431600,431500,431400,431300,52600,9000,71400,900,12400,1400,2400,900,900,3700,439680,426140,7858170,4509976,0,0,0,0,0,
600036.SH,600036,20251209,105439000,432300,2300,99427,41053,0,,,23597320,1015669384,432700,428300,431800,431800,432300,432400,432500,432600,432700,432800,432900,433000,433100,433200,65800,95300,86400,42800,46100,159100,42100,108600,43200,9700,432200,432100,432000,431900,431800,431700,431600,431500,431400,431300,52400,8800,72100,900,11900,1400,2400,900,900,3700,439680,426140,7856970,4509776,0,0,0,0,0,
600036.SH,600036,20251209,105442000,432200,5000,216100,41055,0,,,23602320,1015885484,432700,428300,431800,431800,432300,432400,432500,432600,432700,432800,432900,433000,433100,433200,96100,95000,86400,42800,45800,159100,42100,108600,43200,9700,432200,432100,432000,431900,431800,431700,431600,431500,431400,431300,48200,8400,72000,900,11900,1400,2400,900,900,3700,439650,426130,7887070,4505376,0,0,0,0,0,
600036.SH,600036,20251209,105445000,432200,6400,276612,41064,0,,,23608720,1016162096,432700,428300,431800,431800,432300,432400,432500,432600,432700,432800,432900,433000,433100,433200,96900,95000,87500,42800,45800,159100,42100,108600,43200,9700,432200,432100,432000,431900,431800,431700,431600,431500,431400,431300,42200,8400,71700,900,11900,1400,2400,900,900,3700,439650,426120,7895070,4499076,0,0,0,0,0,
600036.SH,600036,20251209,105448000,432200,4400,190168,41070,0,,,23613120,1016352264,432700,428300,431800,431800,432300,432400,432500,432600,432700,432800,432900,433000,433100,433200,98300,95000,89500,42800,45800,159100,42100,108600,43200,10600,432200,432100,432000,431900,431800,431700,431600,431500,431400,431300,37900,8400,71700,7800,11900,1400,2400,900,900,3700,439640,426130,7899670,4501876,0,0,0,0,0,
600036.SH,600036,20251209,105451000,432300,59300,2562942,41116,0,,,23672420,1018915206,432700,428300,431800,431800,432200,432300,432400,432500,432600,432700,432800,432900,433000,433100,1200,97400,95000,89900,42800,45800,159100,42000,108900,43200,432100,432000,431900,431800,431700,431600,431500,431400,431300,431200,7500,38100,7800,11900,1400,2400,900,900,3700,2700,439640,426030,7900570,4428676,0,0,0,0,0,
600036.SH,600036,20251209,105454000,432000,15700,678450,41130,0,,,23688120,1019593656,432700,428300,431800,431800,432100,432200,432300,432400,432500,432600,432700,432800,432900,433000,100,3000,106400,95000,89900,42800,45800,159100,42000,108900,432000,431900,431800,431700,431600,431500,431400,431300,431200,431100,37600,7800,11900,1400,2400,900,900,3700,2700,9000,439630,426020,7910670,4420576,0,0,0,0,0,
600036.SH,600036,20251209,105457000,432200,3600,155591,41137,0,,,23691720,1019749247,432700,428300,431800,431800,432300,432400,432500,432600,432700,432800,432900,433000,433100,433200,108400,95000,90200,42800,45800,159100,42000,110900,43200,10600,432200,432100,432000,431900,431800,431700,431600,431500,431400,431300,700,100,36400,7400,10500,1400,2400,900,900,3700,439630,426010,7911870,4418376,0,0,0,0,0,
600036.SH,600036,20251209,105500000,432100,2800,121029,41149,0,,,23694520,1019870276,432700,428300,431800,431800,432300,432400,432500,432600,432700,432800,432900,433000,433100,433200,107000,95000,91200,42800,45800,159100,42000,111300,43200,10600,432000,431900,431800,431700,431600,431500,431400,431300,431200,431100,37200,500,10500,1400,2400,900,900,3700,2700,9000,439630,426010,7913370,4411476,0,0,0,0,0,
600036.SH,600036,20251209,105503000,432300,6500,280897,41156,0,,,23701020,1020151173,432700,428300,431800,431800,432200,432300,432400,432500,432600,432700,432800,432900,433000,433100,100,104600,94500,90800,42800,45800,159100,42000,111700,43200,432000,431900,431800,431700,431600,431500,431400,431300,431200,431100,34800,500,10500,1000,2400,900,900,3700,2700,9000,439630,426000,7911370,4408976,0,0,0,0,0,
600036.SH,600036,20251209,105506000,432000,1900,82084,41161,0,,,23702920,1020233257,432700,428300,431800,431800,432200,432300,432400,432500,432600,432700,432800,432900,433000,433100,2500,104400,94500,90800,43200,45800,159100,42000,111300,43200,432000,431900,431800,431700,431600,431500,431400,431300,431200,431100,33100,500,10500,1000,2400,900,900,4200,2700,9000,439630,426000,7919570,4407776,0,0,0,0,0,
600036.SH,600036,20251209,105509000,432100,1800,77767,41164,0,,,23704720,1020311024,432700,428300,431800,431800,432100,432200,432300,432400,432500,432600,432700,432800,432900,433000,4000,2700,104600,94500,91300,43200,45800,159100,42000,111300,432000,431900,431800,431700,431600,431500,431400,431300,431200,431100,31400,500,10000,1000,2400,900,900,4200,2700,9000,439630,426000,7923970,4405276,0,0,0,0,0,
600036.SH,600036,20251209,105512000,432000,100,4320,41165,0,,,23704820,1020315344,432700,428300,431800,431800,432100,432200,432300,432400,432500,432600,432700,432800,432900,433000,4100,2600,108100,95000,91300,42800,45800,158100,42000,111300,432000,431900,431800,431700,431600,431500,431400,431300,431200,431100,31400,500,10000,1400,2400,900,900,3700,2700,9000,439630,426000,7906770,4405176,0,0,0,0,0,
600036.SH,600036,20251209,105515000,432000,700,30240,41167,0,,,23705520,1020345584,432700,428300,431800,431800,432100,432200,432300,432400,432500,432600,432700,432800,432900,433000,4300,2900,108300,95000,91200,42800,46000,158100,42000,111300,432000,431900,431800,431700,431600,431500,431400,431300,431200,431100,30800,500,10000,1400,2400,900,900,3700,2700,9000,439630,426000,7905770,4404576,0,0,0,0,0,
600036.SH,600036,20251209,105518000,432000,0,0,41167,0,,,23705520,1020345584,432700,428300,431800,431800,432100,432200,432300,432400,432500,432600,432700,432800,432900,433000,4300,3200,108100,95000,91200,42800,46000,158100,42000,111300,432000,431900,431800,431700,431600,431500,431400,431300,431200,431100,30800,500,10000,1400,2400,900,900,3700,2700,9000,439630,426000,7907545,4404776,0,0,0,0,0,
600036.SH,600036,20251209,105521000,432000,7700,332644,41177,0,,,23713220,1020678228,432700,428300,431800,431800,432100,432200,432300,432400,432500,432600,432700,432800,432900,433000,4100,3200,108100,95000,91200,42800,46000,158100,42000,111300,432000,431900,431800,431700,431600,431500,431400,431300,431200,431100,23500,500,38000,1400,2400,900,900,3700,2700,9000,439630,426020,7907445,4425876,0,0,0,0,0,
600036.SH,600036,20251209,105524000,432000,7100,306809,41187,0,,,23720320,1020985037,432700,428300,431800,431800,432200,432300,432400,432500,432600,432700,432800,432900,433000,433100,2000,107600,94500,91200,43300,46000,158100,42400,111200,43200,432100,432000,431900,431800,431700,431600,431500,431400,431300,431200,600,25400,500,38000,1400,2400,900,900,3700,2700,439630,426030,7902045,4427376,0,0,0,0,0,
600036.SH,600036,20251209,105527000,432000,0,0,41187,0,,,23720320,1020985037,432700,428300,431800,431800,432200,432300,432400,432500,432600,432700,432800,432900,433000,433100,52000,107900,94000,91300,43300,45800,158100,42400,111200,43200,432100,432000,431900,431800,431700,431600,431500,431400,431300,431200,2000,25400,500,38100,1400,2400,900,900,3700,2700,439590,426030,7951045,4428876,0,0,0,0,0,
600036.SH,600036,20251209,105530000,432100,2000,86420,41196,0,,,23722320,1021071457,432700,428300,431800,431800,432100,432200,432300,432400,432500,432600,432700,432800,432900,433000,200,52000,108000,94100,91200,43300,45800,158100,42400,111200,432000,431900,431800,431700,431600,431500,431400,431300,431200,431100,26400,500,38500,1400,2400,900,500,3700,2700,9000,439590,426030,7962270,4427876,0,0,0,0,0,
600036.SH,600036,20251209,105533000,432200,1000,43218,41204,0,,,23723320,1021114675,432700,428300,431800,431800,432100,432200,432300,432400,432500,432600,432700,432800,432900,433000,300,51400,108200,94600,91200,42800,45800,158100,42000,111200,432000,431900,431800,431700,431600,431500,431400,431300,431200,431100,26500,500,38500,2000,2400,900,500,3700,2700,9000,439590,426030,7961570,4428476,0,0,0,0,0,
600036.SH,600036,20251209,105536000,432100,2400,103683,41208,0,,,23725720,1021218358,432700,428300,431800,431800,432200,432300,432400,432500,432600,432700,432800,432900,433000,433100,51400,97200,94600,91200,42800,45800,158100,42000,111200,43200,432000,431900,431800,431700,431600,431500,431400,431300,431200,431100,24400,500,38500,2000,2400,900,500,3700,2700,9000,439600,426020,7948570,4426476,0,0,0,0,0,
600036.SH,600036,20251209,105539000,432100,2700,116666,41212,0,,,23728420,1021335024,432700,428300,431800,431800,432100,432200,432300,432400,432500,432600,432700,432800,432900,433000,9900,51500,97100,94600,91200,43300,45800,158100,42000,113900,432000,431900,431800,431700,431600,431500,431400,431300,431200,431100,25000,500,38500,2000,2400,900,500,3700,2700,9000,439590,426030,7961670,4427076,0,0,0,0,0,
600036.SH,600036,20251209,105542000,432100,4200,181445,41215,0,,,23732620,1021516469,432700,428300,431800,431800,432100,432200,432300,432400,432500,432600,432700,432800,432900,433000,10700,52700,96100,94600,91200,43300,45800,158100,42000,113900,432000,431900,431800,431700,431600,431500,431400,431300,431200,431100,21900,500,38500,2000,2400,900,500,3700,2700,9000,439590,426020,7962970,4425176,0,0,0,0,0,
600036.SH,600036,20251209,105545000,432000,8500,367276,41219,0,,,23741120,1021883745,432700,428300,431800,431800,432100,432200,432300,432400,432500,432600,432700,432800,432900,433000,3200,56800,96100,94500,91200,43300,45800,158100,42000,113900,432000,431900,431800,431700,431600,431500,431400,431300,431200,431100,21000,500,38500,2000,2400,900,500,3700,2700,9000,439590,426020,7960570,4424276,0,0,0,0,0,
600036.SH,600036,20251209,105548000,432000,10500,453600,41222,0,,,23751620,1022337345,432700,428300,431800,431800,432100,432200,432300,432400,432500,432600,432700,432800,432900,433000,4500,57200,96700,94500,91200,43300,45800,158100,42000,114100,432000,431900,431800,431700,431600,431500,431400,431300,431200,431100,10500,500,38500,2000,2400,900,500,3700,2700,9000,439590,426010,7963070,4413776,0,0,0,0,0,
600036.SH,600036,20251209,105551000,432000,500,21600,41225,0,,,23752120,1022358945,432700,428300,431800,431800,432100,432200,432300,432400,432500,432600,432700,432800,432900,433000,4700,57200,96700,94500,91200,43300,45800,158100,42000,114100,432000,431900,431800,431700,431600,431500,431400,431300,431200,431100,10000,500,38500,1800,2400,900,500,3700,2700,9000,439590,426010,7962070,4413076,0,0,0,0,0,
600036.SH,600036,20251209,105554000,432000,14700,635070,41246,0,,,23766820,1022994015,432700,428300,431800,431800,432000,432100,432200,432300,432400,432500,432600,432700,432800,432900,21900,1600,59400,96700,94500,91200,45800,45800,158100,42000,431900,431800,431700,431600,431500,431400,431300,431200,431100,431000,1400,38500,1800,2400,900,500,3700,2700,9000,10500,439570,425990,7985170,4403976,0,0,0,0,0,
600036.SH,600036,20251209,105557000,431900,600,25914,41250,0,,,23767420,1023019929,432700,428300,431800,431800,432000,432100,432200,432300,432400,432500,432600,432700,432800,432900,22600,2600,61300,96200,94400,92700,45800,45800,158100,42000,431900,431800,431700,431600,431500,431400,431300,431200,431100,431000,5500,59500,1800,2400,900,500,3700,2700,9000,10500,439560,426030,7990070,4429076,0,0,0,0,0,
600036.SH,600036,20251209,105600000,431900,3100,133919,41252,0,,,23770520,1023153848,432700,428300,431800,431800,432000,432100,432200,432300,432400,432500,432600,432700,432800,432900,20300,2600,61300,96100,94200,92700,45800,45800,158100,42000,431900,431800,431700,431600,431500,431400,431300,431200,431100,431000,6100,59100,1800,2800,900,500,3700,2700,9000,10500,439560,426030,7988770,4429076,0,0,0,0,0,
600036.SH,600036,20251209,105603000,431900,2700,116629,41255,0,,,23773220,1023270477,432700,428300,431800,431800,432000,432100,432200,432300,432400,432500,432600,432700,432800,432900,38300,2100,61300,96600,93700,92900,45800,45800,158100,42000,431900,431800,431700,431600,431500,431400,431300,431200,431100,431000,5600,59100,1800,2800,900,500,3700,2700,9000,10500,439550,426030,7993970,4428576,0,0,0,0,0,
600036.SH,600036,20251209,105606000,431900,900,38871,41258,0,,,23774120,1023309348,432700,428300,431800,431800,432000,432100,432200,432300,432400,432500,432600,432700,432800,432900,38800,2100,64300,96600,93700,92900,45800,45800,158100,42000,431900,431800,431700,431600,431500,431400,431300,431200,431100,431000,4000,59100,1800,3300,900,500,3700,2700,9000,10500,439550,426030,7997470,4427476,0,0,0,0,0,
600036.SH,600036,20251209,105609000,432000,1300,56159,41261,0,,,23775420,1023365507,432700,428300,431800,431800,432000,432100,432200,432300,432400,432500,432600,432700,432800,432900,28300,2100,65600,96600,93600,93100,45800,45800,158100,42000,431900,431800,431700,431600,431500,431400,431300,431200,431100,431000,3900,59100,1800,3300,900,500,3700,2700,9000,10500,439560,426020,7987170,4428476,0,0,0,0,0,
600036.SH,600036,20251209,105612000,431900,1300,56151,41263,0,,,23776720,1023421658,432700,428300,431800,431800,432000,432100,432200,432300,432400,432500,432600,432700,432800,432900,40600,2100,65600,101500,93600,93100,45800,45800,158100,42000,431900,431800,431700,431600,431500,431400,431300,431200,431100,431000,4200,59100,1800,3300,900,500,3700,2700,9000,10500,439540,426020,8005470,4429176,0,0,0,0,0,
600036.SH,600036,20251209,105615000,431800,35000,1511361,41313,0,,,23811720,1024933019,432700,428300,431800,431800,431800,432000,432100,432200,432300,432400,432500,432600,432700,432800,66000,40000,1600,65600,101500,93600,83600,45800,45800,158100,431700,431600,431500,431400,431300,431200,431100,431000,430900,430800,1800,3300,900,500,3700,2700,9000,10500,1300,13600,439490,425940,8059370,4365876,0,0,0,0,0,
600036.SH,600036,20251209,105618000,431700,100,4317,41314,0,,,23811820,1024937336,432700,428300,431800,431800,431800,431900,432000,432100,432200,432300,432400,432500,432600,432700,66400,1200,39700,6600,65700,101000,93600,83600,45800,45800,431700,431600,431500,431400,431300,431200,431100,431000,430900,430800,2000,2900,900,1000,3700,15800,9000,10500,1300,13600,439480,425960,8065870,4379276,0,0,0,0,0,
600036.SH,600036,20251209,105621000,431800,66800,2884424,41329,0,,,23878620,1027821760,432700,428300,431800,431800,431900,432000,432100,432200,432300,432400,432500,432600,432700,432800,2600,39300,7100,65700,100500,93300,83600,45800,46800,158100,431800,431700,431600,431500,431400,431300,431200,431100,431000,430900,21400,6400,8900,900,3100,3700,15800,9000,10500,1300,439550,426000,8001170,4413176,0,0,0,0,0,
600036.SH,600036,20251209,105624000,432000,6800,293726,41341,0,,,23885420,1028115486,432700,428300,431800,431800,432000,432100,432200,432300,432400,432500,432600,432700,432800,432900,36800,7100,65600,100500,93300,83600,45800,46800,158100,42100,431900,431800,431700,431600,431500,431400,431300,431200,431100,431000,600,39300,6400,2400,900,3200,3700,15800,9000,10500,439550,426020,7996570,4425676,0,0,0,0,0,
600036.SH,600036,20251209,105627000,432000,37600,1624320,41376,0,,,23923020,1029739806,432700,428300,431800,431800,432100,432200,432300,432400,432500,432600,432700,432800,432900,433000,6600,65600,100500,93300,83500,45800,46800,158100,42000,114600,432000,431900,431800,431700,431600,431500,431400,431300,431200,431100,3700,7200,18600,6800,3300,900,2300,3700,15800,9000,439590,426010,7960670,4415676,0,0,0,0,0,
600036.SH,600036,20251209,105630000,432000,2800,120961,41382,0,,,23925820,1029860767,432700,428300,431800,431800,432100,432200,432300,432400,432500,432600,432700,432800,432900,433000,7000,66500,100000,93400,83500,45800,46800,158100,42000,114600,432000,431900,431800,431700,431600,431500,431400,431300,431200,431100,8500,31000,4100,6800,3300,900,2300,3700,15800,9000,439580,426020,7965970,4421676,0,0,0,0,0,
600036.SH,600036,20251209,105633000,432000,400,17280,41383,0,,,23926220,1029878047,432700,428300,431800,431800,432100,432200,432300,432400,432500,432600,432700,432800,432900,433000,9300,66700,100000,93900,82500,45800,46800,158100,42000,114600,432000,431900,431800,431700,431600,431500,431400,431300,431200,431100,16800,31000,4100,6800,3700,900,2300,3300,15800,9000,439580,426030,7968870,4429976,0,0,0,0,0,
600036.SH,600036,20251209,105636000,432000,1400,60480,41388,0,,,23927620,1029938527,432700,428300,431800,431800,432100,432200,432300,432400,432500,432600,432700,432800,432900,433000,16500,76100,100000,93900,82500,45800,46800,158100,42000,115400,432000,431900,431800,431700,431600,431500,431400,431300,431200,431100,15800,21000,4100,6800,3700,900,2300,3300,15800,9000,439560,426010,7986270,4418976,0,0,0,0,0,
600036.SH,600036,20251209,105639000,432000,1000,43206,41390,0,,,23928620,1029981733,432700,428300,431800,431800,432100,432200,432300,432400,432500,432600,432700,432800,432900,433000,16000,76000,100000,93900,83100,45800,46800,158100,42000,117200,432000,431900,431800,431700,431600,431500,431400,431300,431200,431100,16600,20700,4100,6800,3700,900,2300,3300,15800,9000,439560,426010,7990570,4418876,0,0,0,0,0,
600036.SH,600036,20251209,105642000,432000,800,34560,41392,0,,,23929420,1030016293,432700,428300,431800,431800,432100,432200,432300,432400,432500,432600,432700,432800,432900,433000,16100,76000,100000,93900,83100,45800,46800,158100,42000,117200,432000,431900,431800,431700,431600,431500,431400,431300,431200,431100,15800,20700,4100,6800,3700,900,2300,3300,15800,9000,439560,426010,7990970,4419376,0,0,0,0,0,
600036.SH,600036,20251209,105645000,432000,4100,177156,41398,0,,,23933520,1030193449,432700,428300,431800,431800,432100,432200,432300,432400,432500,432600,432700,432800,432900,433000,12700,76000,100100,93900,83200,45700,46800,158100,42000,117200,432000,431900,431800,431700,431600,431500,431400,431300,431200,431100,15300,20700,4100,6800,3700,900,2300,3300,15800,9000,439570,426010,7987870,4417676,0,0,0,0,0,
600036.SH,600036,20251209,105648000,432000,12900,557387,41412,0,,,23946420,1030750836,432700,428300,431800,431800,432100,432200,432300,432400,432500,432600,432700,432800,432900,433000,2000,76000,100100,93900,83200,45700,46800,158100,42000,117100,432000,431900,431800,431700,431600,431500,431400,431300,431200,431100,13100,20700,4100,6800,3700,900,2400,3300,15800,9000,439580,426010,7977370,4415576,0,0,0,0,0,
600036.SH,600036,20251209,105651000,432000,100,4320,41413,0,,,23946520,1030755156,432700,428300,431800,431800,432100,432200,432300,432400,432500,432600,432700,432800,432900,433000,2100,76000,99200,94500,83200,45700,46800,158100,42000,117100,432000,431900,431800,431700,431600,431500,431400,431300,431200,431100,13000,20700,4000,6800,3700,900,2400,3300,15800,9000,439580,426010,7977670,4415276,0,0,0,0,0,
600036.SH,600036,20251209,105654000,432100,4500,194436,41432,0,,,23951020,1030949592,432700,428300,431800,431800,432200,432300,432400,432500,432600,432700,432800,432900,433000,433100,83900,99200,95500,83700,45700,46800,158100,42000,117100,43200,432100,432000,431900,431800,431700,431600,431500,431400,431300,431200,12100,12300,6800,200,6500,3700,900,2400,3300,15800,439570,426000,7990070,4408476,0,0,0,0,0,
600036.SH,600036,20251209,105657000,432100,3200,138272,41439,0,,,23954220,1031087864,432700,428300,431800,431800,432200,432300,432400,432500,432600,432700,432800,432900,433000,433100,76200,98300,95500,83700,45700,46800,158100,42000,117100,43200,432100,432000,431900,431800,431700,431600,431500,431400,431300,431200,16900,12200,7200,1600,6100,1800,900,2400,3300,15800,439570,426010,7983470,4412676,0,0,0,0,0,
600036.SH,600036,20251209,105700000,432100,2000,86420,41442,0,,,23956220,1031174284,432700,428300,431800,431800,432200,432300,432400,432500,432600,432700,432800,432900,433000,433100,80000,98300,95500,83800,45700,46800,163100,42000,118000,43200,432100,432000,431900,431800,431700,431600,431500,431400,431300,431200,15000,12200,7200,1600,6100,1800,900,2400,3300,15800,439560,426010,7993270,4410776,0,0,0,0,0,
600036.SH,600036,20251209,105703000,432100,24600,1062912,41537,0,,,23980820,1032237196,432700,428300,431800,431800,432100,432200,432300,432400,432500,432600,432700,432800,432900,433000,4100,84500,98400,95500,84300,45700,46800,163100,42000,117200,432000,431900,431800,431700,431600,431500,431400,431300,431200,431100,6700,17200,1600,6100,1800,900,2400,3300,15800,9000,439560,425990,8001670,4397876,0,0,0,0,0,
600036.SH,600036,20251209,105706000,432100,300,12961,41540,0,,,23981120,1032250157,432700,428300,431800,431800,432100,432200,432300,432400,432500,432600,432700,432800,432900,433000,14300,83200,98900,95500,84300,45700,46800,163100,42000,117200,432000,431900,431800,431700,431600,431500,431400,431300,431200,431100,7900,17200,1600,6100,1800,900,2400,3300,15800,9000,439550,425990,8011070,4399076,0,0,0,0,0,
600036.SH,600036,20251209,105709000,432000,8900,384527,41557,0,,,23990020,1032634684,432700,428300,431800,431800,432100,432200,432300,432400,432500,432600,432700,432800,432900,433000,10900,83000,98800,95500,84300,45700,46800,163100,42000,123200,432000,431900,431800,431700,431600,431500,431400,431300,431200,431100,4000,17200,1600,6100,1800,900,2400,3300,15800,9000,439550,425990,8013970,4395276,0,0,0,0,0,
600036.SH,600036,20251209,105712000,432000,8600,371540,41573,0,,,23998620,1033006224,432700,428300,431800,431800,432100,432200,432300,432400,432500,432600,432700,432800,432900,433000,20800,83300,98800,95500,84300,45700,46800,163100,42000,123200,432000,431900,431800,431700,431600,431500,431400,431300,431200,431100,200,16800,200,5500,1800,900,2400,3300,15800,9000,439540,425980,8024770,4389076,0,0,0,0,0,
600036.SH,600036,20251209,105715000,432100,3900,168516,41578,0,,,24002520,1033174740,432700,428300,431800,431800,432000,432100,432200,432300,432400,432500,432600,432700,432800,432900,1800,37100,83300,98800,96100,84300,45700,46900,163100,42000,431900,431800,431700,431600,431500,431400,431300,431200,431100,431000,16800,200,5500,1800,900,2400,3300,15800,9000,10500,439520,425980,8044370,4388876,0,0,0,0,0,
600036.SH,600036,20251209,105718000,431900,8200,354203,41613,0,,,24010720,1033528943,432700,428300,431800,431800,432000,432100,432200,432300,432400,432500,432600,432700,432800,432900,6500,38300,83300,98800,96300,84300,45700,46900,163100,42000,431900,431800,431700,431600,431500,431400,431300,431200,431100,431000,12400,200,5500,1800,900,2400,3300,15800,9000,10500,439510,425970,8052870,4384476,0,0,0,0,0,
600036.SH,600036,20251209,105721000,431900,1400,60467,41625,0,,,24012120,1033589410,432700,428300,431800,431800,432000,432100,432200,432300,432400,432500,432600,432700,432800,432900,16400,40300,83400,99300,96300,83800,45700,46900,163100,42000,431900,431800,431700,431600,431500,431400,431300,431200,431100,431000,11100,200,5500,1800,900,2400,3300,15800,9000,6800,439500,425970,8066970,4379476,0,0,0,0,0,
600036.SH,600036,20251209,105724000,431900,4600,198706,41642,0,,,24016720,1033788116,432700,428300,431800,431800,432000,432100,432200,432300,432400,432500,432600,432700,432800,432900,13300,41200,83400,104800,96300,83900,45700,46900,163100,42000,431900,431800,431700,431600,431500,431400,431300,431200,431100,431000,9700,200,5500,2300,900,2400,3300,15800,9000,6800,439500,425960,8070670,4378576,0,0,0,0,0,
600036.SH,600036,20251209,105727000,432000,1300,56157,41645,0,,,24018020,1033844273,432700,428300,431800,431800,432000,432100,432200,432300,432400,432500,432600,432700,432800,432900,12800,41200,83400,104900,96300,84000,45700,46900,163100,42000,431900,431800,431700,431600,431500,431400,431300,431200,431100,431000,9400,200,5500,2300,900,2400,3300,15800,9000,6800,439500,425960,8071370,4378376,0,0,0,0,0,
600036.SH,600036,20251209,105730000,431900,13400,578746,41649,0,,,24031420,1034423019,432700,428300,431800,431800,431900,432000,432100,432200,432300,432400,432500,432600,432700,432800,40300,14300,41400,83400,104900,96300,84000,45700,46900,162900,431800,431700,431600,431500,431400,431300,431200,431100,431000,430900,5100,5800,2300,900,2400,3300,15800,9000,6800,1300,439460,425960,8114070,4374176,0,0,0,0,0,
600036.SH,600036,20251209,105733000,431900,0,0,41649,0,,,24031420,1034423019,432700,428300,431800,431800,431900,432000,432100,432200,432300,432400,432500,432600,432700,432800,40700,14300,42400,84400,104800,96300,84000,45700,46900,162900,431800,431700,431600,431500,431400,431300,431200,431100,431000,430900,5200,5800,2300,900,2400,3300,15800,9000,6800,1300,439460,425960,8117470,4374276,0,0,0,0,0,
600036.SH,600036,20251209,105736000,431900,0,0,41649,0,,,24031420,1034423019,432700,428300,431800,431800,431900,432000,432100,432200,432300,432400,432500,432600,432700,432800,40800,14500,40300,84400,104800,96300,84000,45700,48900,162900,431800,431700,431600,431500,431400,431300,431200,431100,431000,430900,5200,5800,2300,900,2400,3300,15800,9000,6800,1300,439460,425960,8113670,4373276,0,0,0,0,0,
600036.SH,600036,20251209,105739000,431900,1300,56138,41654,0,,,24032720,1034479157,432700,428300,431800,431800,431900,432000,432100,432200,432300,432400,432500,432600,432700,432800,40900,4600,39600,84400,104800,96300,84000,45500,48900,162900,431800,431700,431600,431500,431400,431300,431200,431100,431000,430900,5000,5800,2300,900,2400,3300,15800,9000,6800,1300,439470,425960,8102170,4373076,0,0,0,0,0,
600036.SH,600036,20251209,105742000,431900,3200,138208,41657,0,,,24035920,1034617365,432700,428300,431800,431800,431900,432000,432100,432200,432300,432400,432500,432600,432700,432800,37800,4800,40100,84400,104800,96300,86000,45500,48900,162900,431800,431700,431600,431500,431400,431300,431200,431100,431000,430900,6200,5800,2600,900,2400,3300,15800,9000,6800,1300,439470,425960,8101870,4374376,0,0,0,0,0,
600036.SH,600036,20251209,105745000,431800,2100,90683,41673,0,,,24038020,1034708048,432700,428300,431800,431800,431900,432000,432100,432200,432300,432400,432500,432600,432700,432800,37300,4800,40300,84400,104800,96300,86000,45200,48900,162900,431800,431700,431600,431500,431400,431300,431200,431100,431000,430900,5000,5800,2600,900,2400,3300,15800,9000,6800,1300,439470,425960,8102770,4373276,0,0,0,0,0,
600036.SH,600036,20251209,105748000,431800,13500,582930,41685,0,,,24051520,1035290978,432700,428300,431800,431800,431900,432000,432100,432200,432300,432400,432500,432600,432700,432800,42600,4800,32000,84400,104800,96300,86000,45200,48900,162900,431700,431600,431500,431400,431300,431200,431100,431000,430900,430800,5800,2100,900,2400,3300,15800,9000,6800,1300,13600,439470,425950,8099670,4367776,0,0,0,0,0,
600036.SH,600036,20251209,105751000,431800,0,0,41685,0,,,24051520,1035290978,432700,428300,431800,431800,431900,432000,432100,432200,432300,432400,432500,432600,432700,432800,42600,4800,31500,84400,104800,96300,85900,45200,48900,162900,431700,431600,431500,431400,431300,431200,431100,431000,430900,430800,12000,1700,900,2400,3300,15800,9000,6800,1700,13600,439470,425960,8099070,4373976,0,0,0,0,0,
600036.SH,600036,20251209,105754000,431700,3600,155468,41691,0,,,24055120,1035446446,432700,428300,431800,431800,431800,431900,432000,432100,432200,432300,432400,432500,432600,432700,600,40800,4100,31800,84400,104800,96300,85600,45200,49100,431700,431600,431500,431400,431300,431200,431100,431000,430900,430800,12500,1700,900,2400,3300,15800,9000,7300,1700,13600,439480,425960,8097370,4374676,0,0,0,0,0,
600036.SH,600036,20251209,105757000,431700,0,0,41691,0,,,24055120,1035446446,432700,428300,431800,431800,431800,431900,432000,432100,432200,432300,432400,432500,432600,432700,12500,40200,4100,31800,84600,104800,96300,85600,45200,49100,431700,431600,431500,431400,431300,431200,431100,431000,430900,430800,12500,1700,900,2400,3300,15800,9000,7300,1700,13600,439470,425960,8110970,4372376,0,0,0,0,0,
600036.SH,600036,20251209,105800000,431700,10600,457618,41705,0,,,24065720,1035904064,432700,428300,431800,431800,431800,431900,432000,432100,432200,432300,432400,432500,432600,432700,11400,40200,4100,32400,84600,105100,96300,85400,45200,49100,431700,431600,431500,431400,431300,431200,431100,431000,430900,430800,3800,1700,900,2900,3300,15800,9000,6800,1700,13600,439470,425950,8110770,4363376,0,0,0,0,0,
600036.SH,600036,20251209,105803000,431700,7300,315124,41735,0,,,24073020,1036219188,432700,428300,431800,431800,431700,431800,431900,432000,432100,432200,432300,432400,432500,432600,1500,11200,41800,4100,28200,80500,101700,96300,85400,45200,431600,431500,431400,431300,431200,431100,431000,430900,430800,430700,100,11400,2400,3200,15800,9000,6800,1700,13600,1300,439480,425950,8104070,4368176,0,0,0,0,0,
600036.SH,600036,20251209,105806000,431700,4300,185627,41749,0,,,24077320,1036404815,432700,428300,431800,431800,431800,431900,432000,432100,432200,432300,432400,432500,432600,432700,11200,41700,4100,24600,77200,101700,96300,85400,45200,49100,431600,431500,431400,431300,431200,431100,431000,430900,430800,430700,2200,12700,2400,3200,15800,9000,6800,2200,13700,1300,439480,425960,8095570,4372276,0,0,0,0,0,
600036.SH,600036,20251209,105809000,431700,100,4317,41750,0,,,24077420,1036409132,432700,428300,431800,431800,431800,431900,432000,432100,432200,432300,432400,432500,432600,432700,12200,41100,4200,25100,77200,101300,96300,85400,45200,49100,431700,431600,431500,431400,431300,431200,431100,431000,430900,430800,100,2900,12700,2400,3200,15800,9000,6800,2200,13700,439480,425960,8096170,4374076,0,0,0,0,0,
600036.SH,600036,20251209,105812000,431800,19400,837727,41758,0,,,24096820,1037246859,432700,428300,431800,431800,431900,432000,432100,432200,432300,432400,432500,432600,432700,432800,37600,6200,23100,77200,101200,96800,85400,45200,49100,162900,431700,431600,431500,431400,431300,431200,431100,431000,430900,430800,8000,4400,2500,2400,3200,15800,9000,6800,2200,13700,439500,425950,8080370,4373976,0,0,0,0,0,
600036.SH,600036,20251209,105815000,431600,9000,388521,41764,0,,,24105820,1037635380,432700,428300,431800,431800,431900,432000,432100,432200,432300,432400,432500,432600,432700,432800,46300,4900,23000,77200,101200,96800,84500,45200,49100,162900,431600,431500,431400,431300,431200,431100,431000,430900,430800,430700,3600,2500,2400,3200,15800,9000,6800,2200,13700,1400,439490,425940,8086970,4365076,0,0,0,0,0,
600036.SH,600036,20251209,105818000,431800,7100,306505,41771,0,,,24112920,1037941885,432700,428300,431800,431800,431800,431900,432000,432100,432200,432300,432400,432500,432600,432700,100,46600,4900,22500,77200,101200,95900,84500,45200,49100,431700,431600,431500,431400,431300,431200,431100,431000,430900,430800,100,12000,2500,2400,2800,15800,9000,6800,2200,13700,439490,425950,8085570,4373576,0,0,0,0,0,
600036.SH,600036,20251209,105821000,431800,1900,82056,41777,0,,,24114820,1038023941,432700,428300,431800,431800,431800,431900,432000,432100,432200,432300,432400,432500,432600,432700,1600,42200,4900,22800,77200,101200,96400,84500,45200,49100,431700,431600,431500,431400,431300,431200,431100,431000,430900,430800,100,12000,2500,2400,2800,15800,9000,6800,2200,13700,439490,425950,8083570,4373376,0,0,0,0,0,
600036.SH,600036,20251209,105824000,431800,3100,133869,41783,0,,,24117920,1038157810,432700,428300,431800,431800,431900,432000,432100,432200,432300,432400,432500,432600,432700,432800,41100,6700,22800,77200,101200,95900,84500,45200,49100,162900,431800,431700,431600,431500,431400,431300,431200,431100,431000,430900,4500,800,1400,2600,3300,3200,15800,9400,6400,1800,439490,425950,8082670,4368576,0,0,0,0,0,
600036.SH,600036,20251209,105827000,431800,19100,824925,41786,0,,,24137020,1038982735,432700,428300,431800,431800,431900,432000,432100,432200,432300,432400,432500,432600,432700,432800,22600,6700,23800,77200,101200,95900,84500,45200,49100,162900,431800,431700,431600,431500,431400,431300,431200,431100,431000,430900,600,800,1400,2600,3300,3200,15800,9400,6400,1800,439510,425940,8064270,4364976,0,0,0,0,0,
600036.SH,600036,20251209,105830000,431800,10300,444754,41795,0,,,24147320,1039427489,432700,428300,431800,431800,431900,432000,432100,432200,432300,432400,432500,432600,432700,432800,16900,4700,23800,77200,101200,95900,84500,45300,49100,162900,431800,431700,431600,431500,431400,431300,431200,431100,431000,430900,4700,800,1400,2600,3300,3800,15800,9400,6400,1800,439520,425950,8056670,4370176,0,0,0,0,0,
600036.SH,600036,20251209,105833000,431800,20800,898302,41820,0,,,24168120,1040325791,432700,428300,431800,431800,431800,431900,432000,432100,432200,432300,432400,432500,432600,432700,97600,1100,4700,23800,77300,105500,95900,84500,45300,49100,431700,431600,431500,431400,431300,431200,431100,431000,430900,430800,800,1400,2600,3300,3800,15800,9400,6400,1800,13700,439440,425940,8142470,4365476,0,0,0,0,0,
600036.SH,600036,20251209,105836000,431700,102700,4434634,41841,0,,,24270820,1044760425,432700,428300,431800,431800,432000,432100,432200,432300,432400,432500,432600,432700,432800,432900,5100,23300,77300,105500,95900,84500,45300,48800,163400,42600,431700,431600,431500,431400,431300,431200,431100,431000,430900,430800,47700,1400,2600,3300,4100,15800,9400,6200,1800,13700,439530,426000,8043470,4409476,0,0,0,0,0,
600036.SH,600036,20251209,105839000,431800,2700,116604,41855,0,,,24273520,1044877029,432700,428300,431800,431800,431800,432000,432100,432200,432300,432400,432500,432600,432700,432800,500,4600,23300,77300,105500,95900,84500,45300,49200,163400,431700,431600,431500,431400,431300,431200,431100,431000,430900,430800,49600,1400,2600,3300,4100,15900,9400,6200,1800,13700,439530,426010,8044370,4411676,0,0,0,0,0,
600036.SH,600036,20251209,105842000,431800,8600,371292,41874,0,,,24282120,1045248321,432700,428300,431800,431800,431800,432000,432100,432200,432300,432400,432500,432600,432700,432800,900,4600,23500,77300,105500,95900,84500,45300,49200,162900,431700,431600,431500,431400,431300,431200,431100,431000,430900,430800,50400,1400,2600,3300,4100,15900,9400,6200,1800,13700,439530,426010,8042470,4412176,0,0,0,0,0,
600036.SH,600036,20251209,105845000,431700,700,30223,41879,0,,,24282820,1045278544,432700,428300,431800,431800,431800,432000,432100,432200,432300,432400,432500,432600,432700,432800,500,5600,23800,77300,105500,95900,84500,45300,49200,162900,431700,431600,431500,431400,431300,431200,431100,431000,430900,430800,50100,1400,2600,3300,4100,15900,9400,6200,1800,13700,439530,426010,8044970,4411676,0,0,0,0,0,
600036.SH,600036,20251209,105848000,431800,400,17272,41881,0,,,24283220,1045295816,432700,428300,431800,431800,431800,432000,432100,432200,432300,432400,432500,432600,432700,432800,1100,5600,23800,77600,105700,95900,84500,45300,49200,162900,431700,431600,431500,431400,431300,431200,431100,431000,430900,430800,50100,1400,2600,3300,4100,15900,9400,6200,1800,13700,439530,426010,8047070,4411676,0,0,0,0,0,
600036.SH,600036,20251209,105851000,431800,3500,151171,41892,0,,,24286720,1045446987,432700,428300,431800,431800,432000,432100,432200,432300,432400,432500,432600,432700,432800,432900,13300,23900,77600,105700,95900,85000,45300,49200,162900,42600,431800,431700,431600,431500,431400,431300,431200,431100,431000,430900,6200,50100,1400,2600,3300,4100,15900,9400,6200,1800,439520,426010,8054670,4417976,0,0,0,0,0,
600036.SH,600036,20251209,105854000,431800,3800,164084,41895,0,,,24290520,1045611071,432700,428300,431800,431800,431900,432000,432100,432200,432300,432400,432500,432600,432700,432800,100,13400,23800,77600,87600,95900,85000,45300,50200,162900,431800,431700,431600,431500,431400,431300,431200,431100,431000,430900,36200,50100,1400,2600,3300,4100,15900,9800,6200,1800,439540,426050,8037670,4447876,0,0,0,0,0,
600036.SH,600036,20251209,105857000,432000,2600,112314,41903,0,,,24293120,1045723385,432700,428300,431800,431800,431900,432000,432100,432200,432300,432400,432500,432600,432700,432800,400,12200,23800,77600,87600,95900,85000,45300,50200,162900,431800,431700,431600,431500,431400,431300,431200,431100,431000,430900,38200,50100,1400,3600,3300,4100,15800,9800,6200,1800,439540,426060,8038370,4452276,0,0,0,0,0,
600036.SH,600036,20251209,105900000,431900,3700,159804,41912,0,,,24296820,1045883189,432700,428300,431800,431800,431900,432000,432100,432200,432300,432400,432500,432600,432700,432800,600,11500,23800,77600,90600,95900,85000,45300,50200,162900,431800,431700,431600,431500,431400,431300,431200,431100,431000,430900,38300,50100,1400,3600,3300,4100,15800,9400,6200,1800,439540,426060,8040970,4451576,0,0,0,0,0,
600036.SH,600036,20251209,105903000,431800,1800,77731,41917,0,,,24298620,1045960920,432700,428300,431800,431800,432000,432100,432200,432300,432400,432500,432600,432700,432800,432900,11500,23800,78100,90600,95900,85000,45300,49700,162900,42600,431800,431700,431600,431500,431400,431300,431200,431100,431000,430900,38200,50100,1400,4000,3300,4100,15800,9400,6200,1800,439540,426060,8039470,4451976,0,0,0,0,0,
600036.SH,600036,20251209,105906000,431900,300,12957,41918,0,,,24298920,1045973877,432700,428300,431800,431800,431900,432000,432100,432200,432300,432400,432500,432600,432700,432800,200,11800,23800,78100,90600,95900,85000,45300,49700,162900,431800,431700,431600,431500,431400,431300,431200,431100,431000,430900,38000,50100,1400,4000,3300,4100,15800,9400,6200,1800,439540,426060,8039970,4453976,0,0,0,0,0,
600036.SH,600036,20251209,105909000,431900,900,38867,41922,0,,,24299820,1046012744,432700,428300,431800,431800,432000,432100,432200,432300,432400,432500,432600,432700,432800,432900,13000,23900,78100,90600,95900,85000,45300,49700,162900,42600,431900,431800,431700,431600,431500,431400,431300,431200,431100,431000,400,37600,50100,1800,4000,2900,4100,15800,9400,6200,439540,426060,8043070,4454476,0,0,0,0,0,
600036.SH,600036,20251209,105912000,431900,2900,125251,41931,0,,,24302720,1046137995,432700,428300,431800,431800,431900,432000,432100,432200,432300,432400,432500,432600,432700,432800,5600,13100,23900,78100,90600,95800,85000,45300,49700,162900,431800,431700,431600,431500,431400,431300,431200,431100,431000,430900,37100,50000,1800,4000,2900,4100,15800,9400,6200,1800,439530,426060,8045970,4453476,0,0,0,0,0,
600036.SH,600036,20251209,105915000,431800,2700,116591,41935,0,,,24305420,1046254586,432700,428300,431800,431800,431900,432000,432100,432200,432300,432400,432500,432600,432700,432800,10300,13300,23900,78100,90600,95800,85000,45300,49700,162900,431800,431700,431600,431500,431400,431300,431200,431100,431000,430900,35600,50000,1800,4400,2900,4100,15800,9400,6200,1800,439530,426060,8050870,4452376,0,0,0,0,0,
600036.SH,600036,20251209,105918000,431800,1000,43180,41936,0,,,24306420,1046297766,432700,428300,431800,431800,431900,432000,432100,432200,432300,432400,432500,432600,432700,432800,10400,13400,23900,78100,90600,95800,85000,45300,49700,162900,431800,431700,431600,431500,431400,431300,431200,431100,431000,430900,34600,50000,1800,4400,2900,4100,15800,9400,6200,1800,439530,426050,8051170,4451376,0,0,0,0,0,
600036.SH,600036,20251209,105921000,431800,7800,336804,41948,0,,,24314220,1046634570,432700,428300,431800,431800,431900,432000,432100,432200,432300,432400,432500,432600,432700,432800,15300,13400,24000,78100,90800,95800,85000,45300,50000,162900,431700,431600,431500,431400,431300,431200,431100,431000,430900,430800,8400,1700,3600,2900,4100,15800,10200,6600,1800,13700,439520,425950,8057670,4372276,0,0,0,0,0,
600036.SH,600036,20251209,105924000,431800,3800,164096,41954,0,,,24318020,1046798666,432700,428300,431800,431800,431900,432000,432100,432200,432300,432400,432500,432600,432700,432800,11200,13300,24000,78200,90800,95800,85000,45300,50000,162900,431700,431600,431500,431400,431300,431200,431100,431000,430900,430800,8400,3400,4000,2900,3700,15800,10200,6600,1800,13700,439520,425960,8053570,4372276,0,0,0,0,0,
600036.SH,600036,20251209,105927000,431700,100,4317,41955,0,,,24318120,1046802983,432700,428300,431800,431800,431800,431900,432000,432100,432200,432300,432400,432500,432600,432700,100,12200,13600,24000,78200,90800,95800,85000,45700,50000,431700,431600,431500,431400,431300,431200,431100,431000,430900,430800,8900,3600,4000,2900,3700,15800,10200,6600,1800,13700,439520,425960,8055370,4373176,0,0,0,0,0,
600036.SH,600036,20251209,105930000,431700,0,0,41955,0,,,24318120,1046802983,432700,428300,431800,431800,431800,431900,432000,432100,432200,432300,432400,432500,432600,432700,500,13200,13700,24000,78300,90800,95800,85000,45700,50000,431700,431600,431500,431400,431300,431200,431100,431000,430900,430800,8900,3600,4000,3700,3700,15800,9400,6600,1800,13700,439520,425960,8064270,4374876,0,0,0,0,0,
600036.SH,600036,20251209,105933000,431900,4500,194315,41963,0,,,24322620,1046997298,432700,428300,431800,431800,431900,432000,432100,432200,432300,432400,432500,432600,432700,432800,12700,13700,24100,78300,90800,95600,85000,45700,49000,162900,431800,431700,431600,431500,431400,431300,431200,431100,431000,430900,100,9500,3600,3600,3700,3700,15800,9400,6600,1800,439520,425960,8063070,4375676,0,0,0,0,0,
600036.SH,600036,20251209,105936000,431800,700,30226,41969,0,,,24323320,1047027524,432700,428300,431800,431800,431800,431900,432000,432100,432200,432300,432400,432500,432600,432700,100,45300,13700,24100,78300,90800,95600,85000,45700,49000,431700,431600,431500,431400,431300,431200,431100,431000,430900,430800,8900,3600,4000,3700,3700,15800,9000,7000,1800,13700,439490,425960,8101870,4377776,0,0,0,0,0,
600036.SH,600036,20251209,105939000,431700,4100,177011,41981,0,,,24327420,1047204535,432700,428300,431800,431800,431800,431900,432000,432100,432200,432300,432400,432500,432600,432700,32900,12800,13800,24100,78300,90800,95600,85000,45700,49000,431700,431600,431500,431400,431300,431200,431100,431000,430900,430800,6900,3600,4000,4200,3700,15800,9000,7000,1800,13700,439490,425960,8102270,4376776,0,0,0,0,0,
600036.SH,600036,20251209,105942000,431800,1500,64770,41982,0,,,24328920,1047269305,432700,428300,431800,431800,431800,431900,432000,432100,432200,432300,432400,432500,432600,432700,31800,12700,13800,24100,78300,90800,95600,85000,45700,49000,431700,431600,431500,431400,431300,431200,431100,431000,430900,430800,6900,3600,4000,4200,3700,15800,9000,7000,1800,13700,439490,425960,8098070,4376776,0,0,0,0,0,
600036.SH,600036,20251209,105945000,431700,1500,64766,41985,0,,,24330420,1047334071,432700,428300,431800,431800,431800,431900,432000,432100,432200,432300,432400,432500,432600,432700,31000,12700,13700,24100,78300,90800,95600,84900,45700,49000,431700,431600,431500,431400,431300,431200,431100,431000,430900,430800,7200,3600,4000,4200,3700,15800,9000,7000,1800,13700,439490,425960,8098070,4377076,0,0,0,0,0,
600036.SH,600036,20251209,105948000,431700,100,4317,41986,0,,,24330520,1047338388,432700,428300,431800,431800,431800,431900,432000,432100,432200,432300,432400,432500,432600,432700,34600,9400,16700,24100,78300,90800,95600,84900,45700,49000,431700,431600,431500,431400,431300,431200,431100,431000,430900,430800,7100,3600,4000,4200,3700,15800,9000,7000,1800,13700,439480,425960,8101870,4377076,0,0,0,0,0,
600036.SH,600036,20251209,105951000,431700,400,17271,41988,0,,,24330920,1047355659,432700,428300,431800,431800,431800,431900,432000,432100,432200,432300,432400,432500,432600,432700,34500,9400,16700,24200,78300,90300,95600,84900,45700,49000,431700,431600,431500,431400,431300,431200,431100,431000,430900,430800,7600,3600,4000,4200,3700,15800,9000,7000,1800,13700,439480,425960,8101170,4378376,0,0,0,0,0,
600036.SH,600036,20251209,105954000,431800,3600,155445,41991,0,,,24334520,1047511104,432700,428300,431800,431800,431800,431900,432000,432100,432200,432300,432400,432500,432600,432700,31800,8800,16900,24600,78300,90300,95600,84900,45700,49000,431700,431600,431500,431400,431300,431200,431100,431000,430900,430800,8000,3600,4000,4200,3700,15800,9000,7000,1800,13700,439490,425960,8099270,4378776,0,0,0,0,0,
600036.SH,600036,20251209,105957000,431700,1900,82023,41993,0,,,24336420,1047593127,432700,428300,431800,431800,431800,431900,432000,432100,432200,432300,432400,432500,432600,432700,33700,7300,16900,24600,79000,90300,95600,83900,45700,49000,431700,431600,431500,431400,431300,431200,431100,431000,430900,430800,6700,3600,4000,4200,3700,15800,9000,7000,1800,13700,439490,425960,8099370,4377476,0,0,0,0,0,
600036.SH,600036,20251209,110000000,431700,2100,90663,41996,0,,,24338520,1047683790,432700,428300,431800,431800,431800,431900,432000,432100,432200,432300,432400,432500,432600,432700,35400,7300,16900,24600,79000,89300,95600,83900,45700,49000,431700,431600,431500,431400,431300,431200,431100,431000,430900,430800,5200,3600,4000,4200,3700,15800,9000,7000,1800,13700,439490,425960,8099870,4377076,0,0,0,0,0,
600036.SH,600036,20251209,110003000,431700,100,4317,41997,0,,,24338620,1047688107,432700,428300,431800,431800,431800,431900,432000,432100,432200,432300,432400,432500,432600,432700,35500,7300,16900,23600,78000,89300,95600,82800,45700,49000,431700,431600,431500,431400,431300,431200,431100,431000,430900,430800,6300,3600,4000,4200,3700,15800,9000,7000,1800,13700,439490,425970,8096170,4393176,0,0,0,0,0,
600036.SH,600036,20251209,110006000,431700,5100,220167,42010,0,,,24343720,1047908274,432700,428300,431800,431800,431800,431900,432000,432100,432200,432300,432400,432500,432600,432700,35500,7300,20900,23600,78000,89300,95600,82800,45700,49000,431700,431600,431500,431400,431300,431200,431100,431000,430900,430800,1400,3600,4000,4600,4100,15800,9000,6600,1800,13700,439480,425970,8100170,4388676,0,0,0,0,0,
600036.SH,600036,20251209,110009000,431800,2500,107943,42019,0,,,24346220,1048016217,432700,428300,431800,431800,431800,431900,432000,432100,432200,432300,432400,432500,432600,432700,34000,7300,21300,23600,78000,89300,95600,83800,45700,49000,431700,431600,431500,431400,431300,431200,431100,431000,430900,430800,3500,3600,4000,4600,4100,15800,9000,6600,1800,13600,439480,425970,8100070,4390376,0,0,0,0,0,
600036.SH,600036,20251209,110012000,431700,13400,578340,42046,0,,,24359620,1048594557,432700,428300,431800,431800,431700,431800,431900,432000,432100,432200,432300,432400,432500,432600,500,33200,7300,21300,23600,77000,89300,95600,83800,45700,431500,431400,431300,431200,431100,431000,430900,430800,430700,430600,200,9700,4100,15800,9000,7000,3000,14000,1400,5100,439490,425960,8098770,4386576,0,0,0,0,0,
600036.SH,600036,20251209,110015000,431600,3500,151122,42050,0,,,24363120,1048745679,432700,428300,431800,431800,431700,431800,431900,432000,432100,432200,432300,432400,432500,432600,20700,10700,7600,21100,23600,77000,89300,95600,83700,45700,431500,431400,431300,431200,431100,431000,430900,430800,430700,430600,200,6100,4100,15700,9000,7000,3000,14000,1400,5100,439490,425960,8096470,4383476,0,0,0,0,0,
600036.SH,600036,20251209,110018000,431600,600,25891,42055,0,,,24363720,1048771570,432700,428300,431800,431800,431700,431800,431900,432000,432100,432200,432300,432400,432500,432600,21500,7200,8600,22100,23500,77000,89300,95700,83700,45600,431500,431400,431300,431200,431100,431000,430900,430800,430700,430600,500,4800,4100,15700,9000,7000,3000,14500,1400,5100,439490,425960,8095670,4382976,0,0,0,0,0,
600036.SH,600036,20251209,110021000,431700,8700,375428,42079,0,,,24372420,1049146998,432700,428300,431800,431800,431700,431800,431900,432000,432100,432200,432300,432400,432500,432600,20400,7200,8700,22100,23500,77000,89300,95700,83700,45600,431600,431500,431400,431300,431200,431100,431000,430900,430800,430700,100,9800,6800,22800,15700,9000,7000,3000,14500,1400,439490,426000,8095770,4413976,0,0,0,0,0,
600036.SH,600036,20251209,110024000,431700,17900,772540,42107,0,,,24390320,1049919538,432700,428300,431800,431800,431600,431700,431800,431900,432000,432100,432200,432300,432400,432500,100,16500,7200,9000,22500,23500,76500,89300,95700,83700,431500,431400,431300,431200,431100,431000,430900,430800,430700,430600,1300,7400,24500,15700,9000,6600,1800,13600,1400,5100,439490,425990,8092470,4405176,0,0,0,0,0,
600036.SH,600036,20251209,110027000,431600,14200,612872,42117,0,,,24404520,1050532410,432700,428300,431800,431800,431700,431800,431900,432000,432100,432200,432300,432400,432500,432600,4900,6200,8900,22500,23600,76500,89300,95700,83700,45600,431600,431400,431300,431200,431100,431000,430900,430800,430700,430600,300,17400,24500,15700,9000,6600,2300,13600,1400,5100,439510,426000,8076970,4415176,0,0,0,0,0,
600036.SH,600036,20251209,110030000,431800,6500,280602,42135,0,,,24411020,1050813012,432700,428300,431800,431800,431800,431900,432000,432100,432200,432300,432400,432500,432600,432700,5300,8900,22500,23600,76500,89300,95700,85700,45600,49000,431700,431600,431400,431300,431200,431100,431000,430900,430800,430700,3900,600,17400,24800,15700,8900,6200,2300,13600,1400,439510,426000,8073170,4419276,0,0,0,0,0,
600036.SH,600036,20251209,110033000,431800,2000,86357,42145,0,,,24413020,1050899369,432700,428300,431800,431800,431800,431900,432000,432100,432200,432300,432400,432500,432600,432700,4400,9000,22600,23600,74500,90300,95700,85700,45600,49000,431700,431600,431500,431400,431300,431200,431100,431000,430900,430800,5000,5600,400,17400,24400,15700,8900,6200,2300,13600,439510,426010,8071470,4425776,0,0,0,0,0,
600036.SH,600036,20251209,110036000,431700,5100,220167,42151,0,,,24418120,1051119536,432700,428300,431800,431800,431700,431800,431900,432000,432100,432200,432300,432400,432500,432600,7500,4700,9000,22600,23600,75700,90300,95700,85700,45600,431600,431500,431400,431300,431200,431100,431000,430900,430800,430700,5600,400,17300,24400,15700,8900,6200,2300,13600,1400,439500,426000,8080470,4421076,0,0,0,0,0,
600036.SH,600036,20251209,110039000,431600,400,17266,42153,0,,,24418520,1051136802,432700,428300,431800,431800,431700,431800,431900,432000,432100,432200,432300,432400,432500,432600,7500,4700,7800,22500,23600,75600,90300,95700,85700,45600,431600,431500,431400,431300,431200,431100,431000,430900,430800,430700,7500,400,17300,24400,15700,8900,6200,2300,13600,1400,439500,426010,8079070,4423576,0,0,0,0,0,
600036.SH,600036,20251209,110042000,431600,2800,120854,42158,0,,,24421320,1051257656,432700,428300,431800,431800,431700,431800,431900,432000,432100,432200,432300,432400,432500,432600,7000,5100,7800,23600,23600,75600,90300,95700,85700,45600,431600,431500,431400,431300,431200,431100,431000,430900,430800,430700,5800,400,17300,24400,15700,8900,6200,2300,13600,1400,439500,426010,8080070,4421676,0,0,0,0,0,
600036.SH,600036,20251209,110045000,431600,1900,82013,42164,0,,,24423220,1051339669,432700,428300,431800,431800,431700,431800,431900,432000,432100,432200,432300,432400,432500,432600,6100,5200,7800,28400,23600,75600,90300,95700,85700,45600,431600,431500,431400,431300,431200,431100,431000,430900,430800,430700,6200,400,17300,24400,15700,9400,6200,2300,13600,1400,439500,426010,8083670,4422276,0,0,0,0,0,
600036.SH,600036,20251209,110048000,431600,200,8632,42166,0,,,24423420,1051348301,432700,428300,431800,431800,431700,431800,431900,432000,432100,432200,432300,432400,432500,432600,7300,6200,7800,28400,23600,66100,90300,95700,85700,45600,431600,431500,431400,431300,431200,431100,431000,430900,430800,430700,6100,400,17300,24900,15700,9400,6200,2300,13600,1400,439510,426010,8076670,4422676,0,0,0,0,0,
600036.SH,600036,20251209,110051000,431400,12200,526443,42181,0,,,24435620,1051874744,432700,428300,431800,431800,431700,431800,431900,432000,432100,432200,432300,432400,432500,432600,7000,6300,7700,28400,24100,66100,89900,95700,85700,45600,431600,431400,431300,431200,431100,431000,430900,430800,430700,430600,100,15000,23100,15700,9400,6200,2300,13600,1400,5100,439510,426000,8076470,4414176,0,0,0,0,0,
600036.SH,600036,20251209,110054000,431600,9400,405820,42194,0,,,24445020,1052280564,432700,428300,431800,431800,431800,431900,432000,432100,432200,432300,432400,432500,432600,432700,4400,7800,28500,24100,66100,89900,95700,85700,45600,49000,431600,431500,431400,431300,431200,431100,431000,430900,430800,430700,700,2100,14800,23100,15700,9900,7100,2800,13600,1400,439530,426000,8044570,4416776,0,0,0,0,0,
600036.SH,600036,20251209,110057000,431800,1200,51816,42198,0,,,24446220,1052332380,432700,428300,431800,431800,431700,431800,431900,432000,432100,432200,432300,432400,432500,432600,100,3100,7500,28000,24100,66100,89300,95700,86100,45600,431600,431500,431400,431300,431200,431100,431000,430900,430800,430700,3600,3100,14800,23100,15700,9900,7100,2800,13600,1400,439540,426000,8042370,4420676,0,0,0,0,0,
600036.SH,600036,20251209,110100000,431700,3100,133834,42215,0,,,24449320,1052466214,432700,428300,431800,431800,431800,431900,432000,432100,432200,432300,432400,432500,432600,432700,1400,8000,27700,24100,66100,88900,95700,85700,45600,49000,431600,431500,431400,431300,431200,431100,431000,430900,430800,430700,3100,3100,15200,24600,15700,9400,6200,2300,13600,1400,439540,426000,8039970,4418976,0,0,0,0,0,
600036.SH,600036,20251209,110103000,431900,3400,146785,42231,0,,,24452720,1052612999,432700,428300,431800,431800,431800,431900,432000,432100,432200,432300,432400,432500,432600,432700,200,7700,27900,24100,66100,88900,95700,85700,45600,49000,431700,431600,431500,431400,431300,431200,431100,431000,430900,430800,300,1700,3100,15200,24600,15700,9400,6200,2300,13600,439540,426000,8038670,4417876,0,0,0,0,0,
600036.SH,600036,20251209,110106000,431700,1200,51824,42235,0,,,24453920,1052664823,432700,428300,431800,431800,431800,431900,432000,432100,432200,432300,432400,432500,432600,432700,100,6800,36900,24100,66100,88900,95700,86700,46100,49000,431700,431600,431500,431400,431300,431200,431100,431000,430900,430800,200,1700,3100,15700,24600,15700,9400,6200,2300,13600,439530,426000,8049370,4418376,0,0,0,0,0,
600036.SH,600036,20251209,110109000,431900,500,21593,42238,0,,,24454420,1052686416,432700,428300,431800,431800,431900,432000,432100,432200,432300,432400,432500,432600,432700,432800,6600,37400,24100,66100,88900,95700,86700,46100,49000,163000,431800,431700,431600,431500,431400,431300,431200,431100,431000,430900,300,39600,1700,3100,14900,23600,15700,9400,6200,1800,439530,426050,8049970,4456776,0,0,0,0,0,
600036.SH,600036,20251209,110112000,431800,500,21590,42241,0,,,24454920,1052708006,432700,428300,431800,431800,431900,432000,432100,432200,432300,432400,432500,432600,432700,432800,6600,37400,24100,66700,88900,95700,86900,45600,49000,163000,431800,431700,431600,431500,431400,431300,431200,431100,431000,430900,7200,39300,3000,4600,14900,23600,15700,9400,6200,1800,439530,426060,8050370,4466276,0,0,0,0,0,
600036.SH,600036,20251209,110115000,431700,34600,1493786,42281,0,,,24489520,1054201792,432700,428300,431800,431800,431800,431900,432000,432100,432200,432300,432400,432500,432600,432700,33400,7600,37400,24100,66700,88900,95700,86900,45600,47000,431700,431600,431500,431400,431300,431200,431100,431000,430900,430800,15100,3000,4600,14900,23600,15700,9400,6200,1800,13600,439500,426020,8083870,4436576,0,0,0,0,0,
600036.SH,600036,20251209,110118000,431800,7600,328166,42286,0,,,24497120,1054529958,432700,428300,431800,431800,431800,431900,432000,432100,432200,432300,432400,432500,432600,432700,28400,8000,38400,24100,67100,88900,95700,86900,45600,47000,431700,431600,431500,431400,431300,431200,431100,431000,430900,430800,32200,3000,4600,14900,23600,15700,9400,6200,1800,13600,439510,426050,8074170,4453476,0,0,0,0,0,
600036.SH,600036,20251209,110121000,431700,62900,2715482,42340,0,,,24560020,1057245440,432700,428300,431800,431800,431800,431900,432000,432100,432200,432300,432400,432500,432600,432700,20000,8000,38400,24000,67100,88900,95700,86900,45600,47000,431700,431600,431500,431400,431300,431200,431100,431000,430900,430800,12700,32100,4600,14900,23600,15700,9400,6200,1800,13600,439510,426060,8065770,4463076,0,0,0,0,0,
600036.SH,600036,20251209,110124000,431800,3400,146810,42343,0,,,24563420,1057392250,432700,428300,431800,431800,431800,431900,432000,432100,432200,432300,432400,432500,432600,432700,17300,9000,38400,24000,67100,88900,95700,86900,45600,44600,431700,431600,431500,431400,431300,431200,431100,431000,430900,430800,3400,32100,4600,14900,23600,15700,9400,6200,1800,13600,439520,426050,8063170,4453776,0,0,0,0,0,
600036.SH,600036,20251209,110127000,431800,5800,250444,42344,0,,,24569220,1057642694,432700,428300,431800,431800,431800,431900,432000,432100,432200,432300,432400,432500,432600,432700,11500,9000,38400,24000,67100,88900,95700,86900,45600,44600,431700,431600,431500,431400,431300,431200,431100,431000,430900,430800,2900,32100,4600,14900,24600,15700,9400,6200,1800,13600,439520,426050,8057570,4454276,0,0,0,0,0,
600036.SH,600036,20251209,110130000,431700,400,17268,42346,0,,,24569620,1057659962,432700,428300,431800,431800,431800,431900,432000,432100,432200,432300,432400,432500,432600,432700,20600,9000,40500,24000,67100,88900,95700,86900,45600,44600,431700,431600,431500,431400,431300,431200,431100,431000,430900,430800,9200,32100,4600,14900,24600,15700,9400,6200,1800,13600,439510,426050,8070170,4460576,0,0,0,0,0,
600036.SH,600036,20251209,110133000,431800,4300,185674,42349,0,,,24573920,1057845636,432700,428300,431800,431800,431800,431900,432000,432100,432200,432300,432400,432500,432600,432700,15900,9000,48800,26000,67100,88900,95700,86900,45600,44600,431700,431600,431500,431400,431300,431200,431100,431000,430900,430800,41200,30800,4600,14900,24600,15700,9400,6200,1800,13600,439500,426090,8076770,4491276,0,0,0,0,0,
600036.SH,600036,20251209,110136000,431900,26100,1127053,42395,0,,,24600020,1058972689,432700,428300,431800,431800,431900,432000,432100,432200,432300,432400,432500,432600,432700,432800,2600,48800,26200,67100,88900,95700,110100,45600,44600,163000,431700,431600,431500,431400,431300,431200,431100,431000,430900,430800,40300,30800,4400,14900,24600,15600,9400,6200,1800,13600,439510,426090,8077870,4489176,0,0,0,0,0,
600036.SH,600036,20251209,110139000,431800,12700,548549,42415,0,,,24612720,1059521238,432700,428300,431800,431800,431800,432000,432100,432200,432300,432400,432500,432600,432700,432800,2700,44100,26200,67100,97700,95700,110100,45600,44600,163000,431700,431600,431500,431400,431300,431200,431100,431000,430900,430800,41000,31200,4000,14900,24600,15600,9400,6200,1800,13600,439500,426090,8082570,4486076,0,0,0,0,0,
600036.SH,600036,20251209,110142000,431800,5200,224568,42431,0,,,24617920,1059745806,432700,428300,431800,431800,432000,432100,432200,432300,432400,432500,432600,432700,432800,432900,42700,26200,66500,97700,95700,110100,46500,44600,163000,43000,431800,431700,431600,431500,431400,431300,431200,431100,431000,430900,6800,41900,30800,3700,14900,24600,6600,9400,6200,1800,439500,426080,8079270,4485476,0,0,0,0,0,
600036.SH,600036,20251209,110145000,431800,1500,64794,42434,0,,,24619420,1059810600,432700,428300,431800,431800,432000,432100,432200,432300,432400,432500,432600,432700,432800,432900,41700,26600,66400,97700,95700,110100,46500,44600,163000,43000,431900,431800,431700,431600,431500,431400,431300,431200,431100,431000,47500,19300,41900,30800,3700,14900,24600,6600,9400,6200,439510,426150,8078570,4545476,0,0,0,0,0,
600036.SH,600036,20251209,110148000,432000,13300,574528,42458,0,,,24632720,1060385128,432700,428300,431800,431800,432000,432100,432200,432300,432400,432500,432600,432700,432800,432900,31500,26600,69400,97800,95700,110100,46500,44600,163000,43000,431900,431800,431700,431600,431500,431400,431300,431200,431100,431000,48500,19200,42400,30800,3300,14900,24600,6200,9400,6200,439510,426150,8071470,4546776,0,0,0,0,0,
600036.SH,600036,20251209,110151000,432000,33500,1447200,42494,0,,,24666220,1061832328,432700,428300,431800,431800,432100,432200,432300,432400,432500,432600,432700,432800,432900,433000,26600,69400,97700,96300,110100,45900,44600,163000,43000,119500,432000,431900,431800,431700,431600,431500,431400,431300,431200,431100,32700,55700,23600,42300,30600,3300,14900,24600,6200,9400,439540,426210,8039970,4590676,0,0,0,0,0,
600036.SH,600036,20251209,110154000,432000,600,25923,42499,0,,,24666820,1061858251,432700,428300,431800,431800,432100,432200,432300,432400,432500,432600,432700,432800,432900,433000,26400,70500,97700,96400,110100,45900,44600,163000,43000,119500,432000,431900,431800,431700,431600,431500,431400,431300,431200,431100,24800,55700,24500,43300,30200,2200,14900,24200,6200,9400,439540,426200,8040970,4582776,0,0,0,0,0,
600036.SH,600036,20251209,110157000,432100,4300,185803,42502,0,,,24671120,1062044054,432700,428300,431800,431800,432100,432200,432300,432400,432500,432600,432700,432800,432900,433000,22100,70500,97700,96400,110100,45900,44600,163000,43000,119000,432000,431900,431800,431700,431600,431500,431400,431300,431200,431100,15800,55700,24500,42100,29600,2200,14900,24200,6200,9400,439540,426190,8036170,4572076,0,0,0,0,0,
600036.SH,600036,20251209,110200000,432100,0,0,42502,0,,,24671120,1062044054,432700,428300,431800,431800,432100,432200,432300,432400,432500,432600,432700,432800,432900,433000,22400,70500,97700,96400,110100,45900,44600,163000,43000,119000,432000,431900,431800,431700,431600,431500,431400,431300,431200,431100,18200,55700,25500,42100,29600,2200,14900,24200,6200,9400,439550,426190,8033870,4576376,0,0,0,0,0,
600036.SH,600036,20251209,110203000,432000,7500,324054,42510,0,,,24678620,1062368108,432700,428300,431800,431800,432100,432200,432300,432400,432500,432600,432700,432800,432900,433000,17000,70500,97700,96400,110100,45900,44600,163000,43000,119000,432000,431900,431800,431700,431600,431500,431400,431300,431200,431100,63100,55700,25500,42100,29600,3200,14900,24200,6200,9400,439550,426250,8028270,4621976,0,0,0,0,0,
600036.SH,600036,20251209,110206000,432000,50800,2194567,42589,0,,,24729420,1064562675,432700,428300,431800,431800,432100,432200,432300,432400,432500,432600,432700,432800,432900,433000,19600,70500,97700,96500,111100,45900,44600,163000,43000,119000,432000,431900,431800,431700,431600,431500,431400,431300,431200,431100,18900,55700,25500,42100,29600,3200,14900,24200,6200,9400,439550,426190,8032970,4577776,0,0,0,0,0,
600036.SH,600036,20251209,110209000,432100,1200,51851,42592,0,,,24730620,1064614526,432700,428300,431800,431800,432100,432200,432300,432400,432500,432600,432700,432800,432900,433000,19200,70500,97700,96500,110900,45900,44600,163000,43000,119000,432000,431900,431800,431700,431600,431500,431400,431300,431200,431100,47900,55700,25500,42100,29600,3200,14900,24200,6200,9400,439550,426230,8032370,4607476,0,0,0,0,0,
600036.SH,600036,20251209,110212000,432100,0,0,42592,0,,,24730620,1064614526,432700,428300,431800,431800,432100,432200,432300,432400,432500,432600,432700,432800,432900,433000,19400,80500,97700,96500,110900,45900,44600,163000,43000,119000,432000,431900,431800,431700,431600,431500,431400,431300,431200,431100,56200,55700,28300,42600,29600,3200,14900,24200,6200,9400,439540,426240,8042570,4618176,0,0,0,0,0,
600036.SH,600036,20251209,110215000,432100,4100,177161,42595,0,,,24734720,1064791687,432700,428300,431800,431800,432100,432200,432300,432400,432500,432600,432700,432800,432900,433000,15600,80500,97700,96800,116100,45900,44600,163000,43000,120400,432000,431900,431800,431700,431600,431500,431400,431300,431200,431100,56500,55700,28300,42600,29600,3200,14900,24200,6200,9400,439540,426240,8046170,4618876,0,0,0,0,0,
600036.SH,600036,20251209,110218000,432100,2000,86415,42606,0,,,24736720,1064878102,432700,428300,431800,431800,432100,432200,432300,432400,432500,432600,432700,432800,432900,433000,14300,80600,98000,96900,116100,45900,44700,163000,43000,120400,432000,431900,431800,431700,431600,431500,431400,431300,431200,431100,56100,55700,28300,42600,29600,3200,14900,24200,6200,9400,439540,426240,8045470,4618376,0,0,0,0,0,
600036.SH,600036,20251209,110221000,432100,1300,56173,42610,0,,,24738020,1064934275,432700,428300,431800,431800,432100,432200,432300,432400,432500,432600,432700,432800,432900,433000,13000,80700,98000,97000,116100,45900,44700,163000,43000,121400,432000,431900,431800,431700,431600,431500,431400,431300,431200,431100,56800,55700,28300,42600,29600,3200,14900,24200,6200,9400,439540,426240,8045670,4619076,0,0,0,0,0,
600036.SH,600036,20251209,110224000,432000,6100,263580,42630,0,,,24744120,1065197855,432700,428300,431800,431800,432100,432200,432300,432400,432500,432600,432700,432800,432900,433000,7000,80700,98000,97000,116100,45900,44700,163100,43000,121400,432000,431900,431800,431700,431600,431500,431400,431300,431200,431100,56700,55700,28300,42600,29600,3200,14900,24200,6200,9400,439540,426250,8041670,4620576,0,0,0,0,0,
600036.SH,600036,20251209,110227000,432100,7800,336973,42643,0,,,24751920,1065534828,432700,428300,431800,431800,432100,432200,432300,432400,432500,432600,432700,432800,432900,433000,5700,80700,98000,97100,116100,45900,44700,163100,43000,121400,432000,431900,431800,431700,431600,431500,431400,431300,431200,431100,50800,55700,28300,42600,29600,3200,14900,24200,6200,9400,439540,426240,8042970,4614676,0,0,0,0,0,
600036.SH,600036,20251209,110230000,432000,10400,449283,42654,0,,,24762320,1065984111,432700,428300,431800,431800,432100,432200,432300,432400,432500,432600,432700,432800,432900,433000,16400,80900,97600,97100,115100,45900,44700,163100,43000,120400,432000,431900,431800,431700,431600,431500,431400,431300,431200,431100,41300,55700,27900,42600,29600,3200,15000,24200,6200,9400,439530,426230,8051470,4604676,0,0,0,0,0,
600036.SH,600036,20251209,110233000,432100,3100,133929,42661,0,,,24765420,1066118040,432700,428300,431800,431800,432100,432200,432300,432400,432500,432600,432700,432800,432900,433000,24600,81000,97600,97100,115100,45900,44700,163100,43000,120300,432000,431900,431800,431700,431600,431500,431400,431300,431200,431100,39400,55700,27900,42600,29600,3200,15000,24200,6200,9400,439520,426220,8059670,4603276,0,0,0,0,0,
600036.SH,600036,20251209,110236000,432000,1100,47522,42667,0,,,24766520,1066165562,432700,428300,431800,431800,432100,432200,432300,432400,432500,432600,432700,432800,432900,433000,25100,81700,97600,97100,115200,45900,44700,163100,42500,120300,432000,431900,431800,431700,431600,431500,431400,431300,431200,431100,38700,55700,27900,42600,29600,3200,15000,24200,6200,9400,439520,426220,8063770,4602676,0,0,0,0,0,
600036.SH,600036,20251209,110239000,432000,16500,712791,42705,0,,,24783020,1066878353,432700,428300,431800,431800,432100,432200,432300,432400,432500,432600,432700,432800,432900,433000,24100,81700,97600,97100,115200,45900,44700,163100,42500,120300,432000,431900,431800,431700,431600,431500,431400,431300,431200,431100,500,53500,26900,42100,29100,3200,15000,24200,6200,9400,439520,426170,8062370,4563276,0,0,0,0,0,
600036.SH,600036,20251209,110242000,431900,2800,120937,42714,0,,,24785820,1066999290,432700,428300,431800,431800,432000,432100,432200,432300,432400,432500,432600,432700,432800,432900,2400,24100,81700,97600,97100,115200,45900,44700,163100,42500,431900,431800,431700,431600,431500,431400,431300,431200,431100,431000,11400,26900,42100,29100,3200,15000,24200,6200,9400,6700,439520,426120,8065170,4520176,0,0,0,0,0,
600036.SH,600036,20251209,110245000,431900,4000,172760,42721,0,,,24789820,1067172050,432700,428300,431800,431800,432000,432100,432200,432300,432400,432500,432600,432700,432800,432900,2800,28200,82300,97600,96500,115200,45900,44700,163100,42500,431900,431800,431700,431600,431500,431400,431300,431200,431100,431000,8000,26900,42100,29600,3200,15000,24200,6200,9400,6700,439520,426110,8069670,4517776,0,0,0,0,0,
600036.SH,600036,20251209,110248000,432000,1500,64800,42724,0,,,24791320,1067236850,432700,428300,431800,431800,432000,432100,432200,432300,432400,432500,432600,432700,432800,432900,2200,25800,82300,97500,96200,115200,45900,44700,163100,42500,431900,431800,431700,431600,431500,431400,431300,431200,431100,431000,7800,26900,42100,29600,3200,15000,24200,6200,9400,6700,439520,426110,8066370,4518376,0,0,0,0,0,
600036.SH,600036,20251209,110251000,432100,6300,272136,42738,0,,,24797620,1067508986,432700,428300,431800,431800,432000,432100,432200,432300,432400,432500,432600,432700,432800,432900,1500,25100,82300,99800,96200,115400,45900,44700,163100,42500,431900,431800,431700,431600,431500,431400,431300,431200,431100,431000,4600,26900,42100,29600,3200,15000,24200,6200,9400,6700,439520,426110,8063070,4515576,0,0,0,0,0,
600036.SH,600036,20251209,110254000,431900,6300,272129,42749,0,,,24803920,1067781115,432700,428300,431800,431800,432000,432100,432200,432300,432400,432500,432600,432700,432800,432900,1000,28100,82300,99800,96200,115400,45900,44700,163100,42500,431900,431800,431700,431600,431500,431400,431300,431200,431100,431000,1500,31900,40600,29100,3200,15000,24200,6200,9400,6700,439520,426110,8065570,4515476,0,0,0,0,0,
600036.SH,600036,20251209,110257000,431900,800,34552,42752,0,,,24804720,1067815667,432700,428300,431800,431800,432000,432100,432200,432300,432400,432500,432600,432700,432800,432900,3900,28400,82300,99800,96200,115400,45900,44700,163100,41500,431900,431800,431700,431600,431500,431400,431300,431200,431100,431000,1500,31900,40600,29100,3200,15000,24200,6200,9400,6700,439510,426110,8068070,4515476,0,0,0,0,0,
600036.SH,600036,20251209,110300000,432100,6200,267831,42788,0,,,24810920,1068083498,432700,428300,431800,431800,432100,432200,432300,432400,432500,432600,432700,432800,432900,433000,27700,82100,99800,96200,115400,45900,44700,163600,41500,120700,431900,431800,431700,431600,431500,431400,431300,431200,431100,431000,500,31900,40600,29100,3200,15000,24200,6200,9400,6700,439520,426110,8063770,4517776,0,0,0,0,0,
600036.SH,600036,20251209,110303000,432100,3500,151221,42801,0,,,24814420,1068234719,432700,428300,431800,431800,432100,432200,432300,432400,432500,432600,432700,432800,432900,433000,26600,82100,99800,96200,115400,45900,44700,163600,41500,120700,431900,431800,431700,431600,431500,431400,431300,431200,431100,431000,800,31900,40600,29100,3200,15000,24200,6200,9400,6700,439520,426110,8064070,4518276,0,0,0,0,0,
600036.SH,600036,20251209,110306000,432100,0,0,42801,0,,,24814420,1068234719,432700,428300,431800,431800,432000,432100,432200,432300,432400,432500,432600,432700,432800,432900,300,30600,82100,100400,96300,115400,45900,44700,163600,39500,431900,431800,431700,431600,431500,431400,431300,431200,431100,431000,800,31900,40600,30100,3200,15000,24200,6200,9400,6700,439520,426110,8068070,4519376,0,0,0,0,0,
600036.SH,600036,20251209,110309000,432100,900,38886,42804,0,,,24815320,1068273605,432700,428300,431800,431800,432100,432200,432300,432400,432500,432600,432700,432800,432900,433000,30400,81600,100900,96200,115400,45900,44700,163600,39500,121700,431900,431800,431700,431600,431500,431400,431300,431200,431100,431000,800,31900,40600,30100,3200,15000,24700,6200,9400,6700,439520,426110,8067570,4519576,0,0,0,0,0,
600036.SH,600036,20251209,110312000,432100,0,0,42804,0,,,24815320,1068273605,432700,428300,431800,431800,432000,432100,432200,432300,432400,432500,432600,432700,432800,432900,1000,31700,81600,100800,96200,115400,45900,44700,163600,39500,431900,431800,431700,431600,431500,431400,431300,431200,431100,431000,2100,31900,40600,30100,3200,15000,24700,6200,9400,6700,439510,426120,8078470,4521076,0,0,0,0,0,
600036.SH,600036,20251209,110315000,431900,2200,95019,42812,0,,,24817520,1068368624,432700,428300,431800,431800,431900,432000,432100,432200,432300,432400,432500,432600,432700,432800,6900,1000,31900,81600,100800,96200,116000,45900,44700,163600,431800,431700,431600,431500,431400,431300,431200,431100,431000,430900,31900,40600,30500,3200,15000,24700,6200,9400,6700,1100,439510,426110,8086170,4519376,0,0,0,0,0,
600036.SH,600036,20251209,110318000,431800,27200,1174827,42868,0,,,24844720,1069543451,432700,428300,431800,431800,431900,432000,432100,432200,432300,432400,432500,432600,432700,432800,100,13800,33300,81600,100700,96200,116000,45900,44700,163600,431800,431700,431600,431500,431400,431300,431200,431100,431000,430900,25000,40600,30100,3200,15000,24700,6200,9400,6700,1100,439500,426100,8094370,4512076,0,0,0,0,0,
600036.SH,600036,20251209,110321000,431900,100,4319,42869,0,,,24844820,1069547770,432700,428300,431800,431800,431900,432000,432100,432200,432300,432400,432500,432600,432700,432800,8500,10700,24800,83500,100700,96200,116000,45900,44700,163600,431800,431700,431600,431500,431400,431300,431200,431100,431000,430900,25000,40600,30100,3200,15000,34000,21000,13000,6700,1100,439500,426130,8093070,4539776,0,0,0,0,0,
600036.SH,600036,20251209,110324000,431900,4200,181398,42872,0,,,24849020,1069729168,432700,428300,431800,431800,431900,432000,432100,432200,432300,432400,432500,432600,432700,432800,4400,6900,24800,83500,100700,96200,117000,45900,44700,163600,431800,431700,431600,431500,431400,431300,431200,431100,431000,430900,25100,40600,30100,3200,15000,34000,21000,13000,6700,1100,439510,426140,8086270,4539876,0,0,0,0,0,
600036.SH,600036,20251209,110327000,431900,700,30232,42874,0,,,24849720,1069759400,432700,428300,431800,431800,431900,432000,432100,432200,432300,432400,432500,432600,432700,432800,4000,5700,24600,84000,100700,96200,117000,45900,44700,163600,431800,431700,431600,431500,431400,431300,431200,431100,431000,430900,25700,40600,44900,20100,15000,24700,6200,9400,6700,1100,439510,426140,8086670,4543276,0,0,0,0,0,
600036.SH,600036,20251209,110330000,431800,3500,151164,42877,0,,,24853220,1069910564,432700,428300,431800,431800,431900,432000,432100,432200,432300,432400,432500,432600,432700,432800,1400,5900,58500,84000,100700,96200,115000,46200,44700,163600,431800,431700,431600,431500,431400,431300,431200,431100,431000,430900,25800,40600,44900,20100,15000,24700,6200,9400,6700,1100,439480,426140,8116470,4542576,0,0,0,0,0,
600036.SH,600036,20251209,110333000,431800,3100,133858,42879,0,,,24856320,1070044422,432700,428300,431800,431800,431900,432000,432100,432200,432300,432400,432500,432600,432700,432800,1600,6200,59500,84000,100700,96600,115000,46200,44700,163300,431800,431700,431600,431500,431400,431300,431200,431100,431000,430900,22700,40500,44900,20100,15000,24700,6200,9400,6700,1100,439480,426140,8118370,4538876,0,0,0,0,0,
600036.SH,600036,20251209,110336000,431800,100,4318,42880,0,,,24856420,1070048740,432700,428300,431800,431800,431900,432000,432100,432200,432300,432400,432500,432600,432700,432800,1700,6300,60400,84000,100700,96600,115000,46200,44700,163300,431800,431700,431600,431500,431400,431300,431200,431100,431000,430900,23600,40500,44900,24200,15000,24700,6200,9400,6700,1100,439480,426140,8119470,4543876,0,0,0,0,0,
600036.SH,600036,20251209,110339000,431900,1100,47509,42885,0,,,24857520,1070096249,432700,428300,431800,431800,431900,432000,432100,432200,432300,432400,432500,432600,432700,432800,1000,6300,60000,84000,100700,96600,115000,46200,44700,163300,431800,431700,431600,431500,431400,431300,431200,431100,431000,430900,24200,40500,44900,24200,15000,24700,6200,9400,6700,1100,439480,426140,8118270,4542476,0,0,0,0,0,
600036.SH,600036,20251209,110342000,431800,2500,107988,42895,0,,,24860020,1070204237,432700,428300,431800,431800,431900,432000,432100,432200,432300,432400,432500,432600,432700,432800,300,4900,60000,83400,100700,96600,115000,46200,45300,163300,431800,431700,431600,431500,431400,431300,431200,431100,431000,430900,24200,40500,45300,24200,15000,24700,6200,9400,6700,1100,439480,426140,8116170,4543476,0,0,0,0,0,
600036.SH,600036,20251209,110345000,431900,100,4319,42896,0,,,24860120,1070208556,432700,428300,431800,431800,431900,432000,432100,432200,432300,432400,432500,432600,432700,432800,11100,5300,60000,83400,100700,96600,115000,46200,45300,163300,431800,431700,431600,431500,431400,431300,431200,431100,431000,430900,24200,40500,45300,24200,15000,24700,6200,9400,7200,1100,439470,426140,8127470,4543976,0,0,0,0,0,
600036.SH,600036,20251209,110348000,431800,1000,43180,42897,0,,,24861120,1070251736,432700,428300,431800,431800,431900,432000,432100,432200,432300,432400,432500,432600,432700,432800,11200,5900,62400,83400,94100,96600,115000,46200,44700,163300,431800,431700,431600,431500,431400,431300,431200,431100,431000,430900,23900,40500,45300,27900,15000,24700,6200,9400,7200,1100,439470,426150,8123270,4548076,0,0,0,0,0,
600036.SH,600036,20251209,110351000,431800,3500,151130,42898,0,,,24864620,1070402866,432700,428300,431800,431800,431900,432000,432100,432200,432300,432400,432500,432600,432700,432800,12200,7100,62400,83400,94100,96600,115000,46200,44700,163300,431800,431700,431600,431500,431400,431300,431200,431100,431000,430900,20800,41600,45300,27900,3700,24700,6200,9400,7200,1100,439470,426130,8126470,4534276,0,0,0,0,0,
600036.SH,600036,20251209,110354000,431800,21200,915459,42909,0,,,24885820,1071318325,432700,428300,431800,431800,431900,432000,432100,432200,432300,432400,432500,432600,432700,432800,8000,7600,62400,84200,94100,96600,115000,46200,44700,163300,431800,431700,431600,431500,431400,431300,431200,431100,431000,430900,4000,41600,45300,27900,3700,24700,6200,9400,7200,1100,439470,426110,8123570,4517076,0,0,0,0,0,
600036.SH,600036,20251209,110357000,431800,200,8636,42911,0,,,24886020,1071326961,432700,428300,431800,431800,431900,432000,432100,432200,432300,432400,432500,432600,432700,432800,8100,8100,64500,84200,94100,96600,115000,46200,44700,163300,431800,431700,431600,431500,431400,431300,431200,431100,431000,430900,4500,41600,45300,27900,3700,24700,6200,9400,7200,1100,439470,426110,8126270,4516876,0,0,0,0,0,
600036.SH,600036,20251209,110400000,431800,5900,254762,42931,0,,,24891920,1071581723,432700,428300,431800,431800,431900,432000,432100,432200,432300,432400,432500,432600,432700,432800,8500,8300,64500,83800,94100,96600,115000,46200,44700,163300,431800,431700,431600,431500,431400,431300,431200,431100,431000,430900,100,41600,45300,27900,3700,24700,6300,9400,7200,1100,439470,426110,8126570,4512576,0,0,0,0,0,
600036.SH,600036,20251209,110403000,431800,1500,64771,42937,0,,,24893420,1071646494,432700,428300,431800,431800,431800,431900,432000,432100,432200,432300,432400,432500,432600,432700,3600,8400,8300,64500,83800,94100,96600,115000,46200,44700,431700,431600,431500,431400,431300,431200,431100,431000,430900,430800,41600,45300,28000,3700,24700,6300,9400,7200,1100,13600,439470,426110,8129770,4512776,0,0,0,0,0,
600036.SH,600036,20251209,110406000,431800,3500,151129,42940,0,,,24896920,1071797623,432700,428300,431800,431800,431800,431900,432000,432100,432200,432300,432400,432500,432600,432700,400,9500,8300,65000,83700,94100,96600,115000,46200,44700,431700,431600,431500,431400,431300,431200,431100,431000,430900,430800,9000,45300,28000,4200,24700,6300,9400,7200,1100,13600,439470,426070,8127070,4481476,0,0,0,0,0,
600036.SH,600036,20251209,110409000,431800,100,4318,42941,0,,,24897020,1071801941,432700,428300,431800,431800,431800,431900,432000,432100,432200,432300,432400,432500,432600,432700,500,9500,8900,65000,83400,94100,96600,115000,46200,44700,431700,431600,431500,431400,431300,431200,431100,431000,430900,430800,9000,44900,28000,4600,24700,6300,9400,7200,1100,13600,439470,426070,8126970,4482476,0,0,0,0,0,
600036.SH,600036,20251209,110412000,431700,5400,233215,42950,0,,,24902420,1072035156,432700,428300,431800,431800,431800,431900,432000,432100,432200,432300,432400,432500,432600,432700,200,5100,9000,65100,83400,94100,96600,115000,46200,44700,431700,431600,431500,431400,431300,431200,431100,431000,430900,430800,8800,44900,28000,4600,24700,6300,9400,7200,1100,13600,439470,426070,8122470,4482376,0,0,0,0,0,
600036.SH,600036,20251209,110415000,431700,300,12953,42952,0,,,24902720,1072048109,432700,428300,431800,431800,431800,431900,432000,432100,432200,432300,432400,432500,432600,432700,800,5000,9100,65200,83400,94100,96600,115000,46200,45700,431700,431600,431500,431400,431300,431200,431100,431000,430900,430800,9300,30100,12800,4600,36000,10700,12500,7200,1100,13600,439470,426050,8124170,4472176,0,0,0,0,0,
600036.SH,600036,20251209,110418000,431900,2000,86356,42957,0,,,24904720,1072134465,432700,428300,431800,431800,431900,432000,432100,432200,432300,432400,432500,432600,432700,432800,4600,9100,65200,83500,94100,96600,109800,46200,45700,163200,431700,431600,431500,431400,431300,431200,431100,431000,430900,430800,8500,30600,12200,4600,36000,10700,13100,7200,1100,13600,439480,426050,8116270,4471976,0,0,0,0,0,
600036.SH,600036,20251209,110421000,431900,0,0,42957,0,,,24904720,1072134465,432700,428300,431800,431800,431900,432000,432100,432200,432300,432400,432500,432600,432700,432800,4700,9100,65100,83500,94100,96600,109800,46200,45700,163200,431700,431600,431500,431400,431300,431200,431100,431000,430900,430800,8500,31200,12200,4600,36000,10700,13100,7200,1100,13600,439480,426050,8118070,4472676,0,0,0,0,0,
600036.SH,600036,20251209,110424000,431700,6000,259138,42971,0,,,24910720,1072393603,432700,428300,431800,431800,431900,432000,432100,432200,432300,432400,432500,432600,432700,432800,1800,10500,61400,83600,94600,96600,109800,46200,45700,163200,431700,431600,431500,431400,431300,431200,431100,431000,430900,430800,8400,31200,12200,4100,36000,10700,12500,7200,1100,13600,439480,426050,8116470,4472376,0,0,0,0,0,
600036.SH,600036,20251209,110427000,431800,600,25908,42975,0,,,24911320,1072419511,432700,428300,431800,431800,431900,432000,432100,432200,432300,432400,432500,432600,432700,432800,500,10500,61400,83600,94600,96600,109700,46200,45700,163200,431700,431600,431500,431400,431300,431200,431100,431000,430900,430800,8400,31200,12200,4100,36000,10700,12500,7200,1100,13600,439480,426050,8114970,4472276,0,0,0,0,0,
600036.SH,600036,20251209,110430000,431700,4000,172680,42979,0,,,24915320,1072592191,432700,428300,431800,431800,431800,431900,432000,432100,432200,432300,432400,432500,432600,432700,13300,800,10500,61400,83800,94900,96600,109700,46200,45700,431700,431600,431500,431400,431300,431200,431100,431000,430900,430800,6500,30700,18400,19500,24700,6300,9400,7200,1100,13600,439470,426050,8128570,4472676,0,0,0,0,0,
600036.SH,600036,20251209,110433000,431800,300,12954,42980,0,,,24915620,1072605145,432700,428300,431800,431800,431800,431900,432000,432100,432200,432300,432400,432500,432600,432700,14700,800,9800,61400,83700,94900,96600,109700,46200,45700,431700,431600,431500,431400,431300,431200,431100,431000,430900,430800,6800,30700,18400,19500,24700,6300,9400,7200,1100,13600,439470,426060,8129870,4473276,0,0,0,0,0,
600036.SH,600036,20251209,110436000,431800,1200,51806,42982,0,,,24916820,1072656951,432700,428300,431800,431800,431800,431900,432000,432100,432200,432300,432400,432500,432600,432700,15000,900,11900,61500,83700,94400,96600,110200,46200,45700,431700,431600,431500,431400,431300,431200,431100,431000,430900,430800,6200,30700,18400,19500,24700,6300,9400,7700,1100,13600,439470,426060,8133370,4474576,0,0,0,0,0,
600036.SH,600036,20251209,110439000,431800,3700,159735,42996,0,,,24920520,1072816686,432700,428300,431800,431800,431800,431900,432000,432100,432200,432300,432400,432500,432600,432700,15100,900,12400,61500,83600,94400,96600,110200,46200,45700,431700,431600,431500,431400,431300,431200,431100,431000,430900,430800,3100,30700,18400,19500,24700,6300,9400,7700,1100,13600,439460,426050,8135370,4471476,0,0,0,0,0,
600036.SH,600036,20251209,110442000,431700,12300,531111,42998,0,,,24932820,1073347797,432700,428300,431800,431800,431800,431900,432000,432100,432200,432300,432400,432500,432600,432700,3200,900,12400,61700,83000,94400,96600,110300,46200,45700,431700,431600,431500,431400,431300,431200,431100,431000,430900,430800,3700,30700,18400,19900,24700,6300,9400,7700,1100,13600,439480,426050,8123170,4472976,0,0,0,0,0,
600036.SH,600036,20251209,110445000,431800,8300,358393,43030,0,,,24941120,1073706190,432700,428300,431800,431800,431800,431900,432000,432100,432200,432300,432400,432500,432600,432700,3100,700,11000,61700,83000,94400,96600,111100,46200,45700,431700,431600,431500,431400,431300,431200,431100,431000,430900,430800,5500,29700,18400,19900,24700,6300,9400,7700,1100,13600,439480,426050,8123370,4473476,0,0,0,0,0,
600036.SH,600036,20251209,110448000,431700,600,25906,43033,0,,,24941720,1073732096,432700,428300,431800,431800,431800,431900,432000,432100,432200,432300,432400,432500,432600,432700,2700,700,11100,61700,83000,99600,96600,111600,46200,45700,431700,431600,431500,431400,431300,431200,431100,431000,430900,430800,5900,29300,18400,19900,24700,6300,9400,7700,1100,13600,439490,426050,8103870,4473476,0,0,0,0,0,
600036.SH,600036,20251209,110451000,431800,2900,125222,43037,0,,,24944620,1073857318,432700,428300,431800,431800,431900,432000,432100,432200,432300,432400,432500,432600,432700,432800,500,11100,61800,82800,105000,96600,111600,46200,45700,163200,431800,431700,431600,431500,431400,431300,431200,431100,431000,430900,82700,7900,35200,31200,14500,24700,6300,9400,7700,1100,439480,426180,8111370,4571676,0,0,0,0,0,
600036.SH,600036,20251209,110454000,431900,700,30233,43043,0,,,24945320,1073887551,432700,428300,431800,431800,432000,432100,432200,432300,432400,432500,432600,432700,432800,432900,11100,60300,82900,105000,96600,111600,46200,45700,163200,38500,431900,431800,431700,431600,431500,431400,431300,431200,431100,431000,400,94500,7500,35200,31200,14500,24700,6300,9400,7700,439480,426190,8110470,4583276,0,0,0,0,0,
600036.SH,600036,20251209,110457000,431900,400,17276,43045,0,,,24945720,1073904827,432700,428300,431800,431800,432000,432100,432200,432300,432400,432500,432600,432700,432800,432900,11200,60300,82900,105000,96600,112600,46200,45700,163200,38500,431900,431800,431700,431600,431500,431400,431300,431200,431100,431000,10200,94500,28000,47000,9400,4100,24700,6300,9400,7700,439490,426210,8104470,4593176,0,0,0,0,0,
600036.SH,600036,20251209,110500000,432000,1800,77760,43047,0,,,24947520,1073982587,432700,428300,431800,431800,432000,432100,432200,432300,432400,432500,432600,432700,432800,432900,8900,59900,83000,105100,96600,113100,46200,45700,163200,38500,431900,431800,431700,431600,431500,431400,431300,431200,431100,431000,16300,94500,28400,47000,9400,3700,24700,6300,9500,7700,439490,426210,8103770,4599276,0,0,0,0,0,
600036.SH,600036,20251209,110503000,431900,1200,51828,43050,0,,,24948720,1074034415,432700,428300,431800,431800,432000,432100,432200,432300,432400,432500,432600,432700,432800,432900,8800,60100,83000,105100,96600,113100,46200,45700,163200,38500,431900,431800,431700,431600,431500,431400,431300,431200,431100,431000,16000,94500,28400,47000,9400,3700,24700,6300,9500,7700,439490,426210,8103870,4599576,0,0,0,0,0,
600036.SH,600036,20251209,110506000,431900,100,4319,43051,0,,,24948820,1074038734,432700,428300,431800,431800,432000,432100,432200,432300,432400,432500,432600,432700,432800,432900,9100,60100,83000,105100,96600,113100,46200,45700,163200,38500,431900,431800,431700,431600,431500,431400,431300,431200,431100,431000,15900,94500,28400,47000,9400,3700,24700,6300,9500,7700,439490,426210,8104170,4599476,0,0,0,0,0,
600036.SH,600036,20251209,110509000,431900,2100,90705,43059,0,,,24950920,1074129439,432700,428300,431800,431800,432000,432100,432200,432300,432400,432500,432600,432700,432800,432900,13800,60100,83000,105100,96600,113100,46200,45700,163200,38500,431900,431800,431700,431600,431500,431400,431300,431200,431100,431000,15000,95600,27100,47000,9400,3700,24700,6300,9500,7700,439480,426210,8109570,4598376,0,0,0,0,0,
600036.SH,600036,20251209,110512000,431900,5500,237594,43077,0,,,24956420,1074367033,432700,428300,431800,431800,432000,432100,432200,432300,432400,432500,432600,432700,432800,432900,9100,59900,83500,104600,96600,113200,46200,45700,163200,38500,431900,431800,431700,431600,431500,431400,431300,431200,431100,431000,15500,95600,27100,47500,9400,3700,24700,6300,9500,7700,439490,426210,8099070,4600476,0,0,0,0,0,
600036.SH,600036,20251209,110515000,431800,20300,876791,43129,0,,,24976720,1075243824,432700,428300,431800,431800,431900,432000,432100,432200,432300,432400,432500,432600,432700,432800,1500,16600,60500,83500,104600,96600,113200,46200,45700,163200,431800,431700,431600,431500,431400,431300,431200,431100,431000,430900,95400,26800,46500,9400,3700,24700,6300,9500,7700,1100,439480,426190,8108670,4583476,0,0,0,0,0,
600036.SH,600036,20251209,110518000,431800,1000,43180,43133,0,,,24977720,1075287004,432700,428300,431800,431800,431900,432000,432100,432200,432300,432400,432500,432600,432700,432800,1600,20100,60500,83500,104600,96600,113200,46200,45700,163200,431800,431700,431600,431500,431400,431300,431200,431100,431000,430900,94400,26800,46500,9400,3700,24700,6300,9500,7700,1100,439470,426190,8120670,4583476,0,0,0,0,0,
600036.SH,600036,20251209,110521000,431800,94600,4084829,43375,0,,,25072320,1079371833,432700,428300,431800,431800,431800,431900,432000,432100,432200,432300,432400,432500,432600,432700,300,16700,20000,60500,83500,104500,96600,113200,46200,45700,431700,431600,431500,431400,431300,431200,431100,431000,430900,430800,24900,5100,3200,3700,24700,6300,9500,7700,1100,13600,439460,426010,8136870,4439576,0,0,0,0,0,
600036.SH,600036,20251209,110524000,431800,19200,828907,43410,0,,,25091520,1080200740,432700,428300,431800,431800,431800,431900,432000,432100,432200,432300,432400,432500,432600,432700,2500,16700,20900,60500,83400,104800,96600,113200,46200,45700,431700,431600,431500,431400,431300,431200,431100,431000,430900,430800,16900,5100,3200,3700,24700,6300,9500,7700,1100,13600,439440,426000,8165170,4432276,0,0,0,0,0,
600036.SH,600036,20251209,110527000,431700,400,17271,43412,0,,,25091920,1080218011,432700,428300,431800,431800,431800,431900,432000,432100,432200,432300,432400,432500,432600,432700,3300,16300,19900,60500,83400,104800,96600,113200,46200,45700,431700,431600,431500,431400,431300,431200,431100,431000,430900,430800,19400,5100,3200,3700,24700,6300,9500,7700,1100,13600,439440,426010,8165170,4434676,0,0,0,0,0,
600036.SH,600036,20251209,110530000,431700,6000,259020,43416,0,,,25097920,1080477031,432700,428300,431800,431800,431800,431900,432000,432100,432200,432300,432400,432500,432600,432700,3800,16400,19900,60500,83400,104800,96600,113200,46200,46700,431700,431600,431500,431400,431300,431200,431100,431000,430900,430800,13500,5100,3200,4200,24700,6300,9500,7700,1100,13600,439410,426000,8224670,4429276,0,0,0,0,0,
600036.SH,600036,20251209,110533000,431700,4900,211553,43428,0,,,25102820,1080688584,432700,428300,431800,431800,431800,431900,432000,432100,432200,432300,432400,432500,432600,432700,2500,16400,19800,60500,88400,104800,96600,113200,46200,46700,431700,431600,431500,431400,431300,431200,431100,431000,430900,430800,10700,5100,3200,4200,24700,6300,9500,7700,1100,13600,439410,426000,8229670,4426576,0,0,0,0,0,
600036.SH,600036,20251209,110536000,431700,1800,77719,43436,0,,,25104620,1080766303,432700,428300,431800,431800,431800,431900,432000,432100,432200,432300,432400,432500,432600,432700,1200,16400,19800,60500,88400,104800,96600,113200,46200,46700,431700,431600,431500,431400,431300,431200,431100,431000,430900,430800,10200,5100,3200,4200,24700,6300,9500,7700,1100,13600,439410,425990,8228370,4426076,0,0,0,0,0,
600036.SH,600036,20251209,110539000,431800,3200,138151,43443,0,,,25107820,1080904454,432700,428300,431800,431800,431800,431900,432000,432100,432200,432300,432400,432500,432600,432700,1600,16500,19800,61000,88400,104800,96600,113200,46200,46700,431700,431600,431500,431400,431300,431200,431100,431000,430900,430800,8900,5100,3200,4200,24700,6300,9500,7700,1100,13600,439400,425990,8231670,4424776,0,0,0,0,0,
600036.SH,600036,20251209,110542000,431700,600,25902,43445,0,,,25108420,1080930356,432700,428300,431800,431800,431800,431900,432000,432100,432200,432300,432400,432500,432600,432700,2700,15700,21600,61000,88400,104800,96600,113200,46200,46700,431700,431600,431500,431400,431300,431200,431100,431000,430900,430800,9100,5100,3200,4200,24700,6300,9500,7700,1100,13600,439410,425990,8229370,4425676,0,0,0,0,0,
600036.SH,600036,20251209,110545000,431700,600,25907,43447,0,,,25109020,1080956263,432700,428300,431800,431800,431800,431900,432000,432100,432200,432300,432400,432500,432600,432700,9900,15000,21600,61000,88400,104500,96600,113200,46200,46700,431700,431600,431500,431400,431300,431200,431100,431000,430900,430800,9000,5100,3200,4200,24700,6300,9500,7900,1100,13600,439400,425990,8240670,4424976,0,0,0,0,0,
600036.SH,600036,20251209,110548000,431700,3400,146790,43453,0,,,25112420,1081103053,432700,428300,431800,431800,431800,431900,432000,432100,432200,432300,432400,432500,432600,432700,8800,16100,21700,58600,88400,104500,96600,113200,46200,46700,431700,431600,431500,431400,431300,431200,431100,431000,430900,430800,6800,5100,3200,4200,24700,6300,9500,7900,1100,13600,439400,425990,8238370,4422676,0,0,0,0,0,
600036.SH,600036,20251209,110551000,431800,12200,526787,43462,0,,,25124620,1081629840,432700,428300,431800,431800,431900,432000,432100,432200,432300,432400,432500,432600,432700,432800,9800,21700,58800,88400,104500,96600,113200,46200,46700,163200,431700,431600,431500,431400,431300,431200,431100,431000,430900,430800,5900,5100,3200,4200,24700,6300,9500,7900,1100,13600,439410,425990,8223170,4421776,0,0,0,0,0,
600036.SH,600036,20251209,110554000,431800,1000,43189,43468,0,,,25125620,1081673029,432700,428300,431800,431800,431900,432000,432100,432200,432300,432400,432500,432600,432700,432800,9300,24000,58700,88400,104500,96600,113200,46200,46700,163200,431800,431700,431600,431500,431400,431300,431200,431100,431000,430900,2800,7700,1800,3200,4300,24700,18300,9500,7900,1100,439410,426010,8224870,4435676,0,0,0,0,0,
600036.SH,600036,20251209,110557000,431800,4400,189992,43475,0,,,25130020,1081863021,432700,428300,431800,431800,431900,432000,432100,432200,432300,432400,432500,432600,432700,432800,9300,24200,59200,88400,104500,96600,113200,46200,46700,163200,431800,431700,431600,431500,431400,431300,431200,431100,431000,430900,700,7500,1800,3700,4300,24700,18300,9500,7900,1100,439410,426000,8226070,4433976,0,0,0,0,0,
600036.SH,600036,20251209,110600000,431800,300,12954,43476,0,,,25130320,1081875975,432700,428300,431800,431800,431900,432000,432100,432200,432300,432400,432500,432600,432700,432800,8800,24200,59200,88500,104500,96600,112500,46200,46700,163200,431800,431700,431600,431500,431400,431300,431200,431100,431000,430900,800,7500,9600,3700,4300,24700,6300,9500,7900,1100,439410,426000,8224970,4429876,0,0,0,0,0,
600036.SH,600036,20251209,110603000,431800,0,0,43476,0,,,25130320,1081875975,432700,428300,431800,431800,431900,432000,432100,432200,432300,432400,432500,432600,432700,432800,8800,24200,59200,88500,104500,96600,112500,46200,46700,163200,431800,431700,431600,431500,431400,431300,431200,431100,431000,430900,1600,7500,9600,3700,4200,24700,6300,9500,7900,1100,439410,426000,8222970,4430576,0,0,0,0,0,
600036.SH,600036,20251209,110606000,431900,15400,665106,43499,0,,,25145720,1082541081,432700,428300,431800,431800,432000,432100,432200,432300,432400,432500,432600,432700,432800,432900,23700,59200,88500,104500,96600,112500,46200,46700,163200,38200,431900,431700,431600,431500,431400,431300,431200,431100,431000,430900,70100,6600,9600,3700,4200,24700,6300,9500,7900,1100,439420,426090,8213670,4498476,0,0,0,0,0,
600036.SH,600036,20251209,110609000,431900,5700,246189,43504,0,,,25151420,1082787270,432700,428300,431800,431800,432000,432100,432200,432300,432400,432500,432600,432700,432800,432900,23200,59200,88500,104500,96600,112500,46200,46700,163200,38200,431900,431800,431700,431600,431500,431400,431300,431200,431100,431000,66100,600,10800,27700,3700,3700,24700,6300,9500,7900,439380,426110,8263170,4517176,0,0,0,0,0,
600036.SH,600036,20251209,110612000,432000,23400,1010879,43526,0,,,25174820,1083798149,432700,428300,431800,431800,432100,432200,432300,432400,432500,432600,432700,432800,432900,433000,61300,88500,104600,96600,112500,46200,46700,163200,38200,153000,431900,431800,431700,431600,431500,431400,431300,431200,431100,431000,74400,700,10800,27800,3700,3700,24700,6300,9500,7900,439400,426120,8242170,4525676,0,0,0,0,0,
600036.SH,600036,20251209,110615000,432200,67800,2929597,43567,0,,,25242620,1086727746,432700,428300,431800,431800,432200,432300,432400,432500,432600,432700,432800,432900,433000,433100,86400,104600,96600,112500,46200,46700,163200,38200,153000,23200,431900,431800,431700,431600,431500,431400,431300,431200,431100,431000,75700,900,11300,27800,3200,3700,24700,6300,9500,7900,439460,426120,8178770,4528376,0,0,0,0,0,
600036.SH,600036,20251209,110618000,432200,0,0,43567,0,,,25242620,1086727746,432700,428300,431800,431800,432200,432300,432400,432500,432600,432700,432800,432900,433000,433100,86700,104500,96700,112500,46200,46700,163200,38200,153500,23200,432000,431900,431800,431700,431600,431500,431400,431300,431200,431100,300,76300,900,2100,9700,3200,3700,34200,6300,14600,439460,426120,8179570,4522576,0,0,0,0,0,
600036.SH,600036,20251209,110621000,432200,1800,77796,43569,0,,,25244420,1086805542,432700,428300,431800,431800,432200,432300,432400,432500,432600,432700,432800,432900,433000,433100,85900,104500,96700,112500,46200,46700,163200,38200,164900,23200,432000,431900,431800,431700,431600,431500,431400,431300,431200,431100,600,76500,900,2100,9700,3200,3600,34200,6300,14600,439450,426120,8198470,4522976,0,0,0,0,0,
600036.SH,600036,20251209,110624000,432100,9400,406257,43577,0,,,25253820,1087211799,432700,428300,431800,431800,432200,432300,432400,432500,432600,432700,432800,432900,433000,433100,79100,104500,96700,112500,46200,46700,163200,38200,164900,23200,432100,432000,431900,431800,431700,431600,431500,431400,431300,431200,100,8800,75500,900,2100,9700,3200,4200,34200,6300,439450,426130,8191670,4532376,0,0,0,0,0,
600036.SH,600036,20251209,110627000,432100,100,4321,43578,0,,,25253920,1087216120,432700,428300,431800,431800,432200,432300,432400,432500,432600,432700,432800,432900,433000,433100,80600,104800,96900,112500,46200,46700,163200,38200,164900,23200,432100,432000,431900,431800,431700,431600,431500,431400,431300,431200,1200,9400,75500,900,2100,19600,8100,13800,24700,6300,439450,426140,8193670,4538676,0,0,0,0,0,
600036.SH,600036,20251209,110630000,432100,1300,56185,43580,0,,,25255220,1087272305,432700,428300,431800,431800,432200,432300,432400,432500,432600,432700,432800,432900,433000,433100,80100,104800,96900,112500,46200,46700,163200,38200,164900,23200,432100,432000,431900,431800,431700,431600,431500,431400,431300,431200,7100,9400,75600,2100,2600,19600,8100,13200,24200,6300,439450,426140,8187370,4544676,0,0,0,0,0,
600036.SH,600036,20251209,110633000,432200,1700,73474,43583,0,,,25256920,1087345779,432700,428300,431800,431800,432200,432300,432400,432500,432600,432700,432800,432900,433000,433100,78400,105800,96900,112500,46200,46700,163200,38200,164900,23200,432100,432000,431900,431800,431700,431600,431500,431400,431300,431200,7800,18300,89700,20700,2600,1900,3200,3600,24200,6300,439450,426160,8186670,4554776,0,0,0,0,0,
600036.SH,600036,20251209,110636000,432100,4800,207455,43590,0,,,25261720,1087553234,432700,428300,431800,431800,432200,432300,432400,432500,432600,432700,432800,432900,433000,433100,74600,105800,97300,112400,46200,46700,163200,38200,164900,23200,432100,432000,431900,431800,431700,431600,431500,431400,431300,431200,7800,19400,89600,20600,2600,1900,3200,3600,24200,6800,439460,426160,8186170,4556876,0,0,0,0,0,
600036.SH,600036,20251209,110639000,432100,2100,90755,43594,0,,,25263820,1087643989,432700,428300,431800,431800,432200,432300,432400,432500,432600,432700,432800,432900,433000,433100,73300,108000,97300,112900,49100,46700,163200,38200,164900,23200,432100,432000,431900,431800,431700,431600,431500,431400,431300,431200,8400,18400,89600,21000,2900,1900,3200,3600,24200,6800,439450,426160,8190970,4557076,0,0,0,0,0,
600036.SH,600036,20251209,110642000,432200,77600,3353900,43662,0,,,25341420,1090997889,432700,428300,431800,431800,432300,432400,432500,432600,432700,432800,432900,433000,433100,433200,105200,97300,112900,49100,46700,163200,38200,164900,23200,64500,432200,432100,432000,431900,431800,431700,431600,431500,431400,431300,900,10300,18500,89600,21000,2900,1900,3200,3600,10100,439520,426150,8114870,4545876,0,0,0,0,0,
600036.SH,600036,20251209,110645000,432300,1600,69160,43673,0,,,25343020,1091067049,432700,428300,431800,431800,432300,432400,432500,432600,432700,432800,432900,433000,433100,433200,104700,97800,112900,49100,46700,163300,38200,164900,23200,64500,432200,432100,432000,431900,431800,431700,431600,431500,431400,431300,1100,9300,23900,95100,10100,2900,1900,3800,3600,10100,439520,426150,8115170,4544576,0,0,0,0,0,
600036.SH,600036,20251209,110648000,432200,7900,341453,43680,0,,,25350920,1091408502,432700,428300,431800,431800,432200,432300,432400,432500,432600,432700,432800,432900,433000,433100,14700,103200,97800,112900,49100,46700,163300,38200,163300,23200,432100,432000,431900,431800,431700,431600,431500,431400,431300,431200,9300,23900,94500,10100,2900,1100,3800,3600,10100,3400,439510,426140,8131270,4542176,0,0,0,0,0,
600036.SH,600036,20251209,110651000,432200,1700,73474,43684,0,,,25352620,1091481976,432700,428300,431800,431800,432200,432300,432400,432500,432600,432700,432800,432900,433000,433100,26600,102900,97800,111900,49100,46700,163300,38200,163300,23200,432100,432000,431900,431800,431700,431600,431500,431400,431300,431200,9400,23900,94500,10600,2900,1100,3800,3600,10100,3400,439500,426150,8141170,4542776,0,0,0,0,0,
600036.SH,600036,20251209,110654000,432100,8800,380312,43692,0,,,25361420,1091862288,432700,428300,431800,431800,432200,432300,432400,432500,432600,432700,432800,432900,433000,433100,25300,105900,97800,111900,49100,46700,165300,38200,163300,23200,432100,432000,431900,431800,431700,431600,431500,431400,431300,431200,6900,23900,93400,10600,2900,1100,3800,3600,10100,3400,439500,426140,8144870,4539376,0,0,0,0,0,
600036.SH,600036,20251209,110657000,432100,800,34575,43694,0,,,25362220,1091896863,432700,428300,431800,431800,432200,432300,432400,432500,432600,432700,432800,432900,433000,433100,25000,105900,97800,111900,49100,46700,165300,38200,163300,23200,432100,432000,431900,431800,431700,431600,431500,431400,431300,431200,6900,23900,93400,10600,2900,1100,3800,3600,10100,3400,439500,426140,8144570,4539976,0,0,0,0,0,
600036.SH,600036,20251209,110700000,432100,4300,185845,43698,0,,,25366520,1092082708,432700,428300,431800,431800,432200,432300,432400,432500,432600,432700,432800,432900,433000,433100,20800,108300,97900,111900,49100,47700,165300,38200,163300,23200,432100,432000,431900,431800,431700,431600,431500,431400,431300,431200,6900,23900,93400,10600,2900,1100,3800,3600,10100,3400,439500,426140,8144370,4540076,0,0,0,0,0,
600036.SH,600036,20251209,110703000,432100,0,0,43698,0,,,25366520,1092082708,432700,428300,431800,431800,432200,432300,432400,432500,432600,432700,432800,432900,433000,433100,27400,108300,97900,111800,49100,47700,165300,38200,163300,23200,432100,432000,431900,431800,431700,431600,431500,431400,431300,431200,7000,23900,93400,11000,2900,1100,3800,3600,10100,3400,439490,426140,8151570,4541076,0,0,0,0,0,
600036.SH,600036,20251209,110706000,432200,2200,95074,43702,0,,,25368720,1092177782,432700,428300,431800,431800,432200,432300,432400,432500,432600,432700,432800,432900,433000,433100,26400,108300,97900,111800,49100,47700,165300,38200,163300,23200,432100,432000,431900,431800,431700,431600,431500,431400,431300,431200,6600,23900,92300,11000,2900,1100,3800,3600,10100,3400,439490,426140,8154370,4539576,0,0,0,0,0,
600036.SH,600036,20251209,110709000,432200,3300,142626,43705,0,,,25372020,1092320408,432700,428300,431800,431800,432200,432300,432400,432500,432600,432700,432800,432900,433000,433100,24400,108300,97900,111800,49100,47700,165300,38200,163300,23200,432100,432000,431900,431800,431700,431600,431500,431400,431300,431200,6600,23900,92300,11000,2900,1100,3800,3600,10100,3400,439490,426140,8153470,4539176,0,0,0,0,0,
600036.SH,600036,20251209,110712000,432200,400,17288,43706,0,,,25372420,1092337696,432700,428300,431800,431800,432200,432300,432400,432500,432600,432700,432800,432900,433000,433100,24000,108600,97900,111800,49100,47700,165300,38200,163400,27200,432100,432000,431900,431800,431700,431600,431500,431400,431300,431200,6600,23900,92300,11000,2900,1100,3800,3600,10100,3400,439490,426140,8157770,4539176,0,0,0,0,0,
600036.SH,600036,20251209,110715000,432100,100,4321,43707,0,,,25372520,1092342017,432700,428300,431800,431800,432200,432300,432400,432500,432600,432700,432800,432900,433000,433100,25000,108600,97900,111800,49100,47700,165300,38200,163400,27200,432100,432000,431900,431800,431700,431600,431500,431400,431300,431200,6600,23900,92300,11000,3100,1100,3800,3600,10100,3400,439490,426140,8159370,4539276,0,0,0,0,0,
600036.SH,600036,20251209,110718000,432200,3200,138278,43712,0,,,25375720,1092480295,432700,428300,431800,431800,432200,432300,432400,432500,432600,432700,432800,432900,433000,433100,24500,109700,97900,111800,50100,47700,165300,40200,163400,27200,432100,432000,431900,431800,431700,431600,431500,431400,431300,431200,4000,23900,92300,12000,3100,1100,3800,3600,10100,3400,439490,426140,8161770,4537376,0,0,0,0,0,
600036.SH,600036,20251209,110721000,432300,28000,1210191,43739,0,,,25403720,1093690486,432700,428300,431800,431800,432300,432400,432500,432600,432700,432800,432900,433000,433100,433200,106600,97900,111800,50100,47700,165300,40200,163400,27200,64500,432200,432100,432000,431900,431800,431700,431600,431500,431400,431300,58600,7500,23900,92300,12000,3100,1100,3800,3600,10100,439510,426220,8134170,4598576,0,0,0,0,0,
600036.SH,600036,20251209,110724000,432200,2000,86459,43747,0,,,25405720,1093776945,432700,428300,431800,431800,432300,432400,432500,432600,432700,432800,432900,433000,433100,433200,105500,97900,111800,50100,47700,165300,40200,163000,27200,64500,432200,432100,432000,431900,431800,431700,431600,431500,431400,431300,72300,14800,21100,100500,5100,3100,1100,3800,3600,10100,439510,426240,8132670,4618576,0,0,0,0,0,
600036.SH,600036,20251209,110727000,432200,53600,2316606,43751,0,,,25459320,1096093551,432700,428300,431800,431800,432300,432400,432500,432600,432700,432800,432900,433000,433100,433200,105200,98000,111900,50100,47700,165300,40200,163000,27200,64500,432200,432100,432000,431900,431800,431700,431600,431500,431400,431300,20200,14800,21100,100500,5100,3100,1600,2600,3600,9300,439510,426170,8134570,4565376,0,0,0,0,0,
600036.SH,600036,20251209,110730000,432300,700,30259,43753,0,,,25460020,1096123810,432700,428300,431800,431800,432300,432400,432500,432600,432700,432800,432900,433000,433100,433200,105800,98000,111900,50100,47800,165300,40200,163000,27200,64500,432200,432100,432000,431900,431800,431700,431600,431500,431400,431300,33300,14800,21100,101100,5100,3100,1600,2600,3600,9300,439510,426190,8138770,4579076,0,0,0,0,0,
600036.SH,600036,20251209,110733000,432300,5900,255057,43764,0,,,25465920,1096378867,432700,428300,431800,431800,432300,432400,432500,432600,432700,432800,432900,433000,433100,433200,101600,98000,111900,50100,47800,165300,40200,161000,27200,64500,432200,432100,432000,431900,431800,431700,431600,431500,431400,431300,33300,14800,21100,101100,5100,3100,1600,2600,3600,9300,439520,426190,8134170,4579976,0,0,0,0,0,
600036.SH,600036,20251209,110736000,432300,1700,73484,43767,0,,,25467620,1096452351,432700,428300,431800,431800,432300,432400,432500,432600,432700,432800,432900,433000,433100,433200,101500,98000,111900,52500,47800,165300,40200,161000,27200,64500,432200,432100,432000,431900,431800,431700,431600,431500,431400,431300,32600,14800,21100,101100,5100,3100,1600,2600,3600,9300,439520,426190,8137670,4579976,0,0,0,0,0,
600036.SH,600036,20251209,110739000,432300,4800,207504,43771,0,,,25472420,1096659855,432700,428300,431800,431800,432300,432400,432500,432600,432700,432800,432900,433000,433100,433200,97700,97500,111900,52500,48100,165300,40200,161000,27200,64500,432200,432100,432000,431900,431800,431700,431600,431500,431400,431300,32600,14800,21100,101100,5100,3100,1600,2600,3600,9300,439520,426190,8134070,4579676,0,0,0,0,0,
600036.SH,600036,20251209,110742000,432200,900,38906,43773,0,,,25473320,1096698761,432700,428300,431800,431800,432300,432400,432500,432600,432700,432800,432900,433000,433100,433200,96900,97500,111900,52500,48100,165300,40200,161000,27200,64600,432200,432100,432000,431900,431800,431700,431600,431500,431400,431300,32500,14700,21700,101100,5100,3100,1600,2600,3600,9300,439520,426190,8133570,4580976,0,0,0,0,0,
600036.SH,600036,20251209,110745000,432300,3800,164274,43777,0,,,25477120,1096863035,432700,428300,431800,431800,432300,432400,432500,432600,432700,432800,432900,433000,433100,433200,93500,97500,111900,52500,48100,164800,40200,161600,27200,64600,432200,432100,432000,431900,431800,431700,431600,431500,431400,431300,32400,14100,21700,101100,5100,3100,1600,3100,3600,9300,439520,426190,8133270,4580776,0,0,0,0,0,
600036.SH,600036,20251209,110748000,432300,500,21615,43779,0,,,25477620,1096884650,432700,428300,431800,431800,432300,432400,432500,432600,432700,432800,432900,433000,433100,433200,93500,97500,112900,52500,48100,164800,40200,161600,27200,64600,432200,432100,432000,431900,431800,431700,431600,431500,431400,431300,32400,14100,21700,101100,5100,3100,1600,3100,3600,9300,439520,426190,8133170,4580876,0,0,0,0,0,
600036.SH,600036,20251209,110751000,432300,700,30261,43780,0,,,25478320,1096914911,432700,428300,431800,431800,432300,432400,432500,432600,432700,432800,432900,433000,433100,433200,92800,97700,112900,52500,48100,164800,40300,161600,27200,64600,432200,432100,432000,431900,431800,431700,431600,431500,431400,431300,75900,14100,21700,101100,5100,3100,1600,3100,3600,9300,439520,426250,8132970,4624876,0,0,0,0,0,
600036.SH,600036,20251209,110754000,432300,25800,1115327,43809,0,,,25504120,1098030238,432700,428300,431800,431800,432300,432400,432500,432600,432700,432800,432900,433000,433100,433200,68200,97700,113000,52300,48100,164800,40300,162100,27200,64600,432200,432100,432000,431900,431800,431700,431600,431500,431400,431300,80700,15200,22900,101100,5100,3100,1600,3100,3600,9300,439540,426260,8108770,4631576,0,0,0,0,0,
600036.SH,600036,20251209,110757000,432300,6100,263703,43830,0,,,25510220,1098293941,432700,428300,431800,431800,432300,432400,432500,432600,432700,432800,432900,433000,433100,433200,62100,98700,113000,52300,48100,164800,40300,162100,27200,64600,432200,432100,432000,431900,431800,431700,431600,431500,431400,431300,80700,15200,23000,101100,5100,2900,1400,3100,3600,9300,439550,426260,8103870,4630276,0,0,0,0,0,
600036.SH,600036,20251209,110800000,432300,7600,328548,43848,0,,,25517820,1098622489,432700,428300,431800,431800,432300,432400,432500,432600,432700,432800,432900,433000,433100,433200,64200,98700,113000,50200,48100,164800,40300,162100,27200,64600,432200,432100,432000,431900,431800,431700,431600,431500,431400,431300,81000,15200,23000,101100,5100,2900,1400,3100,3600,9300,439550,426260,8104770,4631476,0,0,0,0,0,
600036.SH,600036,20251209,110803000,432400,87700,3791506,43930,0,,,25605520,1102413995,432700,428300,431800,431800,432400,432500,432600,432700,432800,432900,433000,433100,433200,433300,75100,113000,50200,48100,164800,40300,162100,27200,64600,49300,432300,432200,432100,432000,431900,431800,431700,431600,431500,431400,29900,81100,15200,23000,101500,5100,2900,1400,3100,3600,439630,426300,8017170,4662476,0,0,0,0,0,
600036.SH,600036,20251209,110806000,432400,3700,159987,43938,0,,,25609220,1102573982,432700,428300,431800,431800,432400,432500,432600,432700,432800,432900,433000,433100,433200,433300,72000,113000,50200,48200,164800,40300,164100,27200,64600,49300,432300,432200,432100,432000,431900,431800,431700,431600,431500,431400,26100,79900,25900,22500,93300,4500,2600,1400,3100,3600,439630,426290,8016270,4658576,0,0,0,0,0,
600036.SH,600036,20251209,110809000,432400,3800,164289,43944,0,,,25613020,1102738271,432700,428300,431800,431800,432400,432500,432600,432700,432800,432900,433000,433100,433200,433300,72100,113000,50200,48200,164800,40300,164100,27200,64600,49300,432300,432200,432100,432000,431900,431800,431700,431600,431500,431400,33300,79800,26400,23400,92700,3100,1500,1400,3100,3600,439630,426300,8016770,4663976,0,0,0,0,0,
600036.SH,600036,20251209,110812000,432400,3200,138367,43948,0,,,25616220,1102876638,432700,428300,431800,431800,432400,432500,432600,432700,432800,432900,433000,433100,433200,433300,69700,112100,50200,48200,164800,40300,162100,25700,64600,49300,432300,432200,432100,432000,431900,431800,431700,431600,431500,431400,34900,79800,26400,23400,92700,3100,1500,1400,3100,3600,439630,426300,8009970,4665476,0,0,0,0,0,
600036.SH,600036,20251209,110815000,432500,75400,3260352,44051,0,,,25691620,1106136990,432700,428300,431800,431800,432500,432600,432700,432800,432900,433000,433100,433200,433300,433400,106500,49800,48200,165300,40300,162000,25700,64600,49300,89700,432400,432300,432200,432100,432000,431900,431800,431700,431600,431500,25200,34900,80400,26400,23200,92900,3100,1000,1400,3500,439700,426340,7936070,4690076,0,0,0,0,0,
600036.SH,600036,20251209,110818000,432500,3500,151366,44065,0,,,25695120,1106288356,432700,428300,431800,431800,432500,432600,432700,432800,432900,433000,433100,433200,433300,433400,104400,49800,48200,165800,40300,162000,25700,64600,49300,89700,432400,432300,432200,432100,432000,431900,431800,431700,431600,431500,33800,43500,81800,37200,12200,73100,3100,1000,1400,3500,439700,426340,7934770,4688676,0,0,0,0,0,
600036.SH,600036,20251209,110821000,432500,3400,147050,44073,0,,,25698520,1106435406,432700,428300,431800,431800,432500,432600,432700,432800,432900,433000,433100,433200,433300,433400,101500,49800,48200,165700,40300,161800,25700,64600,49000,89700,432400,432300,432200,432100,432000,431900,431800,431700,431600,431500,61300,43300,81600,36600,12200,73100,3100,1000,1400,3500,439710,426370,7931411,4714976,0,0,0,0,0,
600036.SH,600036,20251209,110824000,432600,109600,4740184,44237,0,,,25808120,1111175590,432700,428300,431800,431800,432600,432700,432800,432900,433000,433100,433200,433300,433400,433500,46800,48200,165700,40300,161800,25700,64600,49000,89700,75075,432500,432400,432300,432200,432100,432000,431900,431800,431700,431600,6200,57400,43300,81400,36600,12200,73100,3100,800,1400,439800,426370,7826611,4715776,0,0,0,0,0,
600036.SH,600036,20251209,110827000,432600,3800,164382,44240,0,,,25811920,1111339972,432700,428300,431800,431800,432600,432700,432800,432900,433000,433100,433200,433300,433400,433500,45000,47500,165900,39900,160600,25700,64600,49000,89700,75075,432500,432400,432300,432200,432100,432000,431900,431800,431700,431600,42200,57500,51900,82500,25000,9700,64700,2500,900,800,439800,426400,7823511,4737876,0,0,0,0,0,
600036.SH,600036,20251209,110830000,432600,2500,108148,44245,0,,,25814420,1111448120,432700,428300,431800,431800,432600,432700,432800,432900,433000,433100,433200,433300,433400,433500,43100,48500,165900,39900,160700,25700,64600,49000,89700,75075,432500,432400,432300,432200,432100,432000,431900,431800,431700,431600,39500,57400,51900,83000,25000,9300,64700,3100,900,800,439810,426400,7822911,4734776,0,0,0,0,0,
600036.SH,600036,20251209,110833000,432600,10800,467208,44248,0,,,25825220,1111915328,432700,428300,431800,431800,432600,432700,432800,432900,433000,433100,433200,433300,433400,433500,32900,48000,165900,39900,160700,25700,65400,49000,89700,75075,432500,432400,432300,432200,432100,432000,431900,431800,431700,431600,86100,57400,51900,83000,25000,9300,64700,3100,900,800,439810,426460,7812911,4781376,0,0,0,0,0,
600036.SH,600036,20251209,110836000,432600,34100,1475165,44311,0,,,25859320,1113390493,432700,428300,431800,431800,432700,432800,432900,433000,433100,433200,433300,433400,433500,433600,48100,165900,37900,160700,25700,65400,49000,89700,75075,41500,432600,432500,432400,432300,432200,432100,432000,431900,431800,431700,38800,86000,57400,51800,83000,25000,9300,64700,3100,900,439850,426510,7778711,4820476,0,0,0,0,0,
600036.SH,600036,20251209,110839000,432700,48800,2111576,44395,0,,,25908120,1115502069,432700,428300,431800,431800,432800,432900,433000,433100,433200,433300,433400,433500,433600,433700,165900,37900,160700,25700,65400,49000,89700,75075,41500,28300,432700,432600,432500,432400,432300,432200,432100,432000,431900,431800,10800,105600,83900,56600,51900,81500,24500,3700,64700,3100,439890,426590,7730711,4886776,0,0,0,0,0,
600036.SH,600036,20251209,110842000,432800,31700,1371870,44437,0,,,25939820,1116873939,432800,428300,431800,431800,432800,432900,433000,433100,433200,433300,433400,433500,433600,433700,144800,37800,160700,25700,65400,49000,89800,75075,41500,28300,432700,432600,432500,432400,432300,432200,432100,432000,431900,431800,55800,104700,96300,70900,32100,42100,4400,3700,64700,2800,439910,426590,7711111,4877976,0,0,0,0,0,
600036.SH,600036,20251209,110845000,432800,49200,2129328,44484,0,,,25989020,1119003267,432800,428300,431800,431800,432800,432900,433000,433100,433200,433300,433400,433500,433600,433700,103200,38000,161500,25700,65400,49000,89800,75075,41500,28300,432700,432600,432500,432400,432300,432200,432100,432000,431900,431800,72200,113100,106500,70600,32100,40500,900,3700,64700,3000,439950,426620,7671411,4907776,0,0,0,0,0,
600036.SH,600036,20251209,110848000,432800,9200,398136,44505,0,,,25998220,1119401403,432800,428300,431800,431800,432800,432900,433000,433100,433200,433300,433400,433500,433600,433700,135510,38000,161500,25700,65400,49000,89800,75075,41500,28300,432700,432600,432500,432400,432300,432200,432100,432000,431900,431800,68300,113100,105900,70600,32100,39900,900,3700,2400,3000,439920,426560,7703921,4855376,0,0,0,0,0,
600036.SH,600036,20251209,110851000,432900,141510,6124579,44657,0,,,26139730,1125525982,432900,428300,431800,431800,432900,433000,433100,433200,433300,433400,433500,433600,433700,433800,35300,162900,25700,65400,49000,89300,75075,41500,29000,227900,432800,432700,432600,432500,432400,432300,432200,432100,432000,431900,6400,78600,113100,64200,35600,16000,20500,900,3700,2400,440040,426440,7567811,4760976,0,0,0,0,0,
600036.SH,600036,20251209,110854000,432800,6200,268383,44680,0,,,26145930,1125794365,432900,428300,431800,431800,432900,433000,433100,433200,433300,433400,433500,433600,433700,433800,31900,162800,25800,65400,48400,89300,75475,41500,29000,227900,432800,432700,432600,432500,432400,432300,432200,432100,432000,431900,1700,77900,111800,41800,35600,16600,20500,900,3700,1800,440050,426400,7566911,4732776,0,0,0,0,0,
600036.SH,600036,20251209,110857000,432800,5600,242390,44696,0,,,26151530,1126036755,432900,428300,431800,431800,432900,433000,433100,433200,433300,433400,433500,433600,433700,433800,34900,162200,27000,65400,50400,89300,76375,41500,29000,227900,432800,432700,432600,432500,432400,432300,432200,432100,432000,431900,7400,77800,111800,41800,35600,16200,13200,900,3700,1800,440040,426400,7573611,4731476,0,0,0,0,0,
600036.SH,600036,20251209,110900000,432900,14900,644959,44727,0,,,26166430,1126681714,432900,428300,431800,431800,432900,433000,433100,433200,433300,433400,433500,433600,433700,433800,39300,162200,27000,65400,50400,89300,76375,41500,29000,227900,432800,432700,432600,432500,432400,432300,432200,432100,432000,431900,3100,77800,111800,41400,35100,16200,13200,900,3700,1800,440040,426400,7579211,4725976,0,0,0,0,0,
600036.SH,600036,20251209,110903000,432900,1900,82251,44733,0,,,26168330,1126763965,432900,428300,431800,431800,432900,433000,433100,433200,433300,433400,433500,433600,433700,433800,37900,161000,27200,65500,50400,89300,74375,41500,29000,227900,432800,432700,432600,432500,432400,432300,432200,432100,432000,431900,3600,77600,111300,41400,35100,16200,13200,900,3700,1800,440040,426400,7578111,4726276,0,0,0,0,0,
600036.SH,600036,20251209,110906000,432900,22400,969685,44752,0,,,26190730,1127733650,432900,428300,431800,431800,432900,433000,433100,433200,433300,433400,433500,433600,433700,433800,17300,161900,27200,65500,50400,89300,74375,41500,29000,227900,432800,432700,432600,432500,432400,432300,432200,432100,432000,431900,3800,77600,111300,40200,35100,16200,13200,900,3700,1800,440060,426400,7548811,4726176,0,0,0,0,0,
600036.SH,600036,20251209,110909000,432900,3400,147186,44762,0,,,26194130,1127880836,432900,428300,431800,431800,432900,433000,433100,433200,433300,433400,433500,433600,433700,433800,15000,162500,27200,65500,50400,89300,74375,42000,29000,227900,432800,432700,432600,432500,432400,432300,432200,432100,432000,431900,4200,77600,111300,40200,34800,16200,13200,900,3700,1800,440060,426400,7549011,4726376,0,0,0,0,0,
600036.SH,600036,20251209,110912000,432800,2500,108222,44771,0,,,26196630,1127989058,432900,428300,431800,431800,432900,433000,433100,433200,433300,433400,433500,433600,433700,433800,15000,162500,27300,64700,50300,89200,76575,42000,29000,229900,432800,432700,432600,432500,432400,432300,432200,432100,432000,431900,4000,77600,111300,40200,34800,16200,13200,900,3700,1800,440060,426400,7550811,4725476,0,0,0,0,0,
600036.SH,600036,20251209,110915000,432800,20800,900388,44807,0,,,26217430,1128889446,433000,428300,431800,431800,432800,432900,433000,433100,433200,433300,433400,433500,433600,433700,11600,3800,161500,27300,66200,50400,89200,76575,42000,29000,432700,432600,432500,432400,432300,432200,432100,432000,431900,431800,77300,111300,40200,34800,16200,13200,900,3700,1800,5400,440050,426390,7556811,4720876,0,0,0,0,0,
600036.SH,600036,20251209,110918000,432800,1200,51936,44808,0,,,26218630,1128941382,433000,428300,431800,431800,432800,432900,433000,433100,433200,433300,433400,433500,433600,433700,14400,18100,161000,27300,66200,50400,89200,76775,40500,29000,432700,432600,432500,432400,432300,432200,432100,432000,431900,431800,21200,111300,40200,34800,16200,13200,900,3700,1800,5400,440040,426320,7574211,4666776,0,0,0,0,0,
600036.SH,600036,20251209,110921000,432800,9300,402503,44813,0,,,26227930,1129343885,433000,428300,431800,431800,432800,432900,433000,433100,433200,433300,433400,433500,433600,433700,6900,19000,161500,27300,66300,50400,89200,76775,40000,29000,432700,432600,432500,432400,432300,432200,432100,432000,431900,431800,21200,111300,40200,35200,16200,13200,900,3700,1800,5400,440040,426320,7568511,4667176,0,0,0,0,0,
600036.SH,600036,20251209,110924000,432600,27000,1168274,44826,0,,,26254930,1130512159,433000,428300,431800,431800,432700,432800,432900,433000,433100,433200,433300,433400,433500,433600,27900,7800,34900,166400,27200,66300,52400,89200,76775,40000,432600,432500,432400,432300,432200,432100,432000,431900,431800,431700,109700,40200,35200,16200,13200,900,3700,1800,5400,300,440000,426290,7619011,4645276,0,0,0,0,0,
600036.SH,600036,20251209,110927000,432700,3700,160098,44828,0,,,26258630,1130672257,433000,428300,431800,431800,432700,432800,432900,433000,433100,433200,433300,433400,433500,433600,25600,7200,38900,166500,27100,66300,55400,89200,76775,40000,432600,432500,432400,432300,432200,432100,432000,431900,431800,431700,109600,40200,35200,16200,13200,900,3700,1800,6400,300,439990,426290,7626311,4646176,0,0,0,0,0,
600036.SH,600036,20251209,110930000,432700,27600,1193994,44839,0,,,26286230,1131866251,433000,428300,431800,431800,432700,432800,432900,433000,433100,433200,433300,433400,433500,433600,26300,38800,39300,167000,27100,67300,55400,89200,76775,40000,432600,432500,432400,432300,432200,432100,432000,431900,431800,431700,28900,40200,35200,16200,13200,900,3700,1800,5400,300,439960,426180,7661311,4565476,0,0,0,0,0,
600036.SH,600036,20251209,110933000,432600,1800,77868,44842,0,,,26288030,1131944119,433000,428300,431800,431800,432700,432800,432900,433000,433100,433200,433300,433400,433500,433600,27700,38800,39700,169900,27200,67300,55500,89200,77775,40000,432600,432500,432400,432300,432200,432100,432000,431900,431800,431700,27800,40200,35200,16200,13200,900,3700,1800,5400,300,439950,426180,7676211,4564376,0,0,0,0,0,
600036.SH,600036,20251209,110936000,432600,8300,359058,44850,0,,,26296330,1132303177,433000,428300,431800,431800,432700,432800,432900,433000,433100,433200,433300,433400,433500,433600,28000,39100,40900,173300,27200,67800,55500,89100,77775,40000,432600,432500,432400,432300,432200,432100,432000,431900,431800,431700,19500,35300,35200,16200,13200,900,3700,1800,5400,300,439940,426160,7683611,4551376,0,0,0,0,0,
600036.SH,600036,20251209,110939000,432600,13100,566717,44870,0,,,26309430,1132869894,433000,428300,431800,431800,432700,432800,432900,433000,433100,433200,433300,433400,433500,433600,26900,39100,42800,173000,27200,69800,55500,89100,78275,40500,432600,432500,432400,432300,432200,432100,432000,431900,431800,431700,8800,35300,35200,16200,13200,900,3700,1800,5400,300,439940,426140,7688211,4543676,0,0,0,0,0,
600036.SH,600036,20251209,110942000,432600,9200,397995,44883,0,,,26318630,1133267889,433000,428300,431800,431800,432700,432800,432900,433000,433100,433200,433300,433400,433500,433600,26800,39100,42900,172100,27200,69800,55500,89100,77675,40500,432600,432500,432400,432300,432200,432100,432000,431900,431800,431700,1300,35300,35200,16200,13200,900,3700,1800,5400,300,439940,426130,7689211,4536176,0,0,0,0,0,
600036.SH,600036,20251209,110945000,432600,600,25956,44886,0,,,26319230,1133293845,433000,428300,431800,431800,432700,432800,432900,433000,433100,433200,433300,433400,433500,433600,26900,39100,42900,173100,28200,69800,55400,89100,77675,40500,432600,432500,432400,432300,432200,432100,432000,431900,431800,431700,800,35300,35200,16700,13200,900,3700,1800,5400,300,439940,426130,7691611,4536376,0,0,0,0,0,
600036.SH,600036,20251209,110948000,432600,2600,112476,44891,0,,,26321830,1133406321,433000,428300,431800,431800,432600,432700,432800,432900,433000,433100,433200,433300,433400,433500,2200,27900,39200,44600,173300,28200,70400,55400,89100,77675,432500,432400,432300,432200,432100,432000,431900,431800,431700,431600,35300,33100,16700,15100,900,2500,1800,5400,300,1200,439930,426130,7697511,4534176,0,0,0,0,0,
600036.SH,600036,20251209,110951000,432500,2200,95151,44899,0,,,26324030,1133501472,433000,428300,431800,431800,432600,432700,432800,432900,433000,433100,433200,433300,433400,433500,2700,27900,39200,44800,173400,28200,70400,55400,89100,77675,432500,432400,432300,432200,432100,432000,431900,431800,431700,431600,33200,14700,16700,15100,900,2500,700,6100,300,1200,439930,426100,7697611,4513276,0,0,0,0,0,
600036.SH,600036,20251209,110954000,432600,2800,121128,44905,0,,,26326830,1133622600,433000,428300,431800,431800,432700,432800,432900,433000,433100,433200,433300,433400,433500,433600,28800,39100,46900,175600,28200,70400,55400,90100,77675,40500,432600,432500,432400,432300,432200,432100,432000,431900,431800,431700,62700,35100,21700,30500,15100,900,2500,700,6100,300,439920,426220,7712011,4597676,0,0,0,0,0,
600036.SH,600036,20251209,110957000,432600,3700,160062,44909,0,,,26330530,1133782662,433000,428300,431800,431800,432700,432800,432900,433000,433100,433200,433300,433400,433500,433600,28800,40100,46900,176200,28200,70400,55400,90100,77675,40500,432600,432500,432400,432300,432200,432100,432000,431900,431800,431700,59600,35000,21700,30500,15100,900,2500,700,6100,300,439920,426220,7718011,4592476,0,0,0,0,0,
600036.SH,600036,20251209,111000000,432600,32000,1384327,44915,0,,,26362530,1135166989,433000,428300,431800,431800,432700,432800,432900,433000,433100,433200,433300,433400,433500,433600,28500,40000,50300,176000,28200,70400,55400,91600,77975,40500,432600,432500,432400,432300,432200,432100,432000,431900,431800,431700,39000,35000,21700,30500,15100,900,2500,700,6100,300,439910,426190,7724811,4572376,0,0,0,0,0,
600036.SH,600036,20251209,111003000,432600,9400,406660,44923,0,,,26371930,1135573649,433000,428300,431800,431800,432700,432800,432900,433000,433100,433200,433300,433400,433500,433600,26900,40100,54900,175800,28500,70400,55400,91600,77975,41500,432600,432500,432400,432300,432200,432100,432000,431900,431800,431700,32000,35000,21700,25900,10900,900,2500,700,6100,300,439900,426170,7738211,4556476,0,0,0,0,0,
600036.SH,600036,20251209,111006000,432600,9000,389340,44933,0,,,26380930,1135962989,433000,428300,431800,431800,432700,432800,432900,433000,433100,433200,433300,433400,433500,433600,45200,40100,54900,174800,28500,70400,55400,91600,77975,41500,432600,432500,432400,432300,432200,432100,432000,431900,431800,431700,23100,34400,21200,17500,10300,900,2500,700,6100,300,439890,426150,7755511,4535976,0,0,0,0,0,
600036.SH,600036,20251209,111009000,432600,7200,311519,44948,0,,,26388130,1136274508,433000,428300,431800,431800,432700,432800,432900,433000,433100,433200,433300,433400,433500,433600,40700,41600,55100,176100,28500,70400,55400,91600,75275,41500,432600,432500,432400,432300,432200,432100,432000,431900,431800,431700,21300,34000,21200,18200,10300,900,2500,700,6100,300,439890,426150,7752311,4534476,0,0,0,0,0,
600036.SH,600036,20251209,111012000,432700,1000,43266,44953,0,,,26389130,1136317774,433000,428300,431800,431800,432700,432800,432900,433000,433100,433200,433300,433400,433500,433600,26200,41600,55300,176100,28600,70400,57400,91600,75475,41500,432600,432500,432400,432300,432200,432100,432000,431900,431800,431700,20900,34100,21200,18200,10300,900,2500,700,6100,300,439900,426150,7744411,4534176,0,0,0,0,0,
600036.SH,600036,20251209,111015000,432600,1300,56238,44957,0,,,26390430,1136374012,433000,428300,431800,431800,432700,432800,432900,433000,433100,433200,433300,433400,433500,433600,36700,41600,55800,176100,28600,70400,57400,91600,75775,41500,432600,432500,432400,432300,432200,432100,432000,431900,431800,431700,20000,34100,21200,18200,10300,900,2500,700,6100,300,439890,426130,7756511,4496076,0,0,0,0,0,
600036.SH,600036,20251209,111018000,432600,3100,134106,44960,0,,,26393530,1136508118,433000,428300,431800,431800,432700,432800,432900,433000,433100,433200,433300,433400,433500,433600,38900,41600,55800,179100,28600,70400,57400,91600,75775,41500,432600,432500,432400,432300,432200,432100,432000,431900,431800,431700,17400,34100,21200,18200,10300,900,2500,700,6100,300,439880,426130,7764511,4493976,0,0,0,0,0,
600036.SH,600036,20251209,111021000,432600,9400,406651,44974,0,,,26402930,1136914769,433000,428300,431800,431800,432700,432800,432900,433000,433100,433200,433300,433400,433500,433600,39100,40500,57500,180900,28600,70400,57400,91600,75775,41500,432600,432500,432400,432300,432200,432100,432000,431900,431800,431700,8800,34100,21200,18200,10300,900,2500,700,6100,300,439880,426120,7767511,4487176,0,0,0,0,0,
600036.SH,600036,20251209,111024000,432600,3800,164420,44977,0,,,26406730,1137079189,433000,428300,431800,431800,432700,432800,432900,433000,433100,433200,433300,433400,433500,433600,36000,42400,57800,181300,28600,70400,57400,91600,75775,41500,432600,432500,432400,432300,432200,432100,432000,431900,431800,431700,11000,34100,21200,18200,10300,900,2500,700,6100,300,439880,426120,7768511,4488476,0,0,0,0,0,
600036.SH,600036,20251209,111027000,432600,3400,147084,44981,0,,,26410130,1137226273,433000,428300,431800,431800,432700,432800,432900,433000,433100,433200,433300,433400,433500,433600,37300,42400,57800,183800,28600,70400,57900,91600,75775,41500,432600,432500,432400,432300,432200,432100,432000,431900,431800,431700,9200,34100,21200,18200,10300,900,2500,700,6100,300,439880,426120,7773811,4488176,0,0,0,0,0,
600036.SH,600036,20251209,111030000,432700,1200,51919,44983,0,,,26411330,1137278192,433000,428300,431800,431800,432700,432800,432900,433000,433100,433200,433300,433400,433500,433600,36600,42400,57800,183400,28700,70400,57900,91600,76775,41500,432600,432500,432400,432300,432200,432100,432000,431900,431800,431700,9000,34100,21200,18200,10300,900,2500,700,6100,300,439880,426120,7774111,4488476,0,0,0,0,0,
600036.SH,600036,20251209,111033000,432600,4300,186058,44988,0,,,26415630,1137464250,433000,428300,431800,431800,432700,432800,432900,433000,433100,433200,433300,433400,433500,433600,32500,42400,57800,183600,28700,70400,57900,91600,76775,41500,432600,432500,432400,432300,432200,432100,432000,431900,431800,431700,10000,34100,21200,18600,10300,900,2500,700,6100,300,439880,426120,7770111,4489876,0,0,0,0,0,
600036.SH,600036,20251209,111036000,432600,1200,51912,44992,0,,,26416830,1137516162,433000,428300,431800,431800,432700,432800,432900,433000,433100,433200,433300,433400,433500,433600,33600,42400,57800,183600,28700,70400,57900,91600,76775,41500,432600,432500,432400,432300,432200,432100,432000,431900,431800,431700,9500,34100,21200,18600,10300,900,2500,700,6100,300,439880,426140,7771311,4511576,0,0,0,0,0,
600036.SH,600036,20251209,111039000,432700,7300,315826,45008,0,,,26424130,1137831988,433000,428300,431800,431800,432700,432800,432900,433000,433100,433200,433300,433400,433500,433600,31100,42500,57800,183800,28700,69800,57900,91600,76175,41500,432600,432500,432400,432300,432200,432100,432000,431900,431800,431700,11000,34100,21200,18600,10300,900,2500,700,6100,300,439870,426140,7779911,4513176,0,0,0,0,0,
600036.SH,600036,20251209,111042000,432700,1900,82213,45011,0,,,26426030,1137914201,433000,428300,431800,431800,432700,432800,432900,433000,433100,433200,433300,433400,433500,433600,35300,42500,57800,184300,28700,69800,57900,91600,76175,41500,432600,432500,432400,432300,432200,432100,432000,431900,431800,431700,11700,34100,21200,18600,10300,900,2500,700,6100,300,439870,426140,7785911,4513876,0,0,0,0,0,
600036.SH,600036,20251209,111045000,432600,1400,60574,45016,0,,,26427430,1137974775,433000,428300,431800,431800,432700,432800,432900,433000,433100,433200,433300,433400,433500,433600,34300,42900,57800,189300,28700,69800,57900,91600,76175,41500,432600,432500,432400,432300,432200,432100,432000,431900,431800,431700,12100,35300,21200,18600,10300,900,2500,700,6100,300,439860,426140,7794011,4515476,0,0,0,0,0,
600036.SH,600036,20251209,111048000,432700,9900,428306,45042,0,,,26437330,1138403081,433000,428300,431800,431800,432700,432800,432900,433000,433100,433200,433300,433400,433500,433600,34100,41400,57800,189600,28700,69800,58500,92600,76375,41500,432600,432500,432400,432300,432200,432100,432000,431900,431800,431700,5800,35300,21200,18600,10300,900,2500,700,6100,300,439860,426130,7795811,4508776,0,0,0,0,0,
600036.SH,600036,20251209,111051000,432700,5500,237982,45054,0,,,26442830,1138641063,433000,428300,431800,431800,432700,432800,432900,433000,433100,433200,433300,433400,433500,433600,28900,41400,58300,188600,28900,69800,58500,92600,76375,41500,432600,432500,432400,432300,432200,432100,432000,431900,431800,431700,5600,35300,21200,18600,10300,900,2500,700,6100,300,439870,426130,7789311,4509776,0,0,0,0,0,
600036.SH,600036,20251209,111054000,432700,4400,190388,45063,0,,,26447230,1138831451,433000,428300,431800,431800,432700,432800,432900,433000,433100,433200,433300,433400,433500,433600,24600,41400,58300,188600,30400,69800,58500,92600,76375,42000,432600,432500,432400,432300,432200,432100,432000,431900,431800,431700,7800,35300,21200,18600,10300,900,2500,700,6100,300,439870,426140,7785011,4511976,0,0,0,0,0,
600036.SH,600036,20251209,111057000,432600,9500,410982,45080,0,,,26456730,1139242433,433000,428300,431800,431800,432600,432700,432800,432900,433000,433100,433200,433300,433400,433500,44400,28200,41400,58300,188400,30400,71100,58500,92600,76375,432500,432400,432300,432200,432100,432000,431900,431800,431700,431600,35300,21200,19000,10300,900,2500,700,6100,300,1700,439830,426130,7834411,4502976,0,0,0,0,0,
600036.SH,600036,20251209,111100000,432500,500,21627,45084,0,,,26457230,1139264060,433000,428300,431800,431800,432600,432700,432800,432900,433000,433100,433200,433300,433400,433500,44300,28500,41300,58300,188400,30700,71100,58500,92700,76375,432500,432400,432300,432200,432100,432000,431900,431800,431700,431600,35700,21200,19000,10300,900,2500,700,6100,300,1700,439830,426130,7834911,4503376,0,0,0,0,0,
600036.SH,600036,20251209,111103000,432500,25800,1115850,45104,0,,,26483030,1140379910,433000,428300,431800,431800,432600,432700,432800,432900,433000,433100,433200,433300,433400,433500,47100,28100,41300,60300,188400,31200,71100,58500,92700,76875,432500,432400,432300,432200,432100,432000,431900,431800,431700,431600,13400,21200,19000,10300,1200,2500,700,6100,300,1700,439820,426090,7841911,4481376,0,0,0,0,0,
600036.SH,600036,20251209,111106000,432500,3200,138400,45108,0,,,26486230,1140518310,433000,428300,431800,431800,432600,432700,432800,432900,433000,433100,433200,433300,433400,433500,65600,28100,41300,60300,188400,31200,71100,58500,92700,76875,432500,432400,432300,432200,432100,432000,431900,431800,431700,431600,10200,21200,19000,10300,1200,2500,700,6100,300,1700,439800,426090,7862011,4478176,0,0,0,0,0,
600036.SH,600036,20251209,111109000,432500,9100,393618,45118,0,,,26495330,1140911928,433000,428300,431800,431800,432600,432700,432800,432900,433000,433100,433200,433300,433400,433500,65200,28100,41300,59800,188200,32200,71100,58500,92700,76875,432500,432400,432300,432200,432100,432000,431900,431800,431700,431600,6200,21200,19500,10300,1200,2500,700,6100,300,1700,439800,426080,7863011,4474476,0,0,0,0,0,
600036.SH,600036,20251209,111112000,432600,4300,185986,45126,0,,,26499630,1141097914,433000,428300,431800,431800,432600,432700,432800,432900,433000,433100,433200,433300,433400,433500,50800,24400,41300,61800,187900,32200,71100,58500,92700,77075,432500,432400,432300,432200,432100,432000,431900,431800,431700,431600,3500,21200,19500,10300,1200,2500,700,6100,300,1700,439820,426080,7849311,4471776,0,0,0,0,0,
600036.SH,600036,20251209,111115000,432500,4100,177325,45133,0,,,26503730,1141275239,433000,428300,431800,431800,432600,432700,432800,432900,433000,433100,433200,433300,433400,433500,50800,24500,41900,61900,187900,32700,71100,58500,92700,77075,432500,432400,432300,432200,432100,432000,431900,431800,431700,431600,100,21200,19500,10300,1200,2500,700,6100,300,1700,439820,426080,7850711,4478476,0,0,0,0,0,
600036.SH,600036,20251209,111118000,432400,500,21623,45136,0,,,26504230,1141296862,433000,428300,431800,431800,432500,432600,432700,432800,432900,433000,433100,433200,433300,433400,5500,53700,24600,42500,61900,191100,32700,71100,58500,92700,432400,432300,432200,432100,432000,431900,431800,431700,431600,431500,21000,19100,10300,2100,2500,700,6100,300,1700,3800,439810,426080,7863111,4479776,0,0,0,0,0,
600036.SH,600036,20251209,111121000,432500,4300,185971,45146,0,,,26508530,1141482833,433000,428300,431800,431800,432500,432600,432700,432800,432900,433000,433100,433200,433300,433400,3200,54300,25000,43000,62100,190700,32700,71100,58500,92700,432400,432300,432200,432100,432000,431900,431800,431700,431600,431500,20600,19100,10300,2100,2500,700,6100,300,1700,3800,439810,426080,7862111,4478876,0,0,0,0,0,
600036.SH,600036,20251209,111124000,432400,6400,276811,45161,0,,,26514930,1141759644,433000,428300,431800,431800,432500,432600,432700,432800,432900,433000,433100,433200,433300,433400,100,53500,25400,43000,62100,190600,32700,71100,58500,92700,432400,432300,432200,432100,432000,431900,431800,431700,431600,431500,21100,19100,10300,2100,2500,700,6100,300,1700,3800,439810,426080,7858011,4479476,0,0,0,0,0,
600036.SH,600036,20251209,111127000,432500,7100,307018,45170,0,,,26522030,1142066662,433000,428300,431800,431800,432500,432600,432700,432800,432900,433000,433100,433200,433300,433400,35300,50600,26400,43100,81600,190600,32700,71100,58500,92700,432400,432300,432200,432100,432000,431900,431800,431700,431600,431500,15500,19100,10300,2100,2500,700,6100,300,1700,3800,439760,426080,7910511,4474476,0,0,0,0,0,
600036.SH,600036,20251209,111130000,432500,900,38921,45173,0,,,26522930,1142105583,433000,428300,431800,431800,432500,432600,432700,432800,432900,433000,433100,433200,433300,433400,44100,50800,17400,43100,81600,190800,32700,71100,58500,92700,432400,432300,432200,432100,432000,431900,431800,431700,431600,431500,15600,19100,10300,2100,2500,700,6200,300,1700,3800,439760,426080,7911411,4474676,0,0,0,0,0,
600036.SH,600036,20251209,111133000,432500,3700,160024,45176,0,,,26526630,1142265607,433000,428300,431800,431800,432500,432600,432700,432800,432900,433000,433100,433200,433300,433400,47200,47500,17400,43100,79600,191900,32700,71600,58500,92700,432400,432300,432200,432100,432000,431900,431800,431700,431600,431500,16400,19100,10300,2100,2500,700,6200,300,1700,3800,439760,426080,7909311,4475476,0,0,0,0,0,
600036.SH,600036,20251209,111136000,432400,600,25944,45178,0,,,26527230,1142291551,433000,428300,431800,431800,432500,432600,432700,432800,432900,433000,433100,433200,433300,433400,51700,47500,17000,43400,79600,192100,34500,71600,58000,92700,432400,432300,432200,432100,432000,431900,431800,431700,431600,431500,18600,19100,10300,2100,2500,700,6200,300,1700,3800,439760,426080,7915411,4476676,0,0,0,0,0,
600036.SH,600036,20251209,111139000,432500,2400,103787,45182,0,,,26529630,1142395338,433000,428300,431800,431800,432500,432600,432700,432800,432900,433000,433100,433200,433300,433400,52100,47400,16000,43400,79700,193800,34500,71600,58000,92700,432400,432300,432200,432100,432000,431900,431800,431700,431600,431500,18000,19100,10300,2100,2500,700,6200,300,1700,3800,439760,426080,7916811,4475776,0,0,0,0,0,
600036.SH,600036,20251209,111142000,432400,18100,782644,45203,0,,,26547730,1143177982,433000,428300,431800,431800,432400,432500,432600,432700,432800,432900,433000,433100,433200,433300,13000,53900,47600,16000,43400,79700,194200,34500,71600,58000,432300,432200,432100,432000,431900,431800,431700,431600,431500,431400,19100,9400,2100,3400,700,6200,300,1700,3800,3600,439740,426050,7933211,4458076,0,0,0,0,0,
600036.SH,600036,20251209,111145000,432300,7100,306933,45219,0,,,26554830,1143484915,433000,428300,431800,431800,432400,432500,432600,432700,432800,432900,433000,433100,433200,433300,13300,55000,48600,16000,43700,79700,194200,34500,71600,58000,432300,432200,432100,432000,431900,431800,431700,431600,431500,431400,10400,8500,2100,3400,700,6200,300,1700,3800,3600,439740,426040,7936111,4448476,0,0,0,0,0,
600036.SH,600036,20251209,111148000,432200,17900,773732,45238,0,,,26572730,1144258647,433000,428300,431800,431800,432200,432300,432400,432500,432600,432700,432800,432900,433000,433100,1600,15000,20700,44700,48100,16000,43600,79700,195200,34500,432100,432000,431900,431800,431700,431600,431500,431400,431300,431200,9700,2900,1500,6200,300,1700,3800,3600,7500,3300,439760,426020,7890211,4437476,0,0,0,0,0,
600036.SH,600036,20251209,111151000,432100,3800,164198,45242,0,,,26576530,1144422845,433000,428300,431800,431800,432200,432300,432400,432500,432600,432700,432800,432900,433000,433100,23100,15000,20100,44700,44600,16000,43600,81700,195200,34500,432100,432000,431900,431800,431700,431600,431500,431400,431300,431200,5300,2900,1500,6100,300,1700,3900,3600,7500,3300,439740,426020,7912211,4433076,0,0,0,0,0,
600036.SH,600036,20251209,111154000,432100,7000,302505,45249,0,,,26583530,1144725350,433000,428300,431800,431800,432200,432300,432400,432500,432600,432700,432800,432900,433000,433100,38800,8700,18500,45300,44600,15600,43100,82200,195600,35000,432100,432000,431900,431800,431700,431600,431500,431400,431300,431200,2500,2200,1500,6000,300,1700,4400,3600,7500,3300,439730,426010,7918611,4429776,0,0,0,0,0,
600036.SH,600036,20251209,111157000,432000,3400,146911,45259,0,,,26586930,1144872261,433000,428300,431800,431800,432200,432300,432400,432500,432600,432700,432800,432900,433000,433100,27000,8700,18600,45300,44000,15800,43100,82200,195600,35000,432000,431900,431800,431700,431600,431500,431400,431300,431200,431100,1600,1500,6500,300,1700,4600,3600,7500,3300,11100,439740,426010,7904811,4427376,0,0,0,0,0,
600036.SH,600036,20251209,111200000,432100,9500,410347,45290,0,,,26596430,1145282608,433000,428300,431800,431800,432100,432200,432300,432400,432500,432600,432700,432800,432900,433000,300,23500,6700,18400,45200,44000,15800,43100,82200,195600,432000,431900,431800,431700,431600,431500,431400,431300,431200,431100,400,2400,34000,300,9800,19700,3600,7500,3300,11100,439750,426070,7900011,4478476,0,0,0,0,0,
600036.SH,600036,20251209,111203000,432100,4400,190115,45300,0,,,26600830,1145472723,433000,428300,431800,431800,432200,432300,432400,432500,432600,432700,432800,432900,433000,433100,23400,6700,19000,45000,44000,15800,43100,82200,201100,35000,432100,432000,431900,431800,431700,431600,431500,431400,431300,431200,100,400,2400,33400,200,9800,19600,3600,8200,3300,439740,426070,7905711,4478576,0,0,0,0,0,
600036.SH,600036,20251209,111206000,432100,2900,125275,45314,0,,,26603730,1145597998,433000,428300,431800,431800,432100,432200,432300,432400,432500,432600,432700,432800,432900,433000,3000,23400,6800,19000,45000,44000,15500,43100,83200,201300,431900,431800,431700,431600,431500,431400,431300,431200,431100,431000,21100,33400,200,9800,4500,3600,8200,3800,11100,8400,439740,426080,7911411,4484376,0,0,0,0,0,
600036.SH,600036,20251209,111209000,432100,1300,56172,45318,0,,,26605030,1145654170,433000,428300,431800,431800,432100,432200,432300,432400,432500,432600,432700,432800,432900,433000,2400,23500,6800,19000,46000,44300,15500,43100,83200,201000,432000,431900,431800,431700,431600,431500,431400,431300,431200,431100,1200,16100,23600,200,9800,4500,3600,8200,3800,11100,439740,426060,7913011,4470776,0,0,0,0,0,
600036.SH,600036,20251209,111212000,432200,5100,220391,45329,0,,,26610130,1145874561,433000,428300,431800,431800,432200,432300,432400,432500,432600,432700,432800,432900,433000,433100,22200,6800,19000,45400,44300,15500,43100,83200,201000,35200,432100,432000,431900,431800,431700,431600,431500,431400,431300,431200,4400,1400,16100,9500,700,9800,4500,3600,7600,3800,439740,425990,7908511,4394176,0,0,0,0,0,
600036.SH,600036,20251209,111215000,432100,2000,86420,45332,0,,,26612130,1145960981,433000,428300,431800,431800,432200,432300,432400,432500,432600,432700,432800,432900,433000,433100,22200,6800,18900,45500,44300,15500,43100,83200,201000,35200,432100,432000,431900,431800,431700,431600,431500,431400,431300,431200,2400,1400,16100,9500,700,9800,4500,3600,7600,3800,439740,425990,7909311,4392476,0,0,0,0,0,
600036.SH,600036,20251209,111218000,432200,1500,64821,45335,0,,,26613630,1146025802,433000,428300,431800,431800,432200,432300,432400,432500,432600,432700,432800,432900,433000,433100,22500,6800,18900,45400,44300,15500,43100,83200,201000,35200,432100,432000,431900,431800,431700,431600,431500,431400,431300,431200,1600,1400,16600,9500,700,9800,4500,3600,7600,3800,439740,425990,7909011,4392176,0,0,0,0,0,
600036.SH,600036,20251209,111221000,432100,1300,56176,45337,0,,,26614930,1146081978,433000,428300,431800,431800,432200,432300,432400,432500,432600,432700,432800,432900,433000,433100,24000,6800,18900,45400,44300,15500,43100,83200,201000,35200,432100,432000,431900,431800,431700,431600,431500,431400,431300,431200,1000,1400,16600,10100,700,9800,4500,3600,7600,3800,439730,425990,7920011,4392176,0,0,0,0,0,
600036.SH,600036,20251209,111224000,432100,2300,99383,45345,0,,,26617230,1146181361,433000,428300,431800,431800,432200,432300,432400,432500,432600,432700,432800,432900,433000,433100,23300,6800,18900,44400,44300,16500,43100,83200,201600,34200,432100,432000,431900,431800,431700,431600,431500,431400,431300,431200,800,1700,16600,10100,700,9800,4500,3600,7600,3800,439670,425990,8009011,4392376,0,0,0,0,0,
600036.SH,600036,20251209,111227000,432100,13000,561523,45362,0,,,26630230,1146742884,433000,428300,431800,431800,432200,432300,432400,432500,432600,432700,432800,432900,433000,433100,17400,6800,18900,44400,46800,16200,43100,83200,201600,34200,432100,432000,431900,431800,431700,431600,431500,431400,431300,431200,300,200,7200,5100,700,9300,4300,3600,7600,3800,439630,425970,8064311,4375876,0,0,0,0,0,
600036.SH,600036,20251209,111230000,432100,1000,43210,45365,0,,,26631230,1146786094,433000,428300,431800,431800,432200,432300,432400,432500,432600,432700,432800,432900,433000,433100,20600,6900,18900,44300,46600,16200,43300,86500,201600,34200,432000,431900,431800,431700,431600,431500,431400,431300,431200,431100,300,7400,5100,700,9300,4300,3600,7600,3800,11100,439620,425970,8070811,4374676,0,0,0,0,0,
600036.SH,600036,20251209,111233000,431700,12800,552710,45386,0,,,26644030,1147338804,433000,428300,431800,431800,432200,432300,432400,432500,432600,432700,432800,432900,433000,433100,24000,7000,18900,43700,46600,16300,43300,86500,201600,34200,431800,431700,431600,431500,431400,431300,431200,431100,431000,430900,10100,52100,43500,4300,3600,8000,3800,11100,8400,1700,439620,426070,8074511,4457976,0,0,0,0,0,
600036.SH,600036,20251209,111236000,431900,2300,99336,45391,0,,,26646330,1147438140,433000,428300,431800,431800,432000,432100,432200,432300,432400,432500,432600,432700,432800,432900,3700,2100,25800,7300,18400,43100,46600,16300,43300,87100,431900,431800,431700,431600,431500,431400,431300,431200,431100,431000,500,6300,67300,57600,3800,3600,8000,3800,11100,8400,439610,426100,8083611,4484376,0,0,0,0,0,
600036.SH,600036,20251209,111239000,431900,4600,198717,45400,0,,,26650930,1147636857,433000,428300,431800,431800,432100,432200,432300,432400,432500,432600,432700,432800,432900,433000,2000,26300,6800,19000,43100,46600,16300,43300,86600,202300,431900,431800,431700,431600,431500,431400,431300,431200,431100,431000,1700,6300,50000,51500,3800,3600,7600,3800,11100,9000,439620,426080,8079411,4462976,0,0,0,0,0,
600036.SH,600036,20251209,111242000,432100,9700,418997,45411,0,,,26660630,1148055854,433000,428300,431800,431800,432200,432300,432400,432500,432600,432700,432800,432900,433000,433100,18500,6800,19000,43100,46600,16300,43000,86600,202300,34200,432000,431900,431800,431700,431600,431500,431400,431300,431200,431100,100,8200,16900,39300,31200,3800,3600,7600,3800,11100,439630,426060,8069711,4452276,0,0,0,0,0,
600036.SH,600036,20251209,111245000,432000,100,4320,45412,0,,,26660730,1148060174,433000,428300,431800,431800,432100,432200,432300,432400,432500,432600,432700,432800,432900,433000,900,17900,6800,19000,43100,46600,16300,43000,86600,202300,432000,431900,431800,431700,431600,431500,431400,431300,431200,431100,700,11000,17400,39300,31200,3800,3600,8000,3800,11100,439620,426070,8071511,4457376,0,0,0,0,0,
600036.SH,600036,20251209,111248000,432000,0,0,45412,0,,,26660730,1148060174,433000,428300,431800,431800,432100,432200,432300,432400,432500,432600,432700,432800,432900,433000,10200,17900,6800,19000,43300,46600,16300,43000,86600,203300,432000,431900,431800,431700,431600,431500,431400,431300,431200,431100,1000,11000,17400,39300,31200,3800,3600,8000,3800,11100,439610,426070,8081911,4458076,0,0,0,0,0,
600036.SH,600036,20251209,111251000,432100,5300,229003,45420,0,,,26666030,1148289177,433000,428300,431800,431800,432100,432200,432300,432400,432500,432600,432700,432800,432900,433000,5900,17900,6800,19000,43300,46600,16300,43000,86600,203300,432000,431900,431800,431700,431600,431500,431400,431300,431200,431100,3500,11000,17400,40400,31200,3800,3600,7600,3800,11100,439620,426070,8086011,4461076,0,0,0,0,0,
600036.SH,600036,20251209,111254000,432100,4300,185802,45427,0,,,26670330,1148474979,433000,428300,431800,431800,432100,432200,432300,432400,432500,432600,432700,432800,432900,433000,1700,17700,6800,19000,43300,46600,16300,43000,86600,202300,432000,431900,431800,431700,431600,431500,431400,431300,431200,431100,3600,11000,17400,40400,31500,3800,3600,7600,3800,11100,439620,426070,8081111,4460676,0,0,0,0,0,
600036.SH,600036,20251209,111257000,432100,0,0,45427,0,,,26670330,1148474979,433000,428300,431800,431800,432100,432200,432300,432400,432500,432600,432700,432800,432900,433000,3800,17700,6800,19000,43300,47600,16300,43000,86600,202300,432000,431900,431800,431700,431600,431500,431400,431300,431200,431100,4600,11000,17400,40400,31500,7400,3600,7600,3800,11100,439620,426080,8084211,4465676,0,0,0,0,0,
600036.SH,600036,20251209,111300000,432000,1700,73440,45429,0,,,26672030,1148548419,433000,428300,431800,431800,432100,432200,432300,432400,432500,432600,432700,432800,432900,433000,4900,16600,6800,19000,43300,47600,16300,43000,86600,202800,432000,431900,431800,431700,431600,431500,431400,431300,431200,431100,2900,11100,17400,40400,31500,7400,3600,7700,3800,11100,439620,426080,8090011,4464176,0,0,0,0,0,
600036.SH,600036,20251209,111303000,432000,0,0,45429,0,,,26672030,1148548419,433000,428300,431800,431800,432100,432200,432300,432400,432500,432600,432700,432800,432900,433000,12900,16600,6800,19000,35300,47600,16300,43000,87600,202800,432000,431900,431800,431700,431600,431500,431400,431300,431200,431100,3500,11100,17400,40400,31500,7400,4200,7700,3800,11100,439610,426080,8095511,4464776,0,0,0,0,0,
600036.SH,600036,20251209,111306000,432000,1100,47522,45434,0,,,26673130,1148595941,433000,428300,431800,431800,432100,432200,432300,432400,432500,432600,432700,432800,432900,433000,13700,16500,6800,19000,35300,47600,16300,43500,69500,203900,432000,431900,431800,431700,431600,431500,431400,431300,431200,431100,2600,11100,16900,44500,31500,7400,4200,7700,3800,11100,439630,426080,8080511,4467976,0,0,0,0,0,
600036.SH,600036,20251209,111309000,432000,1500,64803,45440,0,,,26674630,1148660744,433000,428300,431800,431800,432100,432200,432300,432400,432500,432600,432700,432800,432900,433000,13400,16500,6800,19000,35300,47400,16300,44500,68600,203900,432000,431900,431800,431700,431600,431500,431400,431300,431200,431100,7600,11100,16900,44500,31500,7400,4200,7700,3800,11100,439630,426090,8080211,4470576,0,0,0,0,0,
600036.SH,600036,20251209,111312000,432000,6700,289443,45451,0,,,26681330,1148950187,433000,428300,431800,431800,432100,432200,432300,432400,432500,432600,432700,432800,432900,433000,11200,16500,6800,19000,35300,47400,16300,44500,68500,204100,432000,431900,431800,431700,431600,431500,431400,431300,431200,431100,1600,11100,16700,44500,31500,7400,4200,7700,3800,11100,439630,426080,8078111,4464176,0,0,0,0,0,
600036.SH,600036,20251209,111315000,432000,700,30243,45454,0,,,26682030,1148980430,433000,428300,431800,431800,432100,432200,432300,432400,432500,432600,432700,432800,432900,433000,20300,16500,6800,19000,35300,47400,15800,44500,68500,204100,432000,431900,431800,431700,431600,431500,431400,431300,431200,431100,2800,11100,16700,44500,31500,7400,4200,7700,3800,11100,439620,426080,8086711,4465376,0,0,0,0,0,
600036.SH,600036,20251209,111318000,432000,2800,120960,45462,0,,,26684830,1149101390,433000,428300,431800,431800,432100,432200,432300,432400,432500,432600,432700,432800,432900,433000,25500,17500,6800,19000,35500,47400,15800,44500,68500,202400,432000,431900,431800,431700,431600,431500,431400,431300,431200,431100,5600,11100,16700,43600,31500,7400,4200,7700,3800,11100,439620,426080,8091411,4467376,0,0,0,0,0,
600036.SH,600036,20251209,111321000,432000,14600,630686,45478,0,,,26699430,1149732076,433000,428300,431800,431800,432000,432100,432200,432300,432400,432500,432600,432700,432800,432900,1500,39500,17500,6800,19000,35500,49400,15800,44500,68500,431900,431800,431700,431600,431500,431400,431300,431200,431100,431000,8400,10700,36500,12200,7400,4200,7700,3800,11100,10300,439600,426030,8108911,4427176,0,0,0,0,0,
600036.SH,600036,20251209,111324000,431900,15500,669442,45505,0,,,26714930,1150401518,433000,428300,431800,431800,431900,432000,432100,432200,432300,432400,432500,432600,432700,432800,300,17400,27300,17500,6700,19000,35500,48800,15800,44500,431800,431700,431600,431500,431400,431300,431200,431100,431000,430900,7700,28000,9500,7400,4200,7700,3800,11100,10300,1100,439570,426000,8153011,4405676,0,0,0,0,0,
600036.SH,600036,20251209,111327000,431800,11900,513817,45515,0,,,26726830,1150915335,433000,428300,431800,431800,431900,432000,432100,432200,432300,432400,432500,432600,432700,432800,6700,1700,24700,17500,6700,18400,35500,48800,15800,44500,431700,431600,431500,431400,431300,431200,431100,431000,430900,430800,24900,6500,7400,4200,7700,3800,11100,10300,1100,13600,439590,425980,8141311,4391876,0,0,0,0,0,
600036.SH,600036,20251209,111330000,431700,25000,1079252,45533,0,,,26751830,1151994587,433000,428300,431800,431800,431700,431800,431900,432000,432100,432200,432300,432400,432500,432600,3900,6200,25200,2100,24700,17500,7700,18400,35400,48800,431600,431500,431400,431300,431200,431100,431000,430900,430800,430700,3500,7400,1200,7700,3800,11100,10300,1100,14000,1800,439560,425940,8172611,4361876,0,0,0,0,0,
600036.SH,600036,20251209,111333000,431700,4800,207216,45562,0,,,26756630,1152201803,433000,428300,431800,431800,431700,431800,431900,432000,432100,432200,432300,432400,432500,432600,31700,6200,12000,2000,15600,17400,7700,18400,35400,48600,431600,431500,431400,431300,431200,431100,431000,430900,430800,430700,4100,7400,8500,2700,3800,11100,11000,1100,14000,1800,439550,425950,8179111,4365476,0,0,0,0,0,
600036.SH,600036,20251209,111336000,431800,32100,1385835,45582,0,,,26788730,1153587638,433000,428300,431800,431800,431900,432000,432100,432200,432300,432400,432500,432600,432700,432800,12000,2600,13600,16000,7700,18100,36700,48600,15900,44500,431800,431700,431600,431500,431400,431300,431200,431100,431000,430900,9300,400,4100,7600,8500,2700,3800,11100,11000,1100,439590,425960,8140411,4375076,0,0,0,0,0,
600036.SH,600036,20251209,111339000,431800,3000,129540,45583,0,,,26791730,1153717178,433000,428300,431800,431800,431900,432000,432100,432200,432300,432400,432500,432600,432700,432800,20900,2600,13600,16000,4700,19100,36700,48600,15900,44500,431800,431700,431600,431500,431400,431300,431200,431100,431000,430900,7000,400,5100,7500,8500,2700,3800,11300,12000,1100,439580,425960,8148111,4375076,0,0,0,0,0,
600036.SH,600036,20251209,111342000,431900,700,30232,45585,0,,,26792430,1153747410,433000,428300,431800,431800,431900,432000,432100,432200,432300,432400,432500,432600,432700,432800,31700,2600,13600,16000,4700,19100,36700,48600,15900,44500,431800,431600,431500,431400,431300,431200,431100,431000,430900,430800,3500,13900,7500,600,2800,3800,11300,12000,1100,14000,439570,425960,8158111,4372876,0,0,0,0,0,
600036.SH,600036,20251209,111345000,431800,1700,73406,45590,0,,,26794130,1153820816,433000,428300,431800,431800,431900,432000,432100,432200,432300,432400,432500,432600,432700,432800,33200,2500,13100,12300,4700,19100,36700,48900,15900,44500,431800,431600,431500,431400,431300,431200,431100,431000,430900,430800,2000,14100,8000,600,2800,3800,11300,12000,1100,14000,439570,425960,8156511,4372076,0,0,0,0,0,
600036.SH,600036,20251209,111348000,431800,2900,125222,45594,0,,,26797030,1153946038,433000,428300,431800,431800,431800,431900,432000,432100,432200,432300,432400,432500,432600,432700,3800,33300,2500,13100,12300,4700,19100,36700,48900,15900,431700,431600,431500,431400,431300,431200,431100,431000,430900,430800,300,14100,7500,600,2700,3800,11300,12000,1500,14000,439570,425950,8160911,4370176,0,0,0,0,0,
600036.SH,600036,20251209,111351000,431800,4100,177035,45597,0,,,26801130,1154123073,433000,428300,431800,431800,431900,432000,432100,432200,432300,432400,432500,432600,432700,432800,33300,2500,13100,12300,4700,19100,36700,48900,15900,44500,431800,431700,431600,431500,431400,431300,431200,431100,431000,430900,1200,100,14100,8000,600,2700,3800,11300,12000,1100,439570,425960,8154011,4371276,0,0,0,0,0,
600036.SH,600036,20251209,111354000,431900,1000,43188,45601,0,,,26802130,1154166261,433000,428300,431800,431800,431900,432000,432100,432200,432300,432400,432500,432600,432700,432800,32600,3500,12900,12300,4700,19100,36700,48900,15900,45000,431800,431700,431600,431500,431400,431300,431200,431100,431000,430900,7200,600,14100,8000,600,2700,3800,11300,12000,1100,439560,425960,8170911,4377776,0,0,0,0,0,
600036.SH,600036,20251209,111357000,431800,500,21590,45602,0,,,26802630,1154187851,433000,428300,431800,431800,431900,432000,432100,432200,432300,432400,432500,432600,432700,432800,32700,2200,12900,12300,4700,19100,36700,48900,15900,45000,431800,431700,431600,431500,431400,431300,431200,431100,431000,430900,7300,700,13400,8000,600,2700,3800,11300,12000,1100,439570,425970,8170011,4382976,0,0,0,0,0,
600036.SH,600036,20251209,111400000,431900,2100,90699,45609,0,,,26804730,1154278550,433000,428300,431800,431800,431900,432000,432100,432200,432300,432400,432500,432600,432700,432800,30600,2200,12900,12300,4700,19100,36700,47900,15800,45000,431800,431700,431600,431500,431400,431300,431200,431100,431000,430900,8000,600,13400,8000,600,2700,3800,11300,12000,1100,439570,425970,8166811,4385076,0,0,0,0,0,
600036.SH,600036,20251209,111403000,431800,4100,177077,45615,0,,,26808830,1154455627,433000,428300,431800,431800,431900,432000,432100,432200,432300,432400,432500,432600,432700,432800,26700,2200,12900,12300,4700,22500,36700,47600,15800,45000,431800,431700,431600,431500,431400,431300,431200,431100,431000,430900,8400,600,13500,7900,600,2700,3800,11300,12000,1100,439570,425970,8168411,4383776,0,0,0,0,0,
600036.SH,600036,20251209,111406000,431800,400,17272,45617,0,,,26809230,1154472899,433000,428300,431800,431800,431900,432000,432100,432200,432300,432400,432500,432600,432700,432800,30100,2200,9200,8900,4700,22500,36700,47600,15800,45000,431800,431700,431600,431500,431400,431300,431200,431100,431000,430900,8100,600,13400,7900,600,2700,3800,11300,12000,1100,439570,425970,8164511,4384276,0,0,0,0,0,
600036.SH,600036,20251209,111409000,431900,6500,280680,45628,0,,,26815730,1154753579,433000,428300,431800,431800,431900,432000,432100,432200,432300,432400,432500,432600,432700,432800,29100,2200,9200,10700,4700,22500,36700,47600,15800,45000,431800,431700,431600,431500,431400,431300,431200,431100,431000,430900,2600,600,11800,8300,600,2700,3800,11300,12000,1100,439570,425960,8166311,4377576,0,0,0,0,0,
600036.SH,600036,20251209,111412000,431900,3900,168438,45635,0,,,26819630,1154922017,433000,428300,431800,431800,431900,432000,432100,432200,432300,432400,432500,432600,432700,432800,25900,2200,9200,10700,4700,22500,36700,47600,15800,45000,431800,431700,431600,431500,431400,431300,431200,431100,431000,430900,7400,600,11200,8300,600,2700,3800,11300,12000,1100,439570,425970,8163911,4381976,0,0,0,0,0,
600036.SH,600036,20251209,111415000,431900,3700,159802,45640,0,,,26823330,1155081819,433000,428300,431800,431800,431900,432000,432100,432200,432300,432400,432500,432600,432700,432800,27900,5900,9200,10700,4700,22500,36700,47600,15800,45000,431800,431700,431600,431500,431400,431300,431200,431100,431000,430900,7300,5600,11200,8300,600,2700,3800,11300,12000,1100,439570,425970,8169611,4386076,0,0,0,0,0,
600036.SH,600036,20251209,111418000,431900,4200,181379,45654,0,,,26827530,1155263198,433000,428300,431800,431800,431900,432000,432100,432200,432300,432400,432500,432600,432700,432800,26400,5900,9200,10700,4700,22500,36700,47600,15800,45000,431800,431700,431600,431500,431400,431300,431200,431100,431000,430900,5500,5600,11200,8300,600,2700,3800,11300,12000,1100,439570,425970,8169111,4384276,0,0,0,0,0,
600036.SH,600036,20251209,111421000,431900,2100,90689,45659,0,,,26829630,1155353887,433000,428300,431800,431800,431900,432000,432100,432200,432300,432400,432500,432600,432700,432800,26400,5900,9200,10700,4700,22500,36700,47600,15800,45000,431800,431700,431600,431500,431400,431300,431200,431100,431000,430900,4500,5600,11200,8300,600,2700,3800,11300,12000,1100,439560,425970,8175011,4383776,0,0,0,0,0,
600036.SH,600036,20251209,111424000,431800,4000,172734,45664,0,,,26833630,1155526621,433000,428300,431800,431800,431900,432000,432100,432200,432300,432400,432500,432600,432700,432800,28700,6300,9200,10700,4700,22500,36700,47600,15800,45000,431800,431700,431600,431500,431400,431300,431200,431100,431000,430900,2000,6100,11200,8300,600,2700,3800,11300,12000,1100,439560,425970,8179511,4381776,0,0,0,0,0,
600036.SH,600036,20251209,111427000,431800,500,21590,45666,0,,,26834130,1155548211,433000,428300,431800,431800,431900,432000,432100,432200,432300,432400,432500,432600,432700,432800,31200,6300,9200,10700,4700,22500,36700,47600,15800,45000,431800,431700,431600,431500,431400,431300,431200,431100,431000,430900,1600,6100,11200,8300,600,2700,3800,11300,12000,1100,439560,425970,8180511,4381676,0,0,0,0,0,
600036.SH,600036,20251209,111430000,431700,13200,569887,45680,0,,,26847330,1156118098,433000,428300,431800,431800,431800,431900,432000,432100,432200,432300,432400,432500,432600,432700,1800,35400,4600,9700,10700,4700,22500,36700,47600,15800,431700,431600,431500,431400,431300,431200,431100,431000,430900,430800,3100,12800,7200,600,2700,3800,11800,12400,1100,14000,439550,425960,8185711,4378476,0,0,0,0,0,
600036.SH,600036,20251209,111433000,431700,900,38853,45682,0,,,26848230,1156156951,433000,428300,431800,431800,431800,431900,432000,432100,432200,432300,432400,432500,432600,432700,7800,35400,4600,9700,10700,4700,22500,36700,47600,15800,431700,431600,431500,431400,431300,431200,431100,431000,430900,430800,2300,13800,7200,600,2700,5100,11800,12400,1100,14000,439550,425970,8191811,4379976,0,0,0,0,0,
600036.SH,600036,20251209,111436000,431800,21100,911029,45705,0,,,26869330,1157067980,433000,428300,431800,431800,431800,431900,432000,432100,432200,432300,432400,432500,432600,432700,1300,30800,4600,9700,10700,4700,22500,36700,47600,15800,431700,431600,431500,431400,431300,431200,431100,431000,430900,430800,1200,13800,7200,1900,2700,5100,11300,12000,1100,14000,439560,425970,8180711,4379776,0,0,0,0,0,
600036.SH,600036,20251209,111439000,431800,1500,64771,45711,0,,,26870830,1157132751,433000,428300,431800,431800,431900,432000,432100,432200,432300,432400,432500,432600,432700,432800,30600,4600,9700,10700,4700,22500,36700,47600,15800,45100,431700,431600,431500,431400,431300,431200,431100,431000,430900,430800,2500,13800,7200,1900,2700,5100,11300,12000,1100,14000,439560,425970,8180211,4381076,0,0,0,0,0,
600036.SH,600036,20251209,111442000,431800,4900,211582,45716,0,,,26875730,1157344333,433000,428300,431800,431800,431900,432000,432100,432200,432300,432400,432500,432600,432700,432800,31900,8100,9700,10700,4700,22500,36700,47600,15800,45200,431700,431600,431500,431400,431300,431200,431100,431000,430900,430800,2700,18400,7700,1900,2700,5100,11300,12000,1100,14000,439550,425970,8185111,4386376,0,0,0,0,0,
600036.SH,600036,20251209,111445000,431800,0,0,45716,0,,,26875730,1157344333,433000,428300,431800,431800,431900,432000,432100,432200,432300,432400,432500,432600,432700,432800,33300,8100,9700,10700,4700,22500,36700,47600,15800,45100,431700,431600,431500,431400,431300,431200,431100,431000,430900,430800,3300,18400,7700,1900,2700,5100,11300,12000,1100,14000,439550,425970,8186411,4386976,0,0,0,0,0,
600036.SH,600036,20251209,111448000,431700,2300,99291,45723,0,,,26878030,1157443624,433000,428300,431800,431800,431900,432000,432100,432200,432300,432400,432500,432600,432700,432800,36800,7800,9700,10700,4700,22500,36700,47600,15800,45100,431800,431700,431600,431500,431400,431300,431200,431100,431000,430900,200,9600,9700,7700,1900,2700,5100,11300,12000,1100,439550,425970,8190211,4384776,0,0,0,0,0,
600036.SH,600036,20251209,111451000,431900,3000,129570,45724,0,,,26881030,1157573194,433000,428300,431800,431800,431900,432000,432100,432200,432300,432400,432500,432600,432700,432800,33800,7800,9700,10700,4700,22500,36700,47600,15900,45100,431800,431700,431600,431500,431400,431300,431200,431100,431000,430900,800,9600,9700,7700,1900,2700,5100,11300,12000,1100,439550,425970,8185111,4385376,0,0,0,0,0,
600036.SH,600036,20251209,111454000,431800,1500,64778,45728,0,,,26882530,1157637972,433000,428300,431800,431800,431900,432000,432100,432200,432300,432400,432500,432600,432700,432800,33500,7800,9700,10700,4700,22500,36700,47600,15800,45100,431800,431700,431600,431500,431400,431300,431200,431100,431000,430900,5600,9400,8700,7700,1900,2700,5100,11300,12000,1100,439550,425980,8183911,4388976,0,0,0,0,0,
600036.SH,600036,20251209,111457000,431800,0,0,45728,0,,,26882530,1157637972,433000,428300,431800,431800,431900,432000,432100,432200,432300,432400,432500,432600,432700,432800,35300,7800,9700,10700,4700,22500,36700,47600,15800,45100,431800,431700,431600,431500,431400,431300,431200,431100,431000,430900,6100,9400,8700,7700,1900,2700,7100,11300,12000,1100,439550,425980,8187111,4391776,0,0,0,0,0,
600036.SH,600036,20251209,111500000,431800,0,0,45728,0,,,26882530,1157637972,433000,428300,431800,431800,431900,432000,432100,432200,432300,432400,432500,432600,432700,432800,32900,7800,9700,10700,4700,22500,36700,47600,15800,45100,431800,431700,431600,431500,431400,431300,431200,431100,431000,430900,6300,9400,8700,7700,1900,2700,7100,11300,12000,1100,439550,425980,8184411,4392176,0,0,0,0,0,
600036.SH,600036,20251209,111503000,431800,6700,289320,45739,0,,,26889230,1157927292,433000,428300,431800,431800,431900,432000,432100,432200,432300,432400,432500,432600,432700,432800,31600,7800,9700,10700,4700,22500,36700,47600,15900,45100,431800,431700,431600,431500,431400,431300,431200,431100,431000,430900,5400,9400,8700,8100,1900,2700,7100,11300,12000,1100,439550,425980,8184411,4391676,0,0,0,0,0,
600036.SH,600036,20251209,111506000,431800,2000,86360,45747,0,,,26891230,1158013652,433000,428300,431800,431800,431900,432000,432100,432200,432300,432400,432500,432600,432700,432800,31600,7800,9700,10700,4700,22500,36700,47600,15900,45100,431800,431700,431600,431500,431400,431300,431200,431100,431000,430900,3500,9400,8700,8100,1900,2700,7100,11300,12000,1100,439550,425980,8184511,4390276,0,0,0,0,0,
600036.SH,600036,20251209,111509000,431900,1300,56137,45752,0,,,26892530,1158069789,433000,428300,431800,431800,431900,432000,432100,432200,432300,432400,432500,432600,432700,432800,32800,7800,9700,10700,4700,22500,36700,47600,15900,45100,431800,431700,431600,431500,431400,431300,431200,431100,431000,430900,3400,9400,8700,8100,1900,2700,7100,11300,12000,1100,439550,425980,8187211,4391876,0,0,0,0,0,
600036.SH,600036,20251209,111512000,431900,500,21595,45753,0,,,26893030,1158091384,433000,428300,431800,431800,431900,432000,432100,432200,432300,432400,432500,432600,432700,432800,33700,7800,9700,10700,4700,22500,36700,47600,16900,45100,431800,431700,431600,431500,431400,431300,431200,431100,431000,430900,3400,9400,8700,8100,1900,2700,7100,11300,12000,1100,439550,425980,8191211,4391876,0,0,0,0,0,
600036.SH,600036,20251209,111515000,431800,100,4318,45754,0,,,26893130,1158095702,433000,428300,431800,431800,431900,432000,432100,432200,432300,432400,432500,432600,432700,432800,42300,7800,9700,10700,5100,22500,36700,47600,16900,45100,431800,431700,431600,431500,431400,431300,431200,431100,431000,430900,3700,9400,8700,8100,1900,2700,7100,11300,12000,1100,439540,425980,8200511,4392676,0,0,0,0,0,
600036.SH,600036,20251209,111518000,431800,5200,224550,45765,0,,,26898330,1158320252,433000,428300,431800,431800,431800,431900,432000,432100,432200,432300,432400,432500,432600,432700,300,38700,7800,9700,10700,5100,22500,36700,47600,16900,431700,431600,431500,431400,431300,431200,431100,431000,430900,430800,9400,8700,8100,1900,2700,7100,11300,12000,1100,14500,439540,425980,8196211,4388976,0,0,0,0,0,
600036.SH,600036,20251209,111521000,431800,4600,198589,45775,0,,,26902930,1158518841,433000,428300,431800,431800,431800,431900,432000,432100,432200,432300,432400,432500,432600,432700,8100,28100,7800,9200,10700,5100,22500,36700,47600,15400,431700,431600,431500,431400,431300,431200,431100,431000,430900,430800,5600,8600,8100,1900,2700,7100,11300,12000,1100,14500,439550,425970,8188511,4386176,0,0,0,0,0,
600036.SH,600036,20251209,111524000,431700,700,30223,45777,0,,,26903630,1158549064,433000,428300,431800,431800,431800,431900,432000,432100,432200,432300,432400,432500,432600,432700,13300,23400,7800,9200,10700,5100,22500,36700,47600,15400,431700,431600,431500,431400,431300,431200,431100,431000,430900,430800,5900,8900,8100,1900,2700,7100,11300,12000,1100,14500,439550,425970,8191011,4386776,0,0,0,0,0,
600036.SH,600036,20251209,111527000,431800,13600,587247,45788,0,,,26917230,1159136311,433000,428300,431800,431800,431900,432000,432100,432200,432300,432400,432500,432600,432700,432800,23500,7200,9200,10700,5100,22500,39200,47600,15400,45100,431700,431600,431500,431400,431300,431200,431100,431000,430900,430800,6000,8900,8100,2400,2700,7100,11300,12000,1100,14500,439560,425970,8181211,4389076,0,0,0,0,0,
600036.SH,600036,20251209,111530000,431700,4000,172714,45794,0,,,26921230,1159309025,433000,428300,431800,431800,431800,431900,432000,432100,432200,432300,432400,432500,432600,432700,1300,21900,7200,9200,10900,5100,22500,39200,47600,15400,431700,431600,431500,431400,431300,431200,431100,431000,430900,430800,3700,9000,8100,2400,2700,7100,11300,12000,1100,14500,439560,425970,8180611,4386876,0,0,0,0,0,
600036.SH,600036,20251209,111533000,431900,7000,302243,45804,0,,,26928230,1159611268,433000,428300,431800,431800,431800,431900,432000,432100,432200,432300,432400,432500,432600,432700,2700,22400,7200,9200,10900,5100,22500,39200,47600,15400,431700,431600,431500,431400,431300,431200,431100,431000,430900,430800,1200,9000,8100,2400,2700,7100,11300,12000,1100,14500,439560,425970,8182511,4385376,0,0,0,0,0,
600036.SH,600036,20251209,111536000,431700,200,8634,45805,0,,,26928430,1159619902,433000,428300,431800,431800,431800,431900,432000,432100,432200,432300,432400,432500,432600,432700,18200,22400,7200,9600,10900,5100,22500,38700,47600,15400,431700,431600,431500,431400,431300,431200,431100,431000,430900,430800,8700,11300,8100,2400,2700,7100,11300,12000,1100,14500,439550,425980,8198211,4395676,0,0,0,0,0,
600036.SH,600036,20251209,111539000,431700,0,0,45805,0,,,26928430,1159619902,433000,428300,431800,431800,431800,431900,432000,432100,432200,432300,432400,432500,432600,432700,20500,22300,7200,9600,7200,5100,22500,38700,47600,15400,431700,431600,431500,431400,431300,431200,431100,431000,430900,430800,14600,11300,8100,2400,2700,7100,11300,12000,1100,14500,439550,425990,8197111,4401676,0,0,0,0,0,
600036.SH,600036,20251209,111542000,431800,1400,60449,45810,0,,,26929830,1159680351,433000,428300,431800,431800,431800,431900,432000,432100,432200,432300,432400,432500,432600,432700,23200,22300,7200,9600,7200,5100,22500,38700,47400,15400,431700,431600,431500,431400,431300,431200,431100,431000,430900,430800,20900,11300,8100,2400,2700,7100,11300,12000,1100,14500,439540,426000,8200611,4409276,0,0,0,0,0,
600036.SH,600036,20251209,111545000,431900,24000,1036321,45825,0,,,26953830,1160716672,433000,428300,431800,431800,431900,432000,432100,432200,432300,432400,432500,432600,432700,432800,22300,7200,9600,7200,5100,22500,38700,47400,15400,45100,431800,431700,431600,431500,431400,431300,431200,431100,431000,430900,500,20900,11300,8100,2400,2700,7100,11300,12000,1100,439570,426000,8177411,4409776,0,0,0,0,0,
600036.SH,600036,20251209,111548000,431900,1000,43190,45829,0,,,26954830,1160759862,433000,428300,431800,431800,431900,432000,432100,432200,432300,432400,432500,432600,432700,432800,26400,7200,9600,7200,5100,22500,38700,47400,15400,45500,431800,431700,431600,431500,431400,431300,431200,431100,431000,430900,900,22100,11500,8100,1900,2700,7100,11300,15000,1100,439560,426000,8181911,4415276,0,0,0,0,0,
600036.SH,600036,20251209,111551000,431800,3000,129555,45841,0,,,26957830,1160889417,433000,428300,431800,431800,431900,432000,432100,432200,432300,432400,432500,432600,432700,432800,24900,7200,9600,7200,5100,22500,38700,47400,15400,45500,431800,431700,431600,431500,431400,431300,431200,431100,431000,430900,5000,22300,11500,8100,1900,2700,7100,11300,15000,1100,439560,426010,8179411,4419576,0,0,0,0,0,
600036.SH,600036,20251209,111554000,431800,10300,444769,45850,0,,,26968130,1161334186,433000,428300,431800,431800,431800,431900,432000,432100,432200,432300,432400,432500,432600,432700,100,19000,7200,9600,7200,5100,22500,38700,47400,15400,431700,431600,431500,431400,431300,431200,431100,431000,430900,430800,21600,12100,8100,1500,2700,7100,11300,15000,1100,14500,439570,426000,8173911,4414076,0,0,0,0,0,
600036.SH,600036,20251209,111557000,431800,2300,99317,45864,0,,,26970430,1161433503,433000,428300,431800,431800,431900,432000,432100,432200,432300,432400,432500,432600,432700,432800,15600,7200,9600,7200,5100,22500,38700,47400,15400,45500,431800,431700,431600,431500,431400,431300,431200,431100,431000,430900,300,21900,12100,8100,1500,2700,7100,11300,15000,1100,439560,426010,8181411,4413976,0,0,0,0,0,
600036.SH,600036,20251209,111600000,431900,2000,86379,45868,0,,,26972430,1161519882,433000,428300,431800,431800,431900,432000,432100,432200,432300,432400,432500,432600,432700,432800,19700,7200,9600,7700,5100,22500,38700,47400,15400,45500,431800,431700,431600,431500,431400,431300,431200,431100,431000,430900,700,21900,12100,8100,1500,2700,7100,11300,15000,1100,439560,426000,8185911,4403576,0,0,0,0,0,
600036.SH,600036,20251209,111603000,431800,8800,379984,45877,0,,,26981230,1161899866,433000,428300,431800,431800,431800,431900,432000,432100,432200,432300,432400,432500,432600,432700,200,17000,7200,9600,7700,5100,22500,38700,47400,15400,431700,431600,431500,431400,431300,431200,431100,431000,430900,430800,21900,12100,8100,1500,2700,7100,11300,15000,1100,14500,439560,426000,8183511,4402876,0,0,0,0,0,
600036.SH,600036,20251209,111606000,431800,2600,112243,45881,0,,,26983830,1162012109,433000,428300,431800,431800,431800,431900,432000,432100,432200,432300,432400,432500,432600,432700,100,17000,7200,9600,7700,5100,22500,38700,47400,15400,431700,431600,431500,431400,431300,431200,431100,431000,430900,430800,19400,12100,7600,1500,2700,7100,11300,15000,1100,14500,439560,426000,8183911,4399876,0,0,0,0,0,
600036.SH,600036,20251209,111609000,431800,900,38868,45885,0,,,26984730,1162050977,433000,428300,431800,431800,431800,431900,432000,432100,432200,432300,432400,432500,432600,432700,800,19900,7200,10100,7700,5100,22500,38700,47400,15400,431700,431600,431500,431400,431300,431200,431100,431000,430900,430800,19100,12100,7600,1500,2700,7100,11300,15000,1100,14500,439560,426000,8189111,4400776,0,0,0,0,0,
600036.SH,600036,20251209,111612000,431900,4600,198636,45894,0,,,26989330,1162249613,433000,428300,431800,431800,431900,432000,432100,432200,432300,432400,432500,432600,432700,432800,19000,7200,9600,7700,5100,22500,38700,47800,15400,45500,431700,431600,431500,431400,431300,431200,431100,431000,430900,430800,22900,12100,7600,2000,2700,7100,11300,15000,1100,14500,439560,426000,8191411,4401076,0,0,0,0,0,
600036.SH,600036,20251209,111615000,431800,1300,56141,45896,0,,,26990630,1162305754,433000,428300,431800,431800,431900,432000,432100,432200,432300,432400,432500,432600,432700,432800,19800,7300,9600,7700,5100,22500,38700,47800,15400,46500,431700,431600,431500,431400,431300,431200,431100,431000,430900,430800,23500,12600,7600,2000,2700,7100,11300,15000,1100,14500,439550,426000,8193711,4401876,0,0,0,0,0,
600036.SH,600036,20251209,111618000,431900,3100,133888,45899,0,,,26993730,1162439642,433000,428300,431800,431800,431900,432000,432100,432200,432300,432400,432500,432600,432700,432800,16800,7400,9600,7800,5100,22500,38700,47800,15400,46500,431700,431600,431500,431400,431300,431200,431100,431000,430900,430800,23500,12100,7600,2000,2700,7100,11300,15000,1100,14500,439560,426000,8191011,4400376,0,0,0,0,0,
600036.SH,600036,20251209,111621000,431700,2500,107928,45902,0,,,26996230,1162547570,433000,428300,431800,431800,431900,432000,432100,432200,432300,432400,432500,432600,432700,432800,18300,7400,9600,8800,5100,22500,38700,47800,15400,46500,431700,431600,431500,431400,431300,431200,431100,431000,430900,430800,21100,12100,7600,2000,2700,7000,11300,15000,1100,14500,439550,425990,8193511,4397176,0,0,0,0,0,
600036.SH,600036,20251209,111624000,431700,600,25907,45904,0,,,26996830,1162573477,433000,428300,431800,431800,431800,431900,432000,432100,432200,432300,432400,432500,432600,432700,900,18300,7400,9600,8800,5100,22500,38700,47800,15400,431700,431600,431500,431400,431300,431200,431100,431000,430900,430800,21000,12100,7600,2000,3000,7000,11300,15000,1100,14500,439550,426000,8194711,4405476,0,0,0,0,0,
600036.SH,600036,20251209,111627000,431700,3300,142464,45907,0,,,27000130,1162715941,433000,428300,431800,431800,431800,431900,432000,432100,432200,432300,432400,432500,432600,432700,600,16600,7400,10000,8800,5400,22500,38700,47400,15400,431700,431600,431500,431400,431300,431200,431100,431000,430900,430800,18100,12100,7600,2000,3000,7000,13400,15000,1100,14500,439560,426000,8195511,4404676,0,0,0,0,0,
600036.SH,600036,20251209,111630000,431900,2800,120926,45913,0,,,27002930,1162836867,433000,428300,431800,431800,431800,431900,432000,432100,432200,432300,432400,432500,432600,432700,7900,16500,7400,10000,8800,5400,22400,38700,47400,15400,431700,431600,431500,431400,431300,431200,431100,431000,430900,430800,18100,12100,7600,2000,3000,7000,13400,15000,1100,14500,439550,426000,8212911,4403176,0,0,0,0,0,
600036.SH,600036,20251209,111633000,431900,10600,457688,45921,0,,,27013530,1163294555,433000,428300,431800,431800,431900,432000,432100,432200,432300,432400,432500,432600,432700,432800,16100,7400,9600,8800,5400,22400,38700,47900,15400,46800,431700,431600,431500,431400,431300,431200,431100,431000,430900,430800,15800,12200,7600,2000,3000,7000,13400,15000,1100,14500,439550,426000,8206211,4400976,0,0,0,0,0,
600036.SH,600036,20251209,111636000,431800,8500,367010,45927,0,,,27022030,1163661565,433000,428300,431800,431800,431900,432000,432100,432200,432300,432400,432500,432600,432700,432800,15300,7400,9600,8800,5400,22400,38700,47900,15400,46800,431700,431600,431500,431400,431300,431200,431100,431000,430900,430800,20400,11100,14900,2900,3800,7600,13400,16000,1100,14500,439560,426010,8204411,4415076,0,0,0,0,0,
600036.SH,600036,20251209,111639000,431800,900,38862,45929,0,,,27022930,1163700427,433000,428300,431800,431800,431900,432000,432100,432200,432300,432400,432500,432600,432700,432800,15700,7400,9600,9400,5400,22400,38700,47400,15400,46800,431800,431700,431600,431500,431400,431300,431200,431100,431000,430900,1000,20100,12600,16000,1500,3300,7000,13400,16000,1100,439560,426020,8204911,4415976,0,0,0,0,0,
600036.SH,600036,20251209,111642000,431800,6200,267721,45934,0,,,27029130,1163968148,433000,428300,431800,431800,431900,432000,432100,432200,432300,432400,432500,432600,432700,432800,22300,7400,9600,9400,5400,22400,38700,47400,15400,47000,431800,431700,431600,431500,431400,431300,431200,431100,431000,430900,3700,20100,12300,16000,1500,3300,7000,13400,16000,1100,439550,426020,8211711,4421476,0,0,0,0,0,
600036.SH,600036,20251209,111645000,431800,2400,103632,45937,0,,,27031530,1164071780,433000,428300,431800,431800,431900,432000,432100,432200,432300,432400,432500,432600,432700,432800,22500,7400,9600,9400,5400,22400,38700,47400,15400,47000,431800,431700,431600,431500,431400,431300,431200,431100,431000,430900,1700,20100,12300,16000,1500,3300,7000,13400,16000,1100,439550,426020,8212211,4420976,0,0,0,0,0,
600036.SH,600036,20251209,111648000,431900,3200,138187,45943,0,,,27034730,1164209967,433000,428300,431800,431800,431900,432000,432100,432200,432300,432400,432500,432600,432700,432800,22600,7400,9600,9400,5500,22400,38700,47400,15400,47000,431800,431700,431600,431500,431400,431300,431200,431100,431000,430900,2100,20100,12300,16000,1500,3300,7000,13400,16000,1100,439550,426020,8212511,4421376,0,0,0,0,0,
600036.SH,600036,20251209,111651000,431700,7400,319510,45953,0,,,27042130,1164529477,433000,428300,431800,431800,431900,432000,432100,432200,432300,432400,432500,432600,432700,432800,18500,7400,9600,9400,5500,22400,38700,47400,15200,47000,431700,431600,431500,431400,431300,431200,431100,431000,430900,430800,16400,12300,16000,1500,3300,7000,13400,16000,1100,14500,439550,426010,8209211,4415376,0,0,0,0,0,
600036.SH,600036,20251209,111654000,431900,3300,142527,45956,0,,,27045430,1164672004,433000,428300,431800,431800,431800,431900,432000,432100,432200,432300,432400,432500,432600,432700,2300,14400,7400,9600,9400,5500,22400,38700,47400,15200,431700,431600,431500,431400,431300,431200,431100,431000,430900,430800,17000,11000,14900,2000,3800,7400,14400,16000,1100,14500,439550,426010,8214711,4415976,0,0,0,0,0,
600036.SH,600036,20251209,111657000,431800,500,21589,45958,0,,,27045930,1164693593,433000,428300,431800,431800,431800,431900,432000,432100,432200,432300,432400,432500,432600,432700,4300,15200,7400,9600,9400,5500,22400,38700,47400,15200,431700,431600,431500,431400,431300,431200,431100,431000,430900,430800,17100,11000,15900,2800,3400,7000,13400,15200,1100,14500,439550,426010,8217611,4417276,0,0,0,0,0,
600036.SH,600036,20251209,111700000,431800,4900,211587,45966,0,,,27050830,1164905180,433000,428300,431800,431800,431800,431900,432000,432100,432200,432300,432400,432500,432600,432700,400,15800,7400,9600,9400,5500,22400,38700,47400,15200,431700,431600,431500,431400,431300,431200,431100,431000,430900,430800,16900,11400,15900,2400,3400,7000,13400,15200,1100,14500,439550,426010,8215111,4416576,0,0,0,0,0,
600036.SH,600036,20251209,111703000,431800,3100,133874,45973,0,,,27053930,1165039054,433000,428300,431800,431800,431900,432000,432100,432200,432300,432400,432500,432600,432700,432800,14400,7400,9600,9400,5500,22400,38900,47400,15200,47700,431700,431600,431500,431400,431300,431200,431100,431000,430900,430800,16900,11400,15900,2400,3400,7000,13400,15200,1100,14500,439550,426010,8213411,4416776,0,0,0,0,0,
600036.SH,600036,20251209,111706000,431900,100,4319,45974,0,,,27054030,1165043373,433000,428300,431800,431800,431900,432000,432100,432200,432300,432400,432500,432600,432700,432800,12500,7400,9600,9400,5500,22400,38900,47400,15200,47900,431700,431600,431500,431400,431300,431200,431100,431000,430900,430800,19800,11000,15900,2400,3900,7000,13400,15200,1100,14500,439550,426020,8211711,4419776,0,0,0,0,0,
600036.SH,600036,20251209,111709000,431800,4000,172708,45983,0,,,27058030,1165216081,433000,428300,431800,431800,431800,431900,432000,432100,432200,432300,432400,432500,432600,432700,700,12400,7400,9600,9400,5500,22400,38900,47400,15200,431700,431600,431500,431400,431300,431200,431100,431000,430900,430800,18000,11000,15900,2400,3900,7000,13400,15200,1100,14500,439560,426010,8217311,4417976,0,0,0,0,0,
600036.SH,600036,20251209,111712000,431800,2700,116590,45990,0,,,27060730,1165332671,433000,428300,431800,431800,431900,432000,432100,432200,432300,432400,432500,432600,432700,432800,11300,7400,9600,9400,5500,22400,38900,47400,15200,47900,431800,431700,431600,431500,431400,431300,431200,431100,431000,430900,300,17700,11400,15900,2000,3400,7000,13400,15200,1100,439560,426010,8215511,4416576,0,0,0,0,0,
600036.SH,600036,20251209,111715000,431800,1800,77736,45994,0,,,27062530,1165410407,433000,428300,431800,431800,431800,431900,432000,432100,432200,432300,432400,432500,432600,432700,100,9600,7400,9600,9400,5500,22400,38900,47400,15200,431700,431600,431500,431400,431300,431200,431100,431000,430900,430800,17800,11400,15900,2000,3400,7000,13100,15200,1100,14500,439560,426010,8214211,4416076,0,0,0,0,0,
600036.SH,600036,20251209,111718000,431900,2800,120920,46003,0,,,27065330,1165531327,433000,428300,431800,431800,431900,432000,432100,432200,432300,432400,432500,432600,432700,432800,8100,7300,9600,9400,5500,22400,38900,47400,15200,47900,431700,431600,431500,431400,431300,431200,431100,431000,430900,430800,18400,11000,15500,2000,3900,7000,13600,15200,1100,14500,439560,426010,8212511,4415676,0,0,0,0,0,
600036.SH,600036,20251209,111721000,431900,2300,99331,46011,0,,,27067630,1165630658,433000,428300,431800,431800,431900,432000,432100,432200,432300,432400,432500,432600,432700,432800,6000,7400,9600,9400,5500,22400,38900,47400,15200,47900,431800,431700,431600,431500,431400,431300,431200,431100,431000,430900,5200,18500,11000,15500,2000,3900,7000,13600,15200,1100,439560,426020,8210511,4418576,0,0,0,0,0,
600036.SH,600036,20251209,111724000,431800,5500,237543,46022,0,,,27073130,1165868201,433000,428300,431800,431800,431900,432000,432100,432200,432300,432400,432500,432600,432700,432800,3800,7400,9600,9400,5500,22400,38900,47400,15200,47900,431800,431700,431600,431500,431400,431300,431200,431100,431000,430900,15300,19900,11800,15900,1500,3400,7000,13100,15200,1100,439570,426030,8208311,4429776,0,0,0,0,0,
600036.SH,600036,20251209,111727000,431800,5500,237511,46040,0,,,27078630,1166105712,433000,428300,431800,431800,431900,432000,432100,432200,432300,432400,432500,432600,432700,432800,2700,7300,9600,9400,5500,22400,38900,47400,15200,47900,431800,431700,431600,431500,431400,431300,431200,431100,431000,430900,12300,19600,11800,15900,1500,3400,7000,13100,15200,1100,439570,426030,8208611,4426476,0,0,0,0,0,
600036.SH,600036,20251209,111730000,431900,1900,82057,46049,0,,,27080530,1166187769,433000,428300,431800,431800,431900,432000,432100,432200,432300,432400,432500,432600,432700,432800,1800,7300,9600,9400,5500,22400,38900,48400,15200,47900,431800,431700,431600,431500,431400,431300,431200,431100,431000,430900,11900,19600,11800,17300,1500,3400,7000,13100,15200,1100,439560,426030,8214211,4427476,0,0,0,0,0,
600036.SH,600036,20251209,111733000,431800,2700,116598,46058,0,,,27083230,1166304367,433000,428300,431800,431800,431900,432000,432100,432200,432300,432400,432500,432600,432700,432800,1400,5300,9600,9400,5500,22400,38900,48400,15200,47900,431800,431700,431600,431500,431400,431300,431200,431100,431000,430900,10400,19800,11800,17800,1500,4200,7000,13100,15200,1100,439560,426030,8215911,4425476,0,0,0,0,0,
600036.SH,600036,20251209,111736000,431800,400,17274,46061,0,,,27083630,1166321641,433000,428300,431800,431800,431900,432000,432100,432200,432300,432400,432500,432600,432700,432800,6100,5300,9700,9500,5500,22400,38900,48400,15200,47900,431800,431700,431600,431500,431400,431300,431200,431100,431000,430900,12700,19800,11800,17000,2500,4200,7000,13100,15200,1100,439560,426030,8220011,4427476,0,0,0,0,0,
600036.SH,600036,20251209,111739000,431800,3200,138204,46067,0,,,27086830,1166459845,433000,428300,431800,431800,431900,432000,432100,432200,432300,432400,432500,432600,432700,432800,3300,5300,9700,9500,5500,22400,38900,48400,15200,47900,431800,431700,431600,431500,431400,431300,431200,431100,431000,430900,12400,19700,11800,17000,2500,4200,7000,13100,15200,1100,439560,426030,8217011,4429976,0,0,0,0,0,
600036.SH,600036,20251209,111742000,431800,4600,198653,46073,0,,,27091430,1166658498,433000,428300,431800,431800,431900,432000,432100,432200,432300,432400,432500,432600,432700,432800,7700,6300,9700,9500,5500,22400,38900,48400,15200,47900,431800,431700,431600,431500,431400,431300,431200,431100,431000,430900,9100,19700,11800,17000,2500,5000,7000,14600,15200,1100,439560,426030,8218911,4428976,0,0,0,0,0,
600036.SH,600036,20251209,111745000,431800,5600,241827,46080,0,,,27097030,1166900325,433000,428300,431800,431800,431900,432000,432100,432200,432300,432400,432500,432600,432700,432800,18600,6300,9900,9500,5500,22400,38900,48400,15200,47900,431800,431700,431600,431500,431400,431300,431200,431100,431000,430900,5500,19700,11800,17000,2500,5000,7000,14600,15200,1100,439550,426030,8230011,4426676,0,0,0,0,0,
600036.SH,600036,20251209,111748000,431800,15100,652027,46115,0,,,27112130,1167552352,433000,428300,431800,431800,431800,431900,432000,432100,432200,432300,432400,432500,432600,432700,1200,25000,6300,9800,9500,5500,22400,38900,48400,15200,431700,431600,431500,431400,431300,431200,431100,431000,430900,430800,19300,11800,15400,2500,5000,7000,14600,15200,1100,14500,439540,426020,8238211,4419476,0,0,0,0,0,
600036.SH,600036,20251209,111751000,431700,19600,846135,46156,0,,,27131730,1168398487,433000,428300,431800,431800,431700,431800,431900,432000,432100,432200,432300,432400,432500,432600,2200,49900,18400,6300,9800,9500,5500,22100,38900,48400,431600,431500,431400,431300,431200,431100,431000,430900,430800,430700,11800,15400,3000,5000,7000,14600,15200,1100,14500,3300,439500,425980,8282211,4392376,0,0,0,0,0,
600036.SH,600036,20251209,111754000,431600,16200,699218,46188,0,,,27147930,1169097705,433000,428300,431800,431800,431700,431800,431900,432000,432100,432200,432300,432400,432500,432600,37200,34400,18900,6300,9400,8900,5500,22100,38900,48400,431600,431500,431400,431300,431200,431100,431000,430900,430800,430700,500,14500,3000,5000,7000,14600,15200,1100,14500,3300,439480,425970,8301311,4380176,0,0,0,0,0,
600036.SH,600036,20251209,111757000,431600,6100,263276,46204,0,,,27154030,1169360981,433000,428300,431800,431800,431600,431700,431800,431900,432000,432100,432200,432300,432400,432500,100,37800,33300,17100,7300,9400,8900,5500,22100,38900,431500,431400,431300,431200,431100,431000,430900,430800,430700,430600,14500,3000,5000,7000,14600,15200,1100,14500,3300,5100,439480,425970,8300111,4379676,0,0,0,0,0,
600036.SH,600036,20251209,111800000,431600,2800,120831,46211,0,,,27156830,1169481812,433000,428300,431800,431800,431600,431700,431800,431900,432000,432100,432200,432300,432400,432500,2300,43200,33300,17100,7300,9400,8900,5500,22100,42000,431500,431400,431300,431200,431100,431000,430900,430800,430700,430600,12800,2500,5000,7500,14600,15200,1100,14500,3300,5100,439470,425970,8313711,4378076,0,0,0,0,0,
600036.SH,600036,20251209,111803000,431500,1900,81989,46215,0,,,27158730,1169563801,433000,428300,431800,431800,431600,431700,431800,431900,432000,432100,432200,432300,432400,432500,8200,39800,33300,17100,7300,9400,8900,5500,22100,42000,431500,431400,431300,431200,431100,431000,430900,430800,430700,430600,11900,2500,5000,7500,14600,15200,1100,14500,3300,5100,439460,425970,8319011,4377476,0,0,0,0,0,
600036.SH,600036,20251209,111806000,431600,1100,47469,46220,0,,,27159830,1169611270,433000,428300,431800,431800,431600,431700,431800,431900,432000,432100,432200,432300,432400,432500,7800,37800,32800,17100,7300,9400,8900,5500,22100,42000,431500,431400,431300,431200,431100,431000,430900,430800,430700,430600,11200,2500,5000,7500,14600,15200,1100,14500,3300,5100,439470,425960,8316911,4376276,0,0,0,0,0,
600036.SH,600036,20251209,111809000,431500,4500,194205,46225,0,,,27164330,1169805475,433000,428300,431800,431800,431600,431700,431800,431900,432000,432100,432200,432300,432400,432500,7300,37600,32800,17100,7300,9400,8900,5500,22100,41900,431500,431400,431300,431200,431100,431000,430900,430800,430700,430600,9800,2500,5000,7500,14600,15200,1100,14500,3300,5100,439470,425960,8316411,4374876,0,0,0,0,0,
600036.SH,600036,20251209,111812000,431600,8000,345283,46240,0,,,27172330,1170150758,433000,428300,431800,431800,431700,431800,431900,432000,432100,432200,432300,432400,432500,432600,37300,32800,17100,7300,9400,8900,5500,22100,41900,49000,431500,431400,431300,431200,431100,431000,430900,430800,430700,430600,10500,2500,5500,7500,14600,15500,1100,14500,3300,5100,439470,425960,8308211,4376576,0,0,0,0,0,
600036.SH,600036,20251209,111815000,431500,400,17260,46243,0,,,27172730,1170168018,433000,428300,431800,431800,431600,431700,431800,431900,432000,432100,432200,432300,432400,432500,500,40000,32800,16600,7300,9400,8900,5500,22100,39900,431500,431400,431300,431200,431100,431000,430900,430800,430700,430600,11800,2500,5500,7500,14600,15500,1100,14500,3300,5100,439470,425970,8308511,4376076,0,0,0,0,0,
600036.SH,600036,20251209,111818000,431500,4400,189899,46253,0,,,27177130,1170357917,433000,428300,431800,431800,431700,431800,431900,432000,432100,432200,432300,432400,432500,432600,38900,32800,16600,7300,9400,8900,5500,22100,40900,49000,431500,431400,431300,431200,431100,431000,430900,430800,430700,430600,10200,2500,5500,7500,15600,15500,1100,14500,3300,5100,439480,425960,8302511,4375576,0,0,0,0,0,
600036.SH,600036,20251209,111821000,431700,1900,82011,46256,0,,,27179030,1170439928,433000,428300,431800,431800,431700,431800,431900,432000,432100,432200,432300,432400,432500,432600,37600,32800,16600,7300,9400,8900,5500,22100,40900,50000,431500,431400,431300,431200,431100,431000,430900,430800,430700,430600,29100,1500,5500,7500,15600,15500,1100,14500,3300,5100,439480,425990,8302211,4393476,0,0,0,0,0,
600036.SH,600036,20251209,111824000,431500,9100,392669,46272,0,,,27188130,1170832597,433000,428300,431800,431800,431700,431800,431900,432000,432100,432200,432300,432400,432500,432600,35000,32800,17400,7500,9400,8900,5500,22100,40900,50000,431500,431400,431300,431200,431100,431000,430900,430800,430700,430600,20400,1500,5500,7500,15600,15500,1100,14500,3300,5100,439480,425980,8299011,4385076,0,0,0,0,0,
600036.SH,600036,20251209,111827000,431600,700,30206,46274,0,,,27188830,1170862803,433000,428300,431800,431800,431600,431700,431800,431900,432000,432100,432200,432300,432400,432500,100,35000,32800,17400,7500,9400,8900,5500,22500,40900,431500,431400,431300,431200,431100,431000,430900,430800,430700,430600,20900,1500,5500,7500,15600,15500,1600,14500,3300,5100,439480,425980,8300311,4386176,0,0,0,0,0,
600036.SH,600036,20251209,111830000,431600,0,0,46274,0,,,27188830,1170862803,433000,428300,431800,431800,431600,431700,431800,431900,432000,432100,432200,432300,432400,432500,2100,37200,32800,17400,7500,9400,8900,5500,22500,40900,431500,431400,431300,431200,431100,431000,430900,430800,430700,430600,21000,1500,5500,7900,15600,15500,2100,14500,3300,5100,439480,425980,8305411,4387876,0,0,0,0,0,
600036.SH,600036,20251209,111833000,431600,0,0,46274,0,,,27188830,1170862803,433000,428300,431800,431800,431600,431700,431800,431900,432000,432100,432200,432300,432400,432500,2200,13700,32800,17900,7500,9400,8700,5500,22100,40900,431500,431400,431300,431200,431100,431000,430900,430800,430700,430600,21100,1500,5500,7900,15600,15500,2100,14500,3300,5100,439500,425980,8281911,4387776,0,0,0,0,0,
600036.SH,600036,20251209,111836000,431500,3900,168289,46285,0,,,27192730,1171031092,433000,428300,431800,431800,431600,431700,431800,431900,432000,432100,432200,432300,432400,432500,22200,15700,32800,17900,7500,9400,8700,5500,22100,40900,431500,431400,431300,431200,431100,431000,430900,430800,430700,430600,17600,1500,5500,7900,15600,15500,2100,14500,3300,5100,439480,425970,8303911,4384476,0,0,0,0,0,
600036.SH,600036,20251209,111839000,431600,23000,992680,46289,0,,,27215730,1172023772,433000,428300,431800,431800,431700,431800,431900,432000,432100,432200,432300,432400,432500,432600,15700,32800,17400,7500,9400,8700,5500,22100,40900,50000,431500,431400,431300,431200,431100,431000,430900,430800,430700,430600,25200,1500,5500,7900,15600,17000,2100,14500,3300,5100,439500,425990,8281211,4393576,0,0,0,0,0,
600036.SH,600036,20251209,111842000,431500,4500,194181,46292,0,,,27220230,1172217953,433000,428300,431800,431800,431700,431800,431900,432000,432100,432200,432300,432400,432500,432600,21100,35800,17400,7500,9400,8700,5500,22600,40900,49700,431500,431400,431300,431200,431100,431000,430900,430800,430700,430600,21300,2000,5500,7900,15600,17000,2100,14500,3300,5100,439490,425980,8289811,4390176,0,0,0,0,0,
600036.SH,600036,20251209,111845000,431500,2100,90635,46296,0,,,27222330,1172308588,433000,428300,431800,431800,431700,431800,431900,432000,432100,432200,432300,432400,432500,432600,20400,35800,17400,7500,9400,8700,5500,22600,40900,49700,431500,431400,431300,431200,431100,431000,430900,430800,430700,430600,21800,2000,5500,7900,15600,17000,2100,14500,3300,5100,439490,425980,8289411,4390776,0,0,0,0,0,
600036.SH,600036,20251209,111848000,431700,1100,47480,46298,0,,,27223430,1172356068,433000,428300,431800,431800,431700,431800,431900,432000,432100,432200,432300,432400,432500,432600,24200,35800,15600,7500,9400,8700,5500,22600,40900,49700,431500,431400,431300,431200,431100,431000,430900,430800,430700,430600,21300,2000,5500,7900,15600,17000,2100,14500,3300,5100,439490,425980,8291911,4390276,0,0,0,0,0,
600036.SH,600036,20251209,111851000,431700,0,0,46298,0,,,27223430,1172356068,433000,428300,431800,431800,431700,431800,431900,432000,432100,432200,432300,432400,432500,432600,22600,35800,15600,7500,9400,8700,5500,22600,40900,49700,431500,431400,431300,431200,431100,431000,430900,430800,430700,430600,21400,2100,5500,7900,15600,16500,2700,14500,3400,5100,439490,425980,8295211,4391476,0,0,0,0,0,
600036.SH,600036,20251209,111854000,431500,600,25890,46299,0,,,27224030,1172381958,433000,428300,431800,431800,431700,431800,431900,432000,432100,432200,432300,432400,432500,432600,23800,35800,15600,7500,9400,8700,5500,22600,40900,49700,431500,431400,431300,431200,431100,431000,430900,430800,430700,430600,20800,2100,5600,7900,15600,16500,2700,14500,3400,5100,439490,425980,8295411,4391276,0,0,0,0,0,
600036.SH,600036,20251209,111857000,431500,2500,107877,46306,0,,,27226530,1172489835,433000,428300,431800,431800,431700,431800,431900,432000,432100,432200,432300,432400,432500,432600,24000,35800,15600,49500,9400,8700,6800,22600,40900,49700,431500,431400,431300,431200,431100,431000,430900,430800,430700,430600,18500,2100,5600,7900,15600,16500,2700,12500,3400,5100,439450,425980,8341011,4387676,0,0,0,0,0,
600036.SH,600036,20251209,111900000,431500,3100,133765,46308,0,,,27229630,1172623600,433000,428300,431800,431800,431600,431700,431800,431900,432000,432100,432200,432300,432400,432500,500,27000,35800,15600,49500,9400,8700,6800,22600,40900,431500,431400,431300,431200,431100,431000,430900,430800,430700,430600,21800,8300,13300,7900,15600,16400,2900,12500,3400,5100,439440,426000,8344511,4405976,0,0,0,0,0,
600036.SH,600036,20251209,111903000,431700,14500,625760,46320,0,,,27244130,1173249360,433000,428300,431800,431800,431600,431700,431800,431900,432000,432100,432200,432300,432400,432500,20800,20600,35800,15600,49500,9400,8700,6800,22600,40900,431500,431400,431300,431200,431100,431000,430900,430800,430700,430600,12500,2100,13300,8500,15600,16400,2900,12500,3400,5100,439430,426040,8358411,4458176,0,0,0,0,0,
600036.SH,600036,20251209,111906000,431500,1800,77671,46325,0,,,27245930,1173327031,433000,428300,431800,431800,431600,431700,431800,431900,432000,432100,432200,432300,432400,432500,27700,14800,35800,15600,49500,9400,8700,6800,22100,40900,431500,431400,431300,431200,431100,431000,430900,430800,430700,430600,19500,2100,13300,8500,15600,16400,2800,12500,3400,5100,439430,426050,8358711,4466276,0,0,0,0,0,
600036.SH,600036,20251209,111909000,431500,5900,254585,46335,0,,,27251830,1173581616,433000,428300,431800,431800,431600,431700,431800,431900,432000,432100,432200,432300,432400,432500,30700,12500,36000,15600,49500,9400,8700,6800,22100,41000,431500,431400,431300,431200,431100,431000,430900,430800,430700,430600,22200,2100,13300,9000,15600,16400,2300,12500,3400,5100,439430,426060,8358611,4467476,0,0,0,0,0,
600036.SH,600036,20251209,111912000,431500,3700,159655,46337,0,,,27255530,1173741271,433000,428300,431800,431800,431600,431700,431800,431900,432000,432100,432200,432300,432400,432500,36000,12600,36000,15600,49500,9400,8700,6800,22100,41000,431500,431400,431300,431200,431100,431000,430900,430800,430700,430600,18500,2100,13300,9000,15600,16400,2100,12500,3400,5100,439430,426050,8363511,4463576,0,0,0,0,0,
600036.SH,600036,20251209,111915000,431500,4800,207120,46350,0,,,27260330,1173948391,433000,428300,431800,431800,431600,431700,431800,431900,432000,432100,432200,432300,432400,432500,38900,12600,36000,15600,49500,9400,8700,6800,22100,41000,431500,431400,431300,431200,431100,431000,430900,430800,430700,430600,13700,2200,13300,9000,15600,16400,2100,12500,3400,5100,439420,426050,8366911,4459276,0,0,0,0,0,
600036.SH,600036,20251209,111918000,431500,10300,444448,46375,0,,,27270630,1174392839,433000,428300,431800,431800,431600,431700,431800,431900,432000,432100,432200,432300,432400,432500,37000,12600,35900,15300,7500,9400,8700,6800,22100,41000,431500,431400,431300,431200,431100,431000,430900,430800,430700,430600,3700,2200,13300,9000,15600,16400,2100,12500,3400,5100,439460,426030,8322811,4449076,0,0,0,0,0,
600036.SH,600036,20251209,111921000,431500,9000,388390,46381,0,,,27279630,1174781229,433000,428300,431800,431800,431600,431700,431800,431900,432000,432100,432200,432300,432400,432500,32200,12600,35900,16300,7500,9000,8700,6800,22100,41000,431400,431300,431200,431100,431000,430900,430800,430700,430600,430500,5700,16000,8500,15600,16400,2100,12500,3400,5100,68700,439470,426040,8318311,4451076,0,0,0,0,0,
600036.SH,600036,20251209,111924000,431600,5400,233052,46385,0,,,27285030,1175014281,433000,428300,431800,431800,431600,431700,431800,431900,432000,432100,432200,432300,432400,432500,26700,12600,35900,16300,7500,9000,8700,6800,22100,41000,431500,431400,431300,431200,431100,431000,430900,430800,430700,430600,200,6300,16000,8100,15500,16400,2100,13000,3400,5100,439470,426040,8314311,4452776,0,0,0,0,0,
600036.SH,600036,20251209,111927000,431500,1600,69033,46392,0,,,27286630,1175083314,433000,428300,431800,431800,431600,431700,431800,431900,432000,432100,432200,432300,432400,432500,26700,10600,35900,16300,7400,9000,8700,6800,22100,41000,431500,431400,431300,431200,431100,431000,430900,430800,430700,430600,1700,5600,15600,8100,15500,16400,2100,13000,3400,5100,439470,426040,8312211,4453276,0,0,0,0,0,
600036.SH,600036,20251209,111930000,431600,2600,112209,46397,0,,,27289230,1175195523,433000,428300,431800,431800,431600,431700,431800,431900,432000,432100,432200,432300,432400,432500,24800,10600,35900,16300,7400,9000,8700,6800,22100,41000,431500,431400,431300,431200,431100,431000,430900,430800,430700,430600,2400,5600,15600,8600,15500,16400,2100,12500,3400,5100,439470,426040,8311111,4454076,0,0,0,0,0,
600036.SH,600036,20251209,111933000,431500,2400,103582,46402,0,,,27291630,1175299105,433000,428300,431800,431800,431600,431700,431800,431900,432000,432100,432200,432300,432400,432500,26100,10600,35900,16300,7300,9000,8700,6800,22100,41000,431500,431400,431300,431200,431100,431000,430900,430800,430700,430600,2300,5600,15600,8600,15500,16400,2100,12500,3400,5100,439470,426040,8312311,4453976,0,0,0,0,0,
600036.SH,600036,20251209,111936000,431600,3500,151025,46414,0,,,27295130,1175450130,433000,428300,431800,431800,431600,431700,431800,431900,432000,432100,432200,432300,432400,432500,25900,10600,35900,16300,7300,9000,8700,6800,22100,41000,431500,431400,431300,431200,431100,431000,430900,430800,430700,430600,400,5900,15600,8600,15500,16400,2100,12500,3400,5100,439470,426040,8315511,4452276,0,0,0,0,0,
600036.SH,600036,20251209,111939000,431600,1800,77688,46416,0,,,27296930,1175527818,433000,428300,431800,431800,431600,431700,431800,431900,432000,432100,432200,432300,432400,432500,24400,10600,35900,16300,7300,9000,8700,6800,22100,41000,431500,431400,431300,431200,431100,431000,430900,430800,430700,430600,5100,5300,16100,8600,15500,16400,2100,12500,3400,5100,439470,426040,8313811,4456776,0,0,0,0,0,
600036.SH,600036,20251209,111942000,431600,5000,215755,46425,0,,,27301930,1175743573,433000,428300,431800,431800,431600,431700,431800,431900,432000,432100,432200,432300,432400,432500,30000,10600,35900,16300,7300,9000,8700,6800,22100,42000,431500,431400,431300,431200,431100,431000,430900,430800,430700,430600,700,5500,16100,8600,15500,16400,2100,12500,3400,5100,439470,426040,8320411,4452476,0,0,0,0,0,
600036.SH,600036,20251209,111945000,431500,1600,69045,46432,0,,,27303530,1175812618,433000,428300,431800,431800,431600,431700,431800,431900,432000,432100,432200,432300,432400,432500,29500,10600,35900,16300,7300,9000,8700,6800,22100,42000,431500,431400,431300,431200,431100,431000,430900,430800,430700,430600,1500,5500,16100,8600,15500,16400,2100,12500,3400,5100,439470,426040,8320411,4454276,0,0,0,0,0,
600036.SH,600036,20251209,111948000,431500,4600,198490,46437,0,,,27308130,1176011108,433000,428300,431800,431800,431500,431600,431700,431800,431900,432000,432100,432200,432300,432400,2100,24100,10600,35900,16300,7900,9100,8700,6800,22100,431400,431300,431200,431100,431000,430900,430800,430700,430600,430500,5500,16100,8600,16600,16400,2100,12500,3400,5100,68700,439470,426040,8317311,4452776,0,0,0,0,0,
600036.SH,600036,20251209,111951000,431400,8800,379686,46450,0,,,27316930,1176390794,433000,428300,431800,431800,431600,431700,431800,431900,432000,432100,432200,432300,432400,432500,24100,3700,35900,16300,7900,9100,8700,6800,22100,42000,431400,431300,431200,431100,431000,430900,430800,430700,430600,430500,5200,16100,8100,16600,16400,2100,12500,3400,5100,68700,439480,426040,8308311,4453976,0,0,0,0,0,
600036.SH,600036,20251209,111954000,431400,5200,224403,46458,0,,,27322130,1176615197,433000,428300,431800,431800,431500,431600,431700,431800,431900,432000,432100,432200,432300,432400,15800,32700,4200,35900,15800,7900,9100,8700,6800,22100,431400,431300,431200,431100,431000,430900,430800,430700,430600,430500,4400,13000,8100,22100,20500,4100,14300,3400,5100,68700,439450,426050,8332711,4464276,0,0,0,0,0,
600036.SH,600036,20251209,111957000,431400,900,38826,46463,0,,,27323030,1176654023,433000,428300,431800,431800,431500,431600,431700,431800,431900,432000,432100,432200,432300,432400,16500,32300,4200,35900,15800,7900,9100,8700,6800,22100,431400,431300,431200,431100,431000,430900,430800,430700,430600,430500,3500,13000,8100,22100,20500,4100,14300,3400,5100,68700,439460,426050,8331911,4462876,0,0,0,0,0,
600036.SH,600036,20251209,112000000,431400,0,0,46463,0,,,27323030,1176654023,433000,428300,431800,431800,431500,431600,431700,431800,431900,432000,432100,432200,432300,432400,35200,12600,4200,35900,15800,8000,9100,8700,6800,22100,431400,431300,431200,431100,431000,430900,430800,430700,430600,430500,3800,21000,13300,18200,16400,2100,12500,3400,5100,68700,439460,426050,8331811,4466076,0,0,0,0,0,
600036.SH,600036,20251209,112003000,431400,2200,94908,46468,0,,,27325230,1176748931,433000,428300,431800,431800,431500,431600,431700,431800,431900,432000,432100,432200,432300,432400,35900,12600,4200,35900,15800,8000,9100,8700,6800,22100,431400,431300,431200,431100,431000,430900,430800,430700,430600,430500,2300,21000,13300,18200,16400,2100,12500,3400,5100,68700,439450,426050,8333611,4465376,0,0,0,0,0,
600036.SH,600036,20251209,112006000,431400,54800,2364773,46503,0,,,27380030,1179113704,433000,428300,431800,431800,431700,431800,431900,432000,432100,432200,432300,432400,432500,432600,2800,35900,15800,8000,9100,8700,6800,22100,42300,48700,431500,431400,431300,431200,431100,431000,430900,430800,430700,430600,100,1900,20500,11900,17100,16400,2100,13100,4800,6600,439500,426050,8283711,4466576,0,0,0,0,0,
600036.SH,600036,20251209,112009000,431500,4400,189875,46520,0,,,27384430,1179303579,433000,428300,431800,431800,431700,431800,431900,432000,432100,432200,432300,432400,432500,432600,11500,36000,16000,8000,9100,8700,6800,22100,42300,48700,431500,431400,431300,431200,431100,431000,430900,430800,430700,430600,4100,4600,20500,11900,17100,16400,2100,13100,4800,6600,439490,426060,8292611,4473476,0,0,0,0,0,
600036.SH,600036,20251209,112012000,431500,3200,138131,46530,0,,,27387630,1179441710,433000,428300,431800,431800,431700,431800,431900,432000,432100,432200,432300,432400,432500,432600,9000,36000,16000,8000,9100,8700,6800,22100,42300,48700,431500,431400,431300,431200,431100,431000,430900,430800,430700,430600,7300,4500,13600,8600,16300,16800,2800,12500,4000,6100,439500,426050,8289111,4464176,0,0,0,0,0,
600036.SH,600036,20251209,112015000,431500,3600,155374,46536,0,,,27391230,1179597084,433000,428300,431800,431800,431600,431700,431800,431900,432000,432100,432200,432300,432400,432500,100,33000,35900,16000,8100,9100,8700,6800,22100,42300,431500,431400,431300,431200,431100,431000,430900,430800,430700,430600,12400,4500,13600,8600,16300,16800,2800,12500,4000,6100,439470,426060,8313811,4469476,0,0,0,0,0,
600036.SH,600036,20251209,112018000,431500,3800,163971,46538,0,,,27395030,1179761055,433000,428300,431800,431800,431600,431700,431800,431900,432000,432100,432200,432300,432400,432500,27900,10600,35900,16000,8100,9100,8700,6800,22100,42300,431500,431400,431300,431200,431100,431000,430900,430800,430700,430600,13700,5000,16000,8400,15500,16400,2100,12500,3400,6100,439470,426060,8319211,4472376,0,0,0,0,0,
600036.SH,600036,20251209,112021000,431500,5800,250327,46541,0,,,27400830,1180011382,433000,428300,431800,431800,431600,431700,431800,431900,432000,432100,432200,432300,432400,432500,28300,11100,35900,16000,8100,9100,8700,6800,22100,42300,431500,431400,431300,431200,431100,431000,430900,430800,430700,430600,13600,6500,20400,12000,15500,16400,2100,12500,3400,6100,439470,426070,8320111,4481776,0,0,0,0,0,
600036.SH,600036,20251209,112024000,431600,2400,103578,46545,0,,,27403230,1180114960,433000,428300,431800,431800,431600,431700,431800,431900,432000,432100,432200,432300,432400,432500,30300,9900,35900,16000,8100,9100,8700,6800,22100,42300,431500,431400,431300,431200,431100,431000,430900,430800,430700,430600,13000,6500,20400,12000,14500,16400,2100,12500,3400,6100,439470,426070,8320911,4480076,0,0,0,0,0,
600036.SH,600036,20251209,112027000,431400,13700,591148,46570,0,,,27416930,1180706108,433000,428300,431800,431800,431500,431600,431700,431800,431900,432000,432100,432200,432300,432400,4500,41600,8800,35900,15200,8100,9100,8700,6800,22100,431400,431300,431200,431100,431000,430900,430800,430700,430600,430500,5200,19100,11400,14900,16400,2100,12500,3400,6100,68700,439450,426050,8334811,4464476,0,0,0,0,0,
600036.SH,600036,20251209,112030000,431300,10700,461543,46613,0,,,27427630,1181167651,433000,428300,431800,431800,431500,431600,431700,431800,431900,432000,432100,432200,432300,432400,9500,34800,8800,35900,15200,8100,9100,8700,6800,22100,431300,431200,431100,431000,430900,430800,430700,430600,430500,430400,13600,11400,14900,16400,2100,12500,3400,6100,68700,3300,439460,426040,8333211,4453776,0,0,0,0,0,
600036.SH,600036,20251209,112033000,431300,6000,258826,46625,0,,,27433630,1181426477,433000,428300,431800,431800,431400,431500,431600,431700,431800,431900,432000,432100,432200,432300,700,11100,34100,8800,35900,15200,8100,9100,8700,6800,431300,431200,431100,431000,430900,430800,430700,430600,430500,430400,10300,11000,14900,16800,2100,12500,3400,6100,68700,3300,439450,426030,8334811,4451276,0,0,0,0,0,
600036.SH,600036,20251209,112036000,431300,4400,189774,46633,0,,,27438030,1181616251,433000,428300,431800,431800,431400,431500,431600,431700,431800,431900,432000,432100,432200,432300,1600,7200,34100,9300,35900,15200,8100,9100,8700,6800,431300,431200,431100,431000,430900,430800,430700,430600,430500,430400,6500,8000,14900,19500,2100,12500,3400,6100,68700,3300,439420,426030,8393511,4445576,0,0,0,0,0,
600036.SH,600036,20251209,112039000,431400,1300,56077,46641,0,,,27439330,1181672328,433000,428300,431800,431800,431400,431500,431600,431700,431800,431900,432000,432100,432200,432300,700,14600,34100,2000,35900,15200,8100,9100,8700,6800,431300,431200,431100,431000,430900,430800,430700,430600,430500,430400,6400,8000,14900,19500,2100,12500,3400,6100,68700,3300,439420,426030,8392711,4445076,0,0,0,0,0,
600036.SH,600036,20251209,112042000,431400,12700,547704,46665,0,,,27452030,1182220032,433000,428300,431800,431800,431400,431500,431600,431700,431800,431900,432000,432100,432200,432300,1100,11500,32900,2000,35900,15200,8100,9100,8700,6800,431300,431200,431100,431000,430900,430800,430700,430600,430500,430400,300,2500,22400,20200,2100,12500,3400,6100,68700,3300,439430,426020,8390811,4442476,0,0,0,0,0,
600036.SH,600036,20251209,112045000,431300,400,17252,46668,0,,,27452430,1182237284,433000,428300,431800,431800,431400,431500,431600,431700,431800,431900,432000,432100,432200,432300,1200,12000,32900,2000,35900,15200,8100,9100,8700,6800,431200,431100,431000,430900,430800,430700,430600,430500,430400,430300,2500,22400,20200,2100,12500,3400,6100,68700,3300,6400,439430,426020,8391111,4443476,0,0,0,0,0,
600036.SH,600036,20251209,112048000,431100,5600,241464,46678,0,,,27458030,1182478748,433000,428300,431800,431800,431300,431400,431500,431600,431700,431800,431900,432000,432100,432200,700,1200,10700,32900,1500,35900,15200,8100,9100,8700,431100,431000,430900,430800,430700,430600,430500,430400,430300,430200,21600,19800,2100,12000,3400,6100,69100,3300,6800,81700,439430,426020,8388611,4438276,0,0,0,0,0,
600036.SH,600036,20251209,112051000,431100,7600,327770,46688,0,,,27465630,1182806518,433000,428300,431800,431800,431400,431500,431600,431700,431800,431900,432000,432100,432200,432300,19000,10400,32900,1500,35900,15200,8100,9100,8700,6900,431100,431000,430900,430800,430700,430600,430500,430400,430300,430200,19800,16500,2100,12000,3400,6200,73500,3300,6800,81700,439410,426020,8405311,4437876,0,0,0,0,0,
600036.SH,600036,20251209,112054000,431400,900,38815,46694,0,,,27466530,1182845333,433000,428300,431800,431800,431400,431500,431600,431700,431800,431900,432000,432100,432200,432300,27500,9600,32900,1000,36000,15200,8100,9100,8700,6900,431200,431100,431000,430900,430800,430700,430600,430500,430400,430300,1100,19600,16500,2100,12300,3800,6200,73500,3300,6800,439400,426020,8413111,4435376,0,0,0,0,0,
600036.SH,600036,20251209,112057000,431300,2300,99187,46701,0,,,27468830,1182944520,433000,428300,431800,431800,431300,431400,431500,431600,431700,431800,431900,432000,432100,432200,600,11500,9800,12500,1000,36000,15200,8100,9100,8700,431200,431100,431000,430900,430800,430700,430600,430500,430400,430300,100,20300,16300,2100,12300,3800,6200,73500,2800,6900,439440,426020,8377511,4435476,0,0,0,0,0,
600036.SH,600036,20251209,112100000,431400,3200,138023,46718,0,,,27472030,1183082543,433000,428300,431800,431800,431400,431500,431600,431800,431900,432000,432100,432200,432300,432400,8600,9800,12400,36000,15200,8100,9100,8700,6900,21300,431200,431100,431000,430900,430800,430700,430600,430500,430400,430300,800,21000,16300,2900,12800,3400,6200,72600,2800,6900,439440,426020,8370411,4436476,0,0,0,0,0,
600036.SH,600036,20251209,112103000,431200,3700,159527,46725,0,,,27475730,1183242070,433000,428300,431800,431800,431400,431500,431600,431800,431900,432000,432100,432200,432300,432400,9800,9700,12500,36000,15200,8100,9100,8700,6900,21300,431200,431100,431000,430900,430800,430700,430600,430500,430400,430300,200,20800,18500,2900,12800,3400,7500,68700,2800,6900,439440,426020,8371711,4435976,0,0,0,0,0,
600036.SH,600036,20251209,112106000,431200,4400,189730,46735,0,,,27480130,1183431800,433000,428300,431800,431800,431400,431500,431600,431800,431900,432000,432100,432200,432300,432400,11800,9800,12500,36000,15200,8100,9100,8700,6900,21300,431200,431100,431000,430900,430800,430700,430600,430500,430400,430300,2000,20900,18500,2100,12800,3400,7500,68800,2800,6900,439440,426020,8373811,4437976,0,0,0,0,0,
600036.SH,600036,20251209,112109000,431400,2100,90555,46742,0,,,27482230,1183522355,433000,428300,431800,431800,431400,431500,431600,431800,431900,432000,432100,432200,432300,432400,11800,9700,12500,36000,15200,8100,9100,8700,6900,21300,431200,431100,431000,430900,430800,430700,430600,430500,430400,430300,6000,18900,16300,2100,12800,5200,11500,68800,2800,6900,439440,426030,8373711,4445276,0,0,0,0,0,
600036.SH,600036,20251209,112112000,431400,2900,125106,46743,0,,,27485130,1183647461,433000,428300,431800,431800,431400,431500,431600,431800,431900,432000,432100,432200,432300,432400,8200,9700,12500,36000,15200,8100,9100,8700,6900,21300,431200,431100,431000,430900,430800,430700,430600,430500,430400,430300,7700,18000,16300,2100,12800,6000,14900,68800,2800,6900,439450,426030,8369111,4450476,0,0,0,0,0,
600036.SH,600036,20251209,112115000,431200,1200,51744,46747,0,,,27486330,1183699205,433000,428300,431800,431800,431400,431500,431600,431800,431900,432000,432100,432200,432300,432400,8200,9700,12500,36000,15200,8500,9100,8700,6900,20900,431200,431100,431000,430900,430800,430700,430600,430500,430400,430300,6500,18100,16300,2100,12800,6000,14900,68800,2800,6900,439450,426030,8369111,4448876,0,0,0,0,0,
600036.SH,600036,20251209,112118000,431200,400,17254,46749,0,,,27486730,1183716459,433000,428300,431800,431800,431400,431500,431600,431800,431900,432000,432100,432200,432300,432400,8400,11100,12500,36000,15200,8500,9100,8700,6900,20900,431200,431100,431000,430900,430800,430700,430600,430500,430400,430300,6400,19100,16300,2100,12800,6000,14900,65800,2800,6900,439440,426030,8370711,4446776,0,0,0,0,0,
600036.SH,600036,20251209,112121000,431200,4600,198438,46754,0,,,27491330,1183914897,433000,428300,431800,431800,431400,431500,431600,431800,431900,432000,432100,432200,432300,432400,18200,11100,12500,36000,15200,8500,9100,8700,6900,20900,431200,431100,431000,430900,430800,430700,430600,430500,430400,430300,8100,17000,16300,2100,12800,6000,14900,65800,2800,6900,439430,426030,8380511,4446376,0,0,0,0,0,
600036.SH,600036,20251209,112124000,431200,100,4312,46755,0,,,27491430,1183919209,433000,428300,431800,431800,431400,431500,431600,431800,431900,432000,432100,432200,432300,432400,17000,11100,12300,35700,15200,8500,9100,8700,6900,20900,431200,431100,431000,430900,430800,430700,430600,430500,430400,430300,8000,17000,16300,2100,12800,6000,14900,65800,2800,6900,439440,426030,8376311,4447176,0,0,0,0,0,
600036.SH,600036,20251209,112127000,431200,7000,301840,46765,0,,,27498430,1184221049,433000,428300,431800,431800,431300,431400,431500,431600,431800,431900,432000,432100,432200,432300,400,17400,11100,12300,35700,15200,8500,9100,8700,6900,431200,431100,431000,430900,430800,430700,430600,430500,430400,430300,7300,17000,15300,2100,12800,6000,14900,65800,2800,6900,439440,426030,8373711,4445876,0,0,0,0,0,
600036.SH,600036,20251209,112130000,431200,3600,155244,46777,0,,,27502030,1184376293,433000,428300,431800,431800,431300,431400,431500,431600,431800,431900,432000,432100,432200,432300,13800,3300,11100,12800,35700,15200,9400,9100,8700,6900,431200,431100,431000,430900,430800,430700,430600,430500,430400,430300,4900,17000,16300,2100,13500,5200,14900,65800,2800,6300,439440,426020,8374811,4443776,0,0,0,0,0,
600036.SH,600036,20251209,112133000,431200,8500,366547,46785,0,,,27510530,1184742840,433000,428300,431800,431800,431300,431400,431500,431600,431800,431900,432000,432100,432200,432300,7500,3200,10700,12500,35700,15200,9400,9100,8600,6900,431200,431100,431000,430900,430800,430700,430600,430500,430400,430300,1100,17000,16300,5600,15900,3400,10900,65800,2800,6300,439450,426020,8368911,4440076,0,0,0,0,0,
600036.SH,600036,20251209,112136000,431200,7100,306205,46799,0,,,27517630,1185049045,433000,428300,431800,431800,431300,431400,431500,431600,431800,431900,432000,432100,432200,432300,3300,3200,10800,12500,35700,15200,9400,9100,8600,6900,431200,431100,431000,430900,430800,430700,430600,430500,430400,430300,300,17000,16700,6100,15900,3400,10500,65800,2800,6300,439450,426020,8364811,4440776,0,0,0,0,0,
600036.SH,600036,20251209,112139000,431200,6700,288978,46814,0,,,27524330,1185338023,433000,428300,431800,431800,431400,431500,431600,431800,431900,432000,432100,432200,432300,432400,2200,10800,12500,35700,15200,9400,9100,8600,6900,17500,431200,431100,431000,430900,430800,430700,430600,430500,430400,430300,1600,16800,16700,7300,16200,3400,10500,65800,2800,6300,439450,426020,8362711,4443476,0,0,0,0,0,
600036.SH,600036,20251209,112142000,431300,2000,86274,46819,0,,,27526330,1185424297,433000,428300,431800,431800,431300,431400,431500,431600,431800,431900,432000,432100,432200,432300,1100,1000,10800,12500,35700,15200,9400,9100,8600,6900,431200,431100,431000,430900,430800,430700,430600,430500,430400,430300,2000,16800,16700,7300,16200,3400,10500,65800,2800,6300,439450,426020,8362611,4444976,0,0,0,0,0,
600036.SH,600036,20251209,112145000,431300,1200,51756,46824,0,,,27527530,1185476053,433000,428300,431800,431800,431400,431500,431600,431800,431900,432000,432100,432200,432300,432400,1200,10900,12500,35700,15200,9400,9100,8600,6900,17500,431300,431200,431100,431000,430900,430800,430700,430600,430500,430400,4300,2000,16800,16700,7300,16200,3400,10500,65800,2800,439450,426030,8362811,4450576,0,0,0,0,0,
600036.SH,600036,20251209,112148000,431300,1000,43130,46826,0,,,27528530,1185519183,433000,428300,431800,431800,431400,431500,431600,431800,431900,432000,432100,432200,432300,432400,1200,10900,12500,35700,15200,9400,9100,8600,6900,17500,431300,431200,431100,431000,430900,430800,430700,430600,430500,430400,3500,2000,16800,16700,7400,16200,3400,10400,65800,2800,439450,426030,8362811,4450376,0,0,0,0,0,
600036.SH,600036,20251209,112151000,431400,1800,77648,46838,0,,,27530330,1185596831,433000,428300,431800,431800,431500,431600,431800,431900,432000,432100,432200,432300,432400,432500,10900,12000,36200,15200,9400,9100,8600,6900,17500,42300,431400,431300,431200,431100,431000,430900,430800,430700,430600,430500,3600,8100,2200,20900,19800,2700,13800,3400,10400,65800,439450,426040,8361711,4459076,0,0,0,0,0,
600036.SH,600036,20251209,112154000,431400,500,21570,46839,0,,,27530830,1185618401,433000,428300,431800,431800,431500,431600,431800,431900,432000,432100,432200,432300,432400,432500,19000,7700,36200,15200,9400,9100,8600,6900,17500,42300,431400,431300,431200,431100,431000,430900,430800,430700,430600,430500,4200,8100,7300,21300,19400,2200,13800,3400,10400,65800,439450,426050,8366511,4464276,0,0,0,0,0,
600036.SH,600036,20251209,112157000,431400,1100,47454,46842,0,,,27531930,1185665855,433000,428300,431800,431800,431500,431600,431800,431900,432000,432100,432200,432300,432400,432500,22200,7700,36200,15200,9400,9100,8600,6900,17500,42300,431400,431300,431200,431100,431000,430900,430800,430700,430600,430500,9200,8100,7300,21300,19400,7200,13800,3400,10400,65800,439450,426060,8369711,4472776,0,0,0,0,0,
600036.SH,600036,20251209,112200000,431400,3500,151021,46847,0,,,27535430,1185816876,433000,428300,431800,431800,431500,431600,431800,431900,432000,432100,432200,432300,432400,432500,19100,7700,36200,15200,9400,9100,8600,6900,17500,42300,431400,431300,431200,431100,431000,430900,430800,430700,430600,430500,9100,8100,7300,21300,19400,7200,13800,3400,11400,65800,439450,426060,8367811,4473776,0,0,0,0,0,
600036.SH,600036,20251209,112203000,431400,0,0,46847,0,,,27535430,1185816876,433000,428300,431800,431800,431500,431600,431800,431900,432000,432100,432200,432300,432400,432500,19100,7700,36300,15200,9400,9100,8600,6900,17500,42300,431400,431300,431200,431100,431000,430900,430800,430700,430600,430500,9600,8200,7200,21300,19400,7200,13800,3400,11400,65800,439450,426060,8368011,4474276,0,0,0,0,0,
600036.SH,600036,20251209,112206000,431400,2100,90594,46854,0,,,27537530,1185907470,433000,428300,431800,431800,431500,431600,431800,431900,432000,432100,432200,432300,432400,432500,19900,7700,36300,15200,9400,9100,8600,6900,17500,42300,431400,431300,431200,431100,431000,430900,430800,430700,430600,430500,7500,8200,7200,21300,19400,7200,13800,3400,11400,65800,439450,426050,8369011,4472476,0,0,0,0,0,
600036.SH,600036,20251209,112209000,431400,1800,77668,46858,0,,,27539330,1185985138,433000,428300,431800,431800,431500,431600,431800,431900,432000,432100,432200,432300,432400,432500,18300,7700,36300,15200,9400,9100,8600,6900,17500,42300,431400,431300,431200,431100,431000,430900,430800,430700,430600,430500,7900,8200,7200,21300,19400,7200,13800,3400,11400,65800,439450,426060,8367411,4473276,0,0,0,0,0,
600036.SH,600036,20251209,112212000,431500,5400,233010,46866,0,,,27544730,1186218148,433000,428300,431800,431800,431500,431600,431800,431900,432000,432100,432200,432300,432400,432500,12900,7700,36300,15200,9400,9100,8600,6900,17500,42300,431400,431300,431200,431100,431000,430900,430800,430700,430600,430500,7900,8200,8700,21500,17800,7200,13800,3400,11400,65800,439450,426060,8362611,4473176,0,0,0,0,0,
600036.SH,600036,20251209,112215000,431400,1800,77657,46874,0,,,27546530,1186295805,433000,428300,431800,431800,431500,431600,431800,431900,432000,432100,432200,432300,432400,432500,13100,7700,36300,15200,9700,11100,8600,6900,17600,42300,431400,431300,431200,431100,431000,430900,430800,430700,430600,430500,6600,8200,8700,23100,17800,7200,13800,3400,11400,65800,439450,426060,8365211,4473476,0,0,0,0,0,
600036.SH,600036,20251209,112218000,431500,1000,43150,46877,0,,,27547530,1186338955,433000,428300,431800,431800,431500,431600,431800,431900,432000,432100,432200,432300,432400,432500,12600,7700,36500,15200,9700,11100,9600,6900,17600,42300,431400,431300,431200,431100,431000,430900,430800,430700,430600,430500,6600,8400,8700,23100,16900,7200,13800,3400,11400,65800,439450,426050,8365911,4472776,0,0,0,0,0,
600036.SH,600036,20251209,112221000,431500,5900,254585,46880,0,,,27553430,1186593540,433000,428300,431800,431800,431500,431600,431800,431900,432000,432100,432200,432300,432400,432500,6700,7700,36500,15300,9700,11100,9600,7900,17600,42300,431400,431300,431200,431100,431000,430900,430800,430700,430600,430500,6600,8400,8700,23100,16900,7200,13800,3400,11400,65800,439450,426050,8362011,4472776,0,0,0,0,0,
600036.SH,600036,20251209,112224000,431500,1500,64725,46881,0,,,27554930,1186658265,433000,428300,431800,431800,431500,431600,431800,431900,432000,432100,432200,432300,432400,432500,6200,7800,36500,15300,9700,11100,9600,7900,17600,42300,431400,431300,431200,431100,431000,430900,430800,430700,430600,430500,6800,8400,8700,23100,16900,7200,13800,3400,11400,65800,439450,426060,8361611,4473276,0,0,0,0,0,
600036.SH,600036,20251209,112227000,431500,9600,414239,46904,0,,,27564530,1187072504,433000,428300,431800,431800,431600,431800,431900,432000,432100,432200,432300,432400,432500,432600,6700,36500,15300,10700,11100,9600,7900,17600,42400,48700,431500,431400,431300,431200,431100,431000,430900,430800,430700,430600,2200,7400,12700,8200,19300,15800,7200,13100,3400,11400,439460,426060,8355711,4474276,0,0,0,0,0,
600036.SH,600036,20251209,112230000,431500,3800,163967,46913,0,,,27568330,1187236471,433000,428300,431800,431800,431500,431600,431800,431900,432000,432100,432200,432300,432400,432500,700,6900,36600,15300,10700,11100,9600,7900,17600,42400,431400,431300,431200,431100,431000,430900,430800,430700,430600,430500,6900,12700,8200,19300,15800,7200,13100,3400,11400,65800,439460,426050,8356711,4472176,0,0,0,0,0,
600036.SH,600036,20251209,112233000,431500,100,4315,46914,0,,,27568430,1187240786,433000,428300,431800,431800,431500,431600,431800,431900,432000,432100,432200,432300,432400,432500,900,7200,36600,15300,10700,11100,9600,7900,17600,42400,431400,431300,431200,431100,431000,430900,430800,430700,430600,430500,6900,12700,8200,19300,15800,7200,13100,3400,11400,65800,439460,426050,8357211,4472476,0,0,0,0,0,
600036.SH,600036,20251209,112236000,431400,1400,60397,46920,0,,,27569830,1187301183,433000,428300,431800,431800,431500,431600,431800,431900,432000,432100,432200,432300,432400,432500,800,8000,36600,15300,10700,11100,9600,7900,17600,42400,431400,431300,431200,431100,431000,430900,430800,430700,430600,430500,5600,12700,8200,19800,15800,7200,13100,3400,11400,65800,439460,426050,8358211,4471676,0,0,0,0,0,
600036.SH,600036,20251209,112239000,431500,5100,220092,46932,0,,,27574930,1187521275,433000,428300,431800,431800,431500,431600,431800,431900,432000,432100,432200,432300,432400,432500,14400,9300,36600,15300,10700,11100,9600,7900,17600,42400,431400,431300,431200,431100,431000,430900,430800,430700,430600,430500,5500,12800,8200,20800,15800,7200,13100,3400,11400,65800,439440,426050,8380411,4472176,0,0,0,0,0,
600036.SH,600036,20251209,112242000,431400,4600,198445,46942,0,,,27579530,1187719720,433000,428300,431800,431800,431500,431600,431800,431900,432000,432100,432200,432300,432400,432500,18100,5200,36600,15300,10700,11100,9600,7900,17600,42400,431400,431300,431200,431100,431000,430900,430800,430700,430600,430500,1000,12900,8200,20800,16100,7200,13100,3400,11400,65800,439440,426040,8380511,4469276,0,0,0,0,0,
600036.SH,600036,20251209,112245000,431300,14400,621210,46956,0,,,27593930,1188340930,433000,428300,431800,431800,431400,431500,431600,431800,431900,432000,432100,432200,432300,432400,200,22100,4700,37000,15300,10700,11100,9600,7900,17600,431300,431200,431100,431000,430900,430800,430700,430600,430500,430400,12300,8200,20800,16100,7200,12600,3400,11400,65800,3200,439440,426040,8384711,4467376,0,0,0,0,0,
600036.SH,600036,20251209,112248000,431300,13900,599581,46970,0,,,27607830,1188940511,433000,428300,431800,431800,431400,431500,431600,431800,431900,432000,432100,432200,432300,432400,13400,12800,4700,37000,15300,10700,11100,9600,7900,17600,431300,431200,431100,431000,430900,430800,430700,430600,430500,430400,5800,8200,20800,16100,7200,12600,3400,11400,65800,3200,439430,426030,8388511,4461376,0,0,0,0,0,
600036.SH,600036,20251209,112251000,431300,10800,465853,46983,0,,,27618630,1189406364,433000,428300,431800,431800,431400,431500,431600,431800,431900,432000,432100,432200,432300,432400,15800,5600,5100,36500,15300,10700,11100,9600,7900,17600,431300,431200,431100,431000,430900,430800,430700,430600,430500,430400,2200,8200,20800,16100,7200,12600,3400,11400,65800,3200,439440,426030,8383611,4458376,0,0,0,0,0,
600036.SH,600036,20251209,112254000,431300,200,8626,46985,0,,,27618830,1189414990,433000,428300,431800,431800,431400,431500,431600,431800,431900,432000,432100,432200,432300,432400,15800,5700,5100,36500,15300,10900,11100,9600,7900,17600,431300,431200,431100,431000,430900,430800,430700,430600,430500,430400,2100,8200,20800,16300,7200,12600,3400,11400,65800,3200,439440,426030,8384411,4457976,0,0,0,0,0,
600036.SH,600036,20251209,112257000,431300,1100,47443,46989,0,,,27619930,1189462433,433000,428300,431800,431800,431400,431500,431600,431800,431900,432000,432100,432200,432300,432400,7500,5700,5100,36500,15300,10900,11100,9600,7900,17600,431300,431200,431100,431000,430900,430800,430700,430600,430500,430400,1000,8200,20800,15500,7200,12600,3400,11400,65800,3200,439440,426020,8376911,4456376,0,0,0,0,0,
600036.SH,600036,20251209,112300000,431300,2600,112154,46993,0,,,27622530,1189574587,433000,428300,431800,431800,431400,431500,431600,431800,431900,432000,432100,432200,432300,432400,5900,5700,5100,36500,15300,10900,11100,9600,7900,17600,431300,431200,431100,431000,430900,430800,430700,430600,430500,430400,200,8200,20800,15500,7200,12600,3400,11400,65800,3200,439450,426020,8375311,4455576,0,0,0,0,0,
600036.SH,600036,20251209,112303000,431300,0,0,46993,0,,,27622530,1189574587,433000,428300,431800,431800,431400,431500,431600,431800,431900,432000,432100,432200,432300,432400,5900,5700,5100,36500,15300,10900,11100,9600,7900,17600,431300,431200,431100,431000,430900,430800,430700,430600,430500,430400,3500,8800,20800,15500,7200,12600,3400,11400,65900,3200,439450,426030,8375311,4459576,0,0,0,0,0,
600036.SH,600036,20251209,112306000,431300,400,17255,46995,0,,,27622930,1189591842,433000,428300,431800,431800,431400,431500,431600,431800,431900,432000,432100,432200,432300,432400,15200,5800,5100,36500,15300,10900,11100,9600,7900,17600,431300,431200,431100,431000,430900,430800,430700,430600,430500,430400,3400,8800,22900,16500,7200,12600,3400,11400,65900,3200,439440,426040,8385811,4461476,0,0,0,0,0,
600036.SH,600036,20251209,112309000,431400,1500,64709,46997,0,,,27624430,1189656551,433000,428300,431800,431800,431400,431500,431600,431800,431900,432000,432100,432200,432300,432400,13900,5700,5100,36500,15300,10900,11100,9600,7900,17600,431300,431200,431100,431000,430900,430800,430700,430600,430500,430400,3400,8800,22900,16500,7200,12600,3400,11400,65900,3200,439440,426040,8384511,4460776,0,0,0,0,0,
600036.SH,600036,20251209,112312000,431400,400,17255,46999,0,,,27624830,1189673806,433000,428300,431800,431800,431400,431500,431600,431800,431900,432000,432100,432200,432300,432400,13600,5700,5100,36500,15300,11700,11100,9600,7900,17600,431300,431200,431100,431000,430900,430800,430700,430600,430500,430400,9300,8800,22900,16500,7200,12600,3400,11400,65900,3200,439440,426050,8385011,4466576,0,0,0,0,0,
600036.SH,600036,20251209,112315000,431300,1100,47443,47004,0,,,27625930,1189721249,433000,428300,431800,431800,431400,431500,431600,431800,431900,432000,432100,432200,432300,432400,14500,4700,5100,36500,15300,11700,11100,9600,7900,17600,431300,431200,431100,431000,430900,430800,430700,430600,430500,430400,8200,8800,22900,16200,7200,12600,3400,11400,65900,3200,439440,426050,8384911,4465176,0,0,0,0,0,
600036.SH,600036,20251209,112318000,431400,800,34512,47005,0,,,27626730,1189755761,433000,428300,431800,431800,431400,431500,431600,431800,431900,432000,432100,432200,432300,432400,13700,4700,5100,36500,15300,11800,11100,9600,7900,17600,431300,431200,431100,431000,430900,430800,430700,430600,430500,430400,8500,8000,22900,16200,7200,12600,3400,11400,65900,3200,439440,426040,8385011,4464476,0,0,0,0,0,
600036.SH,600036,20251209,112321000,431400,16100,694469,47020,0,,,27642830,1190450230,433000,428300,431800,431800,431400,431500,431600,431800,431900,432000,432100,432200,432300,432400,30700,4700,5100,36500,15300,11800,11100,9600,7900,17600,431300,431200,431100,431000,430900,430800,430700,430600,430500,430400,200,8600,22900,15200,7200,12600,3400,11400,65900,3200,439420,426030,8402011,4455776,0,0,0,0,0,
600036.SH,600036,20251209,112324000,431400,0,0,47020,0,,,27642830,1190450230,433000,428300,431800,431800,431400,431500,431600,431800,431900,432000,432100,432200,432300,432400,30700,4700,5100,36500,15300,11800,11100,9600,7900,17600,431300,431200,431100,431000,430900,430800,430700,430600,430500,430400,5100,13100,22900,15200,7200,12600,3400,11400,65900,3200,439420,426050,8402011,4465876,0,0,0,0,0,
600036.SH,600036,20251209,112327000,431300,8700,375204,47034,0,,,27651530,1190825434,433000,428300,431800,431800,431300,431400,431500,431600,431800,431900,432000,432100,432200,432300,200,33800,6200,5100,36500,15300,11800,11100,9600,7900,431200,431100,431000,430900,430800,430700,430600,430500,430400,430300,10400,22900,16500,7200,12600,3400,11400,65900,3200,6300,439420,426040,8406811,4459376,0,0,0,0,0,
600036.SH,600036,20251209,112330000,431200,4100,176802,47038,0,,,27655630,1191002236,433000,428300,431800,431800,431300,431400,431500,431600,431800,431900,432000,432100,432200,432300,27900,10400,6200,5000,36500,15300,11800,11100,9600,7900,431200,431100,431000,430900,430800,430700,430600,430500,430400,430300,9100,22300,16500,7200,13200,3400,11400,65900,3200,6300,439410,426040,8411011,4458076,0,0,0,0,0,
600036.SH,600036,20251209,112333000,431200,2200,94864,47042,0,,,27657830,1191097100,433000,428300,431800,431800,431300,431400,431500,431600,431800,431900,432000,432100,432200,432300,28100,10400,6200,5000,36500,15300,11800,11100,9600,7900,431200,431100,431000,430900,430800,430700,430600,430500,430400,430300,7000,22300,16500,7200,12700,3400,11400,65700,3200,6300,439410,426030,8411911,4455476,0,0,0,0,0,
600036.SH,600036,20251209,112336000,431200,1100,47432,47045,0,,,27658930,1191144532,433000,428300,431800,431800,431300,431400,431500,431600,431800,431900,432000,432100,432200,432300,28500,10700,6200,9100,36000,15300,11800,11100,9600,7900,431200,431100,431000,430900,430800,430700,430600,430500,430400,430300,5900,22200,16500,7200,12700,3400,11400,65700,3200,6300,439410,426030,8416211,4454376,0,0,0,0,0,
600036.SH,600036,20251209,112339000,431300,1000,43128,47048,0,,,27659930,1191187660,433000,428300,431800,431800,431300,431400,431500,431600,431800,431900,432000,432100,432200,432300,27900,10700,6200,9100,36000,15300,11800,11100,9600,7900,431200,431100,431000,430900,430800,430700,430600,430500,430400,430300,6400,22200,16500,7700,12700,3400,11400,65700,3200,6300,439410,426030,8415611,4456176,0,0,0,0,0,
600036.SH,600036,20251209,112342000,431300,1000,43130,47049,0,,,27660930,1191230790,433000,428300,431800,431800,431300,431400,431500,431600,431800,431900,432000,432100,432200,432300,26900,10700,6200,9100,36000,15300,11800,11100,9600,7900,431200,431100,431000,430900,430800,430700,430600,430500,430400,430300,6500,22200,16800,7700,12700,3400,11400,65700,3200,6300,439410,426030,8414911,4456676,0,0,0,0,0,
600036.SH,600036,20251209,112345000,431200,2500,107803,47057,0,,,27663430,1191338593,433000,428300,431800,431800,431300,431400,431500,431600,431800,431900,432000,432100,432200,432300,27700,9600,6200,9100,36000,15300,11800,11100,9600,7900,431200,431100,431000,430900,430800,430700,430600,430500,430400,430300,4900,22500,16800,9300,12700,3400,11400,65700,3200,6300,439410,426040,8414611,4457576,0,0,0,0,0,
600036.SH,600036,20251209,112348000,431200,100,4312,47058,0,,,27663530,1191342905,433000,428300,431800,431800,431300,431400,431500,431600,431800,431900,432000,432100,432200,432300,27900,9600,6200,9100,36000,15300,11800,11100,9600,7900,431200,431100,431000,430900,430800,430700,430600,430500,430400,430300,5100,22500,16800,9300,12700,3400,11400,65700,3200,6300,439410,426040,8415411,4457976,0,0,0,0,0,
600036.SH,600036,20251209,112351000,431300,1400,60381,47060,0,,,27664930,1191403286,433000,428300,431800,431800,431300,431400,431500,431600,431800,431900,432000,432100,432200,432300,26600,9600,6200,9100,36000,15200,11800,11100,9600,7900,431200,431100,431000,430900,430800,430700,430600,430500,430400,430300,5200,22500,16800,9300,12700,3400,11400,65700,3200,6300,439410,426040,8414011,4458076,0,0,0,0,0,
600036.SH,600036,20251209,112354000,431300,5000,215650,47061,0,,,27669930,1191618936,433000,428300,431800,431800,431300,431400,431500,431600,431800,431900,432000,432100,432200,432300,28400,9600,6200,9500,36000,15000,11800,11100,9600,7900,431200,431100,431000,430900,430800,430700,430600,430500,430400,430300,6900,22500,16800,9300,12700,3400,11400,65700,3200,6300,439410,426040,8416011,4460476,0,0,0,0,0,
600036.SH,600036,20251209,112357000,431000,32700,1409740,47106,0,,,27702630,1193028676,433000,428300,431800,431800,431300,431400,431500,431600,431800,431900,432000,432100,432200,432300,27700,9600,6200,9500,36000,15000,11800,11100,9600,7900,431000,430900,430800,430700,430600,430500,430400,430300,430200,430100,13900,9300,12100,3400,11400,65700,3200,6300,81700,30100,439410,426000,8415311,4428276,0,0,0,0,0,
600036.SH,600036,20251209,112400000,431000,400,17246,47109,0,,,27703030,1193045922,433000,428300,431800,431800,431200,431300,431400,431500,431600,431800,431900,432000,432100,432200,1000,28100,8900,6200,9500,36000,15000,11800,11100,10900,431000,430900,430800,430700,430600,430500,430400,430300,430200,430100,20900,7100,12100,3400,11400,65700,5000,6800,81700,30100,439410,426010,8415711,4435376,0,0,0,0,0,
600036.SH,600036,20251209,112403000,431100,3100,133688,47116,0,,,27706130,1193179610,433000,428300,431800,431800,431300,431400,431500,431600,431800,431900,432000,432100,432200,432300,20800,9400,6200,9100,36000,15000,11800,11100,10900,7900,431100,431000,430900,430800,430700,430600,430500,430400,430300,430200,800,19300,7800,16600,3400,11400,66700,3200,6300,81700,439420,426010,8407411,4438576,0,0,0,0,0,
600036.SH,600036,20251209,112406000,431100,4100,176811,47122,0,,,27710230,1193356421,433000,428300,431800,431800,431200,431300,431400,431500,431600,431800,431900,432000,432100,432200,100,17800,9400,6200,9100,36000,15000,11800,11100,10900,431100,431000,430900,430800,430700,430600,430500,430400,430300,430200,6800,21200,7800,17600,3400,11400,66700,3200,6300,81700,439420,426020,8399511,4447376,0,0,0,0,0,
600036.SH,600036,20251209,112409000,431200,700,30187,47126,0,,,27710930,1193386608,433000,428300,431800,431800,431300,431400,431500,431600,431700,431800,431900,432000,432100,432200,17500,9400,6200,9100,3000,36000,15000,11800,11100,10900,431200,431100,431000,430900,430800,430700,430600,430500,430400,430300,1300,7000,22800,7800,17000,3400,11400,66700,3200,6300,439420,426030,8402311,4449976,0,0,0,0,0,
600036.SH,600036,20251209,112412000,431300,3200,138016,47132,0,,,27714130,1193524624,433000,428300,431800,431800,431300,431400,431500,431600,431700,431800,431900,432000,432100,432200,14300,9400,6200,9100,3000,36000,15000,12800,11100,10900,431200,431100,431000,430900,430800,430700,430600,430500,430400,430300,9500,7000,22800,8700,16800,3400,11400,66700,2800,6300,439420,426040,8401611,4458876,0,0,0,0,0,
600036.SH,600036,20251209,112415000,431200,1000,43124,47139,0,,,27715130,1193567748,433000,428300,431800,431800,431300,431400,431500,431600,431700,431800,431900,432000,432100,432200,14200,9400,6200,9100,3000,36000,15000,12800,11100,10900,431200,431100,431000,430900,430800,430700,430600,430500,430400,430300,9000,8000,22800,8200,16800,3400,11400,66700,2800,17300,439420,426050,8402011,4470976,0,0,0,0,0,
600036.SH,600036,20251209,112418000,431300,1200,51753,47143,0,,,27716330,1193619501,433000,428300,431800,431800,431300,431400,431500,431600,431700,431800,431900,432000,432100,432200,13300,9400,6200,9100,3000,36000,15000,12800,11100,10900,431200,431100,431000,430900,430800,430700,430600,430500,430400,430300,10900,8100,24900,8200,14700,3400,11400,66700,2800,17300,439420,426050,8401311,4473176,0,0,0,0,0,
600036.SH,600036,20251209,112421000,431300,5500,237213,47148,0,,,27721830,1193856714,433000,428300,431800,431800,431300,431400,431500,431600,431700,431800,431900,432000,432100,432200,8000,8400,6200,9100,3000,36000,15000,12800,11100,10900,431200,431100,431000,430900,430800,430700,430600,430500,430400,430300,11000,8200,25000,9500,14700,4400,11400,66700,2800,17300,439430,426050,8395011,4475376,0,0,0,0,0,
600036.SH,600036,20251209,112424000,431300,32900,1418387,47197,0,,,27754730,1195275101,433000,428300,431800,431800,431300,431400,431500,431600,431700,431800,431900,432000,432100,432200,5100,8400,6200,9100,3000,36000,15000,12800,11100,10900,431000,430900,430800,430700,430600,430500,430400,430300,430200,430100,14700,9500,14700,4400,11400,66700,2800,17300,81700,30100,439430,426020,8391111,4445876,0,0,0,0,0,
600036.SH,600036,20251209,112427000,431100,1300,56044,47204,0,,,27756030,1195331145,433000,428300,431800,431800,431300,431400,431500,431600,431700,431800,431900,432000,432100,432200,19500,7500,6800,8600,3000,36000,15500,12800,11100,10900,431100,431000,430900,430800,430700,430600,430500,430400,430300,430200,100,12900,9500,14700,4400,11900,66700,2800,17300,81700,439410,426020,8406211,4445776,0,0,0,0,0,
600036.SH,600036,20251209,112430000,431300,19100,823418,47240,0,,,27775130,1196154563,433000,428300,431800,431800,431300,431400,431500,431600,431700,431800,431900,432000,432100,432200,14944,7500,6800,8600,3000,36000,15500,12800,11100,11900,431000,430900,430800,430700,430600,430500,430400,430300,430200,430100,1500,9500,16100,4400,11900,66700,2800,17300,81700,30100,439420,426010,8402955,4436276,0,0,0,0,0,
600036.SH,600036,20251209,112433000,431100,16200,698688,47256,0,,,27791330,1196853251,433000,428300,431800,431800,431300,431400,431500,431600,431700,431800,431900,432000,432100,432200,3844,7500,6800,8600,3000,36000,15500,12800,11100,11900,431100,431000,430900,430800,430700,430600,430500,430400,430300,430200,1600,12500,9600,16000,4900,11900,66700,2800,17300,81700,439430,426020,8391655,4449476,0,0,0,0,0,
600036.SH,600036,20251209,112436000,431100,2100,90534,47267,0,,,27793430,1196943785,433000,428300,431800,431800,431300,431400,431500,431600,431700,431800,431900,432000,432100,432200,8044,6900,6200,8600,3000,36000,13400,12800,11100,11900,431100,431000,430900,430800,430700,430600,430500,430400,430300,430200,100,10200,8300,16000,4900,12700,68100,2800,17300,81700,439430,426020,8394555,4446576,0,0,0,0,0,
600036.SH,600036,20251209,112439000,431000,4700,202585,47287,0,,,27798130,1197146370,433000,428300,431800,431800,431200,431300,431400,431500,431600,431700,431800,431900,432000,432100,9400,18344,6900,6200,8600,3000,36000,13400,12800,11100,431100,431000,430900,430800,430700,430600,430500,430400,430300,430200,3000,400,8300,18100,4900,11900,66700,2800,17200,81700,439410,426010,8414755,4439376,0,0,0,0,0,
600036.SH,600036,20251209,112442000,431100,2900,125046,47290,0,,,27801030,1197271416,433000,428300,431800,431800,431200,431300,431400,431500,431600,431700,431800,431900,432000,432100,22900,9644,6900,6700,8600,3000,36000,12900,12800,11100,431100,431000,430900,430800,430700,430600,430500,430400,430300,430200,2900,400,8300,18600,4900,11400,66700,2800,17200,81700,439400,426010,8419555,4439276,0,0,0,0,0,
600036.SH,600036,20251209,112445000,431000,5700,245732,47303,0,,,27806730,1197517148,433000,428300,431800,431800,431000,431100,431200,431300,431400,431500,431600,431700,431800,431900,4100,200,22200,8944,6900,6700,8600,3000,36000,12900,430900,430800,430700,430600,430500,430400,430300,430200,430100,430000,8300,18600,4900,11400,66700,2800,17200,81700,30200,143100,439400,426010,8423155,4436176,0,0,0,0,0,
600036.SH,600036,20251209,112448000,431000,8800,379352,47320,0,,,27815530,1197896500,433000,428300,431800,431800,431100,431200,431300,431400,431500,431600,431700,431800,431900,432000,5800,18300,3844,7000,6200,8600,3000,36000,12800,12800,431000,430900,430800,430700,430600,430500,430400,430300,430200,430100,1400,8000,15900,4900,13900,66700,2800,17200,81700,30200,439410,426010,8416655,4438276,0,0,0,0,0,
600036.SH,600036,20251209,112451000,431100,1900,81908,47323,0,,,27817430,1197978408,433000,428300,431800,431800,431100,431200,431300,431400,431500,431600,431700,431800,431900,432000,4000,18300,3844,7500,6200,8600,3000,36000,12800,12800,431000,430900,430800,430700,430600,430500,430400,430300,430200,430100,6400,8000,15900,4900,13900,66700,2800,17200,81700,30200,439400,426020,8427355,4445876,0,0,0,0,0,
600036.SH,600036,20251209,112454000,431100,5800,250037,47329,0,,,27823230,1198228445,433000,428300,431800,431800,431200,431300,431400,431500,431600,431700,431800,431900,432000,432100,18300,3844,7500,6200,8600,3000,36000,12800,12800,11100,431100,431000,430900,430800,430700,430600,430500,430400,430300,430200,100,12100,8000,13700,4900,11500,66800,2800,17200,81700,439400,426010,8423855,4447476,0,0,0,0,0,
600036.SH,600036,20251209,112457000,431100,2300,99134,47339,0,,,27825530,1198327579,433000,428300,431800,431800,431200,431300,431400,431500,431600,431700,431800,431900,432000,432100,18700,3844,7500,6200,8600,3000,3600,12800,12800,11100,431000,430900,430800,430700,430600,430500,430400,430300,430200,430100,10200,7600,13700,4900,11500,67300,2800,17200,81700,30200,439430,426010,8390855,4445576,0,0,0,0,0,
600036.SH,600036,20251209,112500000,431200,1500,64680,47341,0,,,27827030,1198392259,433000,428300,431800,431800,431200,431300,431400,431500,431600,431700,431800,431900,432000,432100,17200,3844,7000,6200,8600,3000,4000,12800,12800,11100,431000,430900,430800,430700,430600,430500,430400,430300,430200,430100,12100,7600,13700,4900,11500,67300,2800,17200,81700,30200,439430,426010,8389355,4447976,0,0,0,0,0,
600036.SH,600036,20251209,112503000,431100,100,4311,47342,0,,,27827130,1198396570,433000,428300,431800,431800,431200,431300,431400,431500,431600,431700,431800,431900,432000,432100,17200,3844,7000,6200,8600,3000,4000,12800,12800,11100,431100,431000,430900,430800,430700,430600,430500,430400,430300,430200,500,12300,8200,13700,4900,11400,66800,2800,17200,81700,439430,426020,8386955,4448676,0,0,0,0,0,
600036.SH,600036,20251209,112506000,431100,1300,56043,47348,0,,,27828430,1198452613,433000,428300,431800,431800,431200,431300,431400,431500,431600,431700,431800,431900,432000,432100,22000,3844,2200,6700,8600,3000,3600,12800,12800,11100,431100,431000,430900,430800,430700,430600,430500,430400,430300,430200,300,12300,8200,14200,4900,11400,66800,2800,17200,81700,439430,426030,8387055,4469076,0,0,0,0,0,
600036.SH,600036,20251209,112509000,431200,1500,64678,47353,0,,,27829930,1198517291,433000,428300,431800,431800,431200,431300,431400,431500,431600,431700,431800,431900,432000,432100,20700,3844,2200,6700,8600,3000,3600,12800,12800,11100,431100,431000,430900,430800,430700,430600,430500,430400,430300,430200,1900,12200,8200,14200,4900,11400,66800,2800,17200,81700,439440,426030,8384755,4470076,0,0,0,0,0,
600036.SH,600036,20251209,112512000,431200,3500,150919,47360,0,,,27833430,1198668210,433000,428300,431800,431800,431200,431300,431400,431500,431600,431700,431800,431900,432000,432100,17500,3844,2200,6700,8600,3000,3600,12800,12800,11100,431100,431000,430900,430800,430700,430600,430500,430400,430300,430200,2000,13700,8200,15000,4900,11400,66800,2800,17200,81700,439440,426040,8381555,4476776,0,0,0,0,0,
600036.SH,600036,20251209,112515000,431000,8600,370695,47376,0,,,27842030,1199038905,433000,428300,431800,431800,431100,431200,431300,431400,431500,431600,431700,431800,431900,432000,2200,17600,3844,2200,6700,8600,3000,3600,12800,12800,431000,430900,430800,430700,430600,430500,430400,430300,430200,430100,9000,8200,15000,4900,11400,66800,2800,17200,81700,30200,439440,426030,8384755,4470076,0,0,0,0,0,
600036.SH,600036,20251209,112518000,431100,3400,146563,47394,0,,,27845430,1199185468,433000,428300,431800,431800,431200,431300,431400,431500,431600,431700,431800,431900,432000,432100,17400,3844,2200,6700,8600,3000,3600,12800,12800,11100,431100,431000,430900,430800,430700,430600,430500,430400,430300,430200,4800,7800,8200,15000,4900,11400,66800,2800,17200,81700,439440,426040,8382555,4475676,0,0,0,0,0,
600036.SH,600036,20251209,112521000,431100,8400,362205,47401,0,,,27853830,1199547673,433000,428300,431800,431800,431200,431300,431400,431500,431600,431700,431800,431900,432000,432100,14000,3844,2200,6700,8600,3000,3600,12800,12800,11100,431100,431000,430900,430800,430700,430600,430500,430400,430300,430200,5200,7800,8200,15500,4900,11400,66800,2800,17200,81700,439440,426040,8379155,4476776,0,0,0,0,0,
600036.SH,600036,20251209,112524000,431200,8400,362171,47407,0,,,27862230,1199909844,433000,428300,431800,431800,431200,431300,431400,431500,431600,431700,431800,431900,432000,432100,2300,144,2200,6700,8600,3000,3800,12800,12800,11100,431100,431000,430900,430800,430700,430600,430500,430400,430300,430200,6000,7800,8200,15500,4900,11400,66800,2800,17200,82200,439460,426040,8363955,4479076,0,0,0,0,0,
600036.SH,600036,20251209,112527000,431100,800,34493,47414,0,,,27863030,1199944337,433000,428300,431800,431800,431200,431300,431400,431500,431600,431700,431800,431900,432000,432100,1900,144,2200,6700,8600,3000,3800,10800,12800,11100,431100,431000,430900,430800,430700,430600,430500,430400,430300,430200,5700,8700,8200,15100,4900,11400,66000,2800,17200,82100,439460,426040,8361555,4479176,0,0,0,0,0,
600036.SH,600036,20251209,112530000,431200,100,4312,47415,0,,,27863130,1199948649,433000,428300,431800,431800,431200,431300,431400,431500,431600,431700,431800,431900,432000,432100,1800,144,2200,6700,8600,3000,3800,10800,12800,11100,431100,431000,430900,430800,430700,430600,430500,430400,430300,430200,5900,8700,8200,15100,4900,11400,66000,2800,17200,82100,439460,426040,8353055,4479076,0,0,0,0,0,
600036.SH,600036,20251209,112533000,431200,1200,51744,47420,0,,,27864330,1200000393,433000,428300,431800,431800,431200,431400,431500,431600,431700,431800,431900,432000,432100,432200,700,2200,6700,8600,3000,3800,10800,12800,11100,11900,431100,431000,430900,430800,430700,430600,430500,430400,430300,430200,5900,9500,8200,15100,5000,11400,66000,2800,17200,82100,439460,426040,8355011,4479976,0,0,0,0,0,
600036.SH,600036,20251209,112536000,431100,2000,86229,47434,0,,,27866330,1200086622,433000,428300,431800,431800,431200,431400,431500,431600,431700,431800,431900,432000,432100,432200,8500,6200,6700,8700,3000,3800,10800,13100,11100,11900,431100,431000,430900,430800,430700,430600,430500,430400,430300,430200,4700,9500,8200,15100,5000,11400,66000,2800,17200,82100,439450,426040,8367411,4478776,0,0,0,0,0,
600036.SH,600036,20251209,112539000,431200,3200,137977,47440,0,,,27869530,1200224599,433000,428300,431800,431800,431200,431300,431400,431500,431600,431700,431800,431900,432000,432100,16000,100,3400,6700,8600,3000,3800,10800,13100,11100,431100,431000,430900,430800,430700,430600,430500,430400,430300,430200,6000,9500,8200,15100,5000,11400,66000,2800,17200,82100,439450,426040,8372111,4480476,0,0,0,0,0,
600036.SH,600036,20251209,112542000,431100,1700,73287,47442,0,,,27871230,1200297886,433000,428300,431800,431800,431200,431400,431500,431600,431700,431800,431900,432000,432100,432200,9000,3400,6700,8600,3000,3800,10800,13100,11100,11900,431100,431000,430900,430800,430700,430600,430500,430400,430300,430200,4300,9500,8200,15100,5000,11400,66000,2800,17200,82100,439450,426040,8365011,4479276,0,0,0,0,0,
600036.SH,600036,20251209,112545000,431100,1700,73293,47448,0,,,27872930,1200371179,433000,428300,431800,431800,431200,431300,431400,431500,431600,431700,431800,431900,432000,432100,8500,100,3400,6700,8600,3000,3800,10800,13100,11100,431100,431000,430900,430800,430700,430600,430500,430400,430300,430200,3700,10600,8200,15100,5000,11400,66000,2800,17200,82100,439450,426040,8364611,4474776,0,0,0,0,0,
600036.SH,600036,20251209,112548000,431100,100,4311,47449,0,,,27873030,1200375490,433000,428300,431800,431800,431200,431300,431400,431500,431600,431700,431800,431900,432000,432100,9500,100,3400,6700,8600,3000,3800,10800,13100,11200,431100,431000,430900,430800,430700,430600,430500,430400,430300,430200,5000,10600,8200,15100,5000,11400,66000,2800,17200,82100,439450,426040,8365711,4475876,0,0,0,0,0,
600036.SH,600036,20251209,112551000,431100,4900,211255,47457,0,,,27877930,1200586745,433000,428300,431800,431800,431200,431300,431400,431500,431600,431700,431800,431900,432000,432100,8000,100,3400,6700,8600,3000,3800,10800,13100,11200,431100,431000,430900,430800,430700,430600,430500,430400,430300,430200,2100,10600,8200,15100,5000,11400,66000,2800,17200,82100,439450,426040,8364211,4472976,0,0,0,0,0,
600036.SH,600036,20251209,112554000,431100,6300,271649,47466,0,,,27884230,1200858394,433000,428300,431800,431800,431200,431300,431400,431500,431600,431700,431800,431900,432000,432100,10400,100,3400,6700,8600,3000,3800,10800,13100,11200,431100,431000,430900,430800,430700,430600,430500,430400,430300,430200,8200,10600,8200,15100,5000,11400,66000,2800,17200,82100,439450,426050,8369911,4478676,0,0,0,0,0,
600036.SH,600036,20251209,112557000,431100,1500,64665,47472,0,,,27885730,1200923059,433000,428300,431800,431800,431200,431300,431400,431500,431600,431700,431800,431900,432000,432100,10400,100,3400,6700,8600,3000,3800,10800,13500,11200,431100,431000,430900,430800,430700,430600,430500,430400,430300,430200,6700,10600,8200,15100,5000,11400,66000,2800,17200,82100,439450,426040,8370411,4478076,0,0,0,0,0,
600036.SH,600036,20251209,112600000,431400,5100,219928,47484,0,,,27890830,1201142987,433000,428300,431800,431800,431200,431400,431500,431600,431700,431800,431900,432000,432100,432200,500,2100,6700,8600,3000,3800,10800,13500,11200,11900,431100,431000,430900,430800,430700,430600,430500,430400,430300,430200,6100,13700,8200,15100,5000,11400,66000,2800,17200,82100,439460,426050,8359111,4480576,0,0,0,0,0,
600036.SH,600036,20251209,112603000,431400,600,25874,47487,0,,,27891430,1201168861,433000,428300,431800,431800,431400,431500,431600,431700,431800,431900,432000,432100,432200,432300,2000,6700,8600,3000,3800,10800,13500,11200,11900,8900,431200,431100,431000,430900,430800,430700,430600,430500,430400,430300,100,7000,13700,8200,15100,5000,11400,66000,2800,17200,439460,426050,8358411,4481776,0,0,0,0,0,
600036.SH,600036,20251209,112606000,431200,1600,68997,47492,0,,,27893030,1201237858,433000,428300,431800,431800,431300,431400,431500,431600,431700,431800,431900,432000,432100,432200,300,2100,6300,8700,3000,3800,11400,13500,11200,11900,431200,431100,431000,430900,430800,430700,430600,430500,430400,430300,6100,7000,13700,7700,15100,5000,11400,66000,2800,17200,439460,426050,8359311,4485976,0,0,0,0,0,
600036.SH,600036,20251209,112609000,431300,900,38815,47498,0,,,27893930,1201276673,433000,428300,431800,431800,431400,431500,431600,431700,431800,431900,432000,432100,432200,432300,5700,7000,8700,3000,3800,10800,13500,11200,11900,8900,431200,431100,431000,430900,430800,430700,430600,430500,430400,430300,5900,7100,13900,7700,15100,5000,11400,66000,2800,17200,439450,426050,8367911,4486076,0,0,0,0,0,
600036.SH,600036,20251209,112612000,431400,5200,224248,47502,0,,,27899130,1201500921,433000,428300,431800,431800,431400,431500,431600,431700,431800,431900,432000,432100,432200,432300,5400,6200,8700,3000,3800,11400,13500,11200,11700,8900,431200,431100,431000,430900,430800,430700,430600,430500,430400,430300,1900,7100,13900,7700,15100,5000,11400,66000,2800,17200,439450,426050,8367211,4483876,0,0,0,0,0,
600036.SH,600036,20251209,112615000,431200,1900,81928,47507,0,,,27901030,1201582849,433000,428300,431800,431800,431200,431300,431400,431500,431600,431700,431800,431900,432000,432100,1100,2500,13600,6800,8600,3000,3800,10600,13500,11200,431100,431000,430900,430800,430700,430600,430500,430400,430300,430200,7200,15400,8100,14600,4500,11400,66000,2800,17200,82100,439440,426050,8379111,4484076,0,0,0,0,0,
600036.SH,600036,20251209,112618000,431200,6800,293216,47515,0,,,27907830,1201876065,433000,428300,431800,431800,431200,431300,431400,431500,431600,431700,431800,431900,432000,432100,8800,2900,4600,5100,8600,3000,3800,10600,13700,11200,431100,431000,430900,430800,430700,430600,430500,430400,430300,430200,7300,15400,8100,14600,4500,11400,66000,2800,17200,82100,439440,426050,8376711,4484176,0,0,0,0,0,
600036.SH,600036,20251209,112621000,431200,400,17246,47517,0,,,27908230,1201893311,433000,428300,431800,431800,431200,431300,431400,431500,431600,431700,431800,431900,432000,432100,8600,3000,4400,5000,8600,3000,3800,10600,13700,11200,431100,431000,430900,430800,430700,430600,430500,430400,430300,430200,7100,15900,8100,14600,4500,11400,66000,2800,17200,82100,439440,426050,8378011,4484476,0,0,0,0,0,
600036.SH,600036,20251209,112624000,431200,1200,51744,47519,0,,,27909430,1201945055,433000,428300,431800,431800,431200,431300,431400,431500,431600,431700,431800,431900,432000,432100,7500,3000,4400,5000,8600,3000,3800,10600,13700,11200,431100,431000,430900,430800,430700,430600,430500,430400,430300,430200,7300,15900,8100,14600,4500,11400,66800,2800,17200,82100,439440,426050,8381911,4486676,0,0,0,0,0,
600036.SH,600036,20251209,112627000,431100,1100,47421,47522,0,,,27910530,1201992476,433000,428300,431800,431800,431200,431300,431400,431500,431600,431700,431800,431900,432000,432100,9600,3000,6600,5000,8600,3000,3800,10600,13700,11200,431100,431000,430900,430800,430700,430600,430500,430400,430300,430200,6100,16200,8100,14600,4500,11400,66800,2800,17200,82100,439440,426050,8386211,4486776,0,0,0,0,0,
600036.SH,600036,20251209,112630000,431200,1600,68991,47525,0,,,27912130,1202061467,433000,428300,431800,431800,431200,431300,431400,431500,431600,431700,431800,431900,432000,432100,6000,3000,6600,5000,8600,3000,3800,10600,13700,11200,431100,431000,430900,430800,430700,430600,430500,430400,430300,430200,6000,15200,8100,14600,4500,11400,66800,2800,17200,82100,439440,426050,8382611,4485176,0,0,0,0,0,
600036.SH,600036,20251209,112633000,431100,4000,172455,47527,0,,,27916130,1202233922,433000,428300,431800,431800,431200,431300,431400,431500,431600,431700,431800,431900,432000,432100,5400,2900,6700,5000,8600,3000,3800,10600,13700,11200,431100,431000,430900,430800,430700,430600,430500,430400,430300,430200,3700,15200,8100,14600,4500,11400,66800,2800,17200,82100,439440,426050,8381511,4483376,0,0,0,0,0,
600036.SH,600036,20251209,112636000,431200,800,34493,47530,0,,,27916930,1202268415,433000,428300,431800,431800,431200,431300,431400,431500,431600,431700,431800,431900,432000,432100,5100,2900,6700,5000,8600,3000,3800,10600,13700,11200,431100,431000,430900,430800,430700,430600,430500,430400,430300,430200,3400,15200,8100,14600,4500,11400,66800,2800,17200,82100,439440,426050,8381711,4482176,0,0,0,0,0,
600036.SH,600036,20251209,112639000,431200,4400,189700,47539,0,,,27921330,1202458115,433000,428300,431800,431800,431200,431300,431400,431500,431600,431700,431800,431900,432000,432100,3600,2900,6700,5000,8600,3000,3800,10600,13700,11200,431100,431000,430900,430800,430700,430600,430500,430400,430300,430200,2400,15200,8100,14600,4500,11400,66800,2800,17200,82100,439440,426050,8381411,4482176,0,0,0,0,0,
600036.SH,600036,20251209,112642000,431200,3900,168168,47551,0,,,27925230,1202626283,433000,428300,431800,431800,431200,431300,431400,431500,431600,431700,431800,431900,432000,432100,500,2800,6700,5000,8600,3000,3800,10600,13700,11200,431100,431000,430900,430800,430700,430600,430500,430400,430300,430200,2500,15200,8100,14600,4500,11400,66800,2800,17200,82100,439440,426050,8378211,4481376,0,0,0,0,0,
600036.SH,600036,20251209,112645000,431100,2400,103464,47562,0,,,27927630,1202729747,433000,428300,431800,431800,431200,431300,431400,431500,431600,431700,431800,431900,432000,432100,1200,2800,6700,5000,8600,3000,3800,10600,13700,11200,431100,431000,430900,430800,430700,430600,430500,430400,430300,430200,200,15200,8100,14600,4500,11400,66800,2800,17200,82100,439440,426050,8377711,4483976,0,0,0,0,0,
600036.SH,600036,20251209,112648000,431000,19400,836235,47597,0,,,27947030,1203565982,433000,428300,431800,431800,431200,431300,431400,431500,431600,431700,431800,431900,432000,432100,700,2800,6700,5000,8600,3000,3800,10600,13700,11200,431000,430900,430800,430700,430600,430500,430400,430300,430200,430100,1200,8100,14600,4500,11400,66800,2800,17200,82100,33000,439450,426030,8375211,4467976,0,0,0,0,0,
600036.SH,600036,20251209,112651000,431100,6100,262916,47609,0,,,27953130,1203828898,433000,428300,431800,431800,431200,431300,431400,431500,431600,431700,431800,431900,432000,432100,7700,2800,7200,5000,8600,3000,3800,10600,13700,11200,431100,431000,430900,430800,430700,430600,430500,430400,430300,430200,9500,900,5900,14600,4500,11400,66000,2800,17200,82100,439440,426040,8382211,4474676,0,0,0,0,0,
600036.SH,600036,20251209,112654000,430900,14700,633634,47618,0,,,27967830,1204462532,433000,428300,431800,431800,431000,431100,431200,431300,431400,431500,431600,431700,431800,431900,2100,1900,12500,2800,7200,4400,8600,3000,3800,10600,430900,430800,430700,430600,430500,430400,430300,430200,430100,430000,2200,14600,4500,11400,66000,2800,17200,82100,33000,170300,439430,426030,8390611,4459976,0,0,0,0,0,
600036.SH,600036,20251209,112657000,430900,6700,288735,47638,0,,,27974530,1204751267,433000,428300,431800,431800,431000,431100,431200,431300,431400,431500,431600,431700,431800,431900,1500,2000,6200,2800,7200,4400,8600,3000,3800,10600,430900,430800,430700,430600,430500,430400,430300,430200,430100,430000,500,14100,4500,11800,66000,2800,17200,82100,33000,170300,439440,426020,8383511,4458676,0,0,0,0,0,
600036.SH,600036,20251209,112700000,430800,5000,215438,47648,0,,,27979530,1204966705,433000,428300,431800,431800,431100,431200,431300,431400,431500,431600,431700,431800,431900,432000,2000,6200,2800,7200,4400,8600,3000,3800,10600,13700,430800,430700,430600,430500,430400,430300,430200,430100,430000,429900,12700,4000,11800,66000,2800,18000,82100,33000,170300,7400,439440,426020,8381411,4457076,0,0,0,0,0,
600036.SH,600036,20251209,112703000,431000,9800,422367,47655,0,,,27989330,1205389072,433000,428300,431800,431800,431100,431200,431300,431400,431500,431600,431700,431800,431900,432000,1200,5900,2800,7200,4400,8600,3000,3800,10600,13700,430900,430800,430700,430600,430500,430400,430300,430200,430100,430000,2300,14300,4000,11800,66000,2800,18000,82100,33000,170300,439440,426030,8380811,4461576,0,0,0,0,0,
600036.SH,600036,20251209,112706000,430900,1700,73255,47663,0,,,27991030,1205462327,433000,428300,431800,431800,431100,431200,431300,431400,431500,431600,431700,431800,431900,432000,1200,5900,2800,7200,4400,8600,3000,3800,10600,13700,430900,430800,430700,430600,430500,430400,430300,430200,430100,430000,1800,14300,4000,10500,66000,2800,18000,82100,33000,169800,439440,426020,8381311,4458776,0,0,0,0,0,
600036.SH,600036,20251209,112709000,430900,300,12927,47665,0,,,27991330,1205475254,433000,428300,431800,431800,431100,431200,431300,431400,431500,431600,431700,431800,431900,432000,1300,5300,3000,7900,4400,8600,3000,3800,10600,13700,431000,430900,430800,430700,430600,430500,430400,430300,430200,430100,1000,3500,15500,4000,10500,66000,2800,18000,82100,33000,439440,426030,8381211,4462476,0,0,0,0,0,
600036.SH,600036,20251209,112712000,431200,3200,137950,47679,0,,,27994530,1205613204,433000,428300,431800,431800,431200,431300,431400,431500,431600,431700,431800,431900,432000,432100,4400,3000,7900,4500,8600,3000,3800,10600,13700,11200,431000,430900,430800,430700,430600,430500,430400,430300,430200,430100,3800,3500,15500,4000,11200,66000,2800,18000,82100,33000,439440,426030,8379011,4464976,0,0,0,0,0,
600036.SH,600036,20251209,112715000,431000,100,4310,47680,0,,,27994630,1205617514,433000,428300,431800,431800,431100,431200,431300,431400,431500,431600,431700,431800,431900,432000,32400,4500,3600,7900,4500,8600,3000,3800,10600,13700,431000,430900,430800,430700,430600,430500,430400,430300,430200,430100,3700,3700,15500,4000,11200,66000,2800,18000,82100,33000,439410,426030,8412611,4465076,0,0,0,0,0,
600036.SH,600036,20251209,112718000,430900,15000,646498,47698,0,,,28009630,1206264012,433000,428300,431800,431800,431100,431200,431300,431400,431500,431600,431700,431800,431900,432000,27000,5200,1800,5500,4400,8600,3000,3800,10600,13900,430900,430800,430700,430600,430500,430400,430300,430200,430100,430000,12900,14300,4000,11200,66000,4100,18000,82100,33000,168800,439420,426040,8407511,4470976,0,0,0,0,0,
600036.SH,600036,20251209,112721000,431100,8300,357805,47702,0,,,28017930,1206621817,433000,428300,431800,431800,431100,431200,431300,431400,431500,431600,431700,431800,431900,432000,19400,4700,1800,6300,4400,8600,3000,3800,10600,13900,430900,430800,430700,430600,430500,430400,430300,430200,430100,430000,12800,14400,4000,11200,66000,4100,18000,82100,33000,169400,439420,426040,8401911,4472276,0,0,0,0,0,
600036.SH,600036,20251209,112724000,431100,19800,853570,47710,0,,,28037730,1207475387,433000,428300,431800,431800,431200,431300,431400,431500,431600,431700,431800,431900,432000,432100,4700,1800,6300,4400,8600,3000,3800,10600,13900,11200,431100,431000,430900,430800,430700,430600,430500,430400,430300,430200,1200,100,10100,14400,4000,11200,66000,4100,18000,82100,439440,426040,8385511,4470876,0,0,0,0,0,
600036.SH,600036,20251209,112727000,431000,2300,99142,47726,0,,,28040030,1207574529,433000,428300,431800,431800,431200,431300,431400,431500,431600,431700,431800,431900,432000,432100,4800,1800,6300,4400,8600,3000,3800,10600,13900,11200,431100,431000,430900,430800,430700,430600,430500,430400,430300,430200,100,6800,10500,14400,4000,11200,66000,4100,18000,82100,439440,426040,8386611,4476876,0,0,0,0,0,
600036.SH,600036,20251209,112730000,431100,5600,241467,47739,0,,,28045630,1207815996,433000,428300,431800,431800,431200,431300,431400,431500,431600,431700,431800,431900,432000,432100,400,1200,6400,4400,8600,3000,3800,10600,14700,11200,431100,431000,430900,430800,430700,430600,430500,430400,430300,430200,3700,6800,10800,14800,4000,10800,66000,4100,18000,82100,439440,426050,8382611,4480776,0,0,0,0,0,
600036.SH,600036,20251209,112733000,431100,800,34491,47741,0,,,28046430,1207850487,433000,428300,431800,431800,431200,431300,431400,431500,431600,431700,431800,431900,432000,432100,300,1100,6900,4400,8600,3000,3900,10600,14700,11200,431100,431000,430900,430800,430700,430600,430500,430400,430300,430200,3300,6800,10800,14800,4000,10800,66000,4100,18000,82100,439440,426050,8383011,4481476,0,0,0,0,0,
600036.SH,600036,20251209,112736000,431200,2600,112102,47754,0,,,28049030,1207962589,433000,428300,431800,431800,431300,431400,431500,431600,431700,431800,431900,432000,432100,432200,1100,6900,4400,8600,3000,3900,10600,14700,11200,12100,431200,431100,431000,430900,430800,430700,430600,430500,430400,430300,1700,2700,6800,5000,14800,4000,10800,66000,4100,18000,439440,426060,8382711,4498376,0,0,0,0,0,
600036.SH,600036,20251209,112739000,431200,3900,168168,47761,0,,,28052930,1208130757,433000,428300,431800,431800,431200,431300,431400,431500,431600,431700,431800,431900,432000,432100,1100,2700,6600,4500,8500,3000,3900,10600,14700,11200,431100,431000,430900,430800,430700,430600,430500,430400,430300,430200,2700,6800,4400,14800,4000,10800,66000,4200,18000,82100,439440,426060,8385111,4497276,0,0,0,0,0,
600036.SH,600036,20251209,112742000,431200,1300,56056,47765,0,,,28054230,1208186813,433000,428300,431800,431800,431200,431300,431400,431500,431600,431700,431800,431900,432000,432100,9300,2700,6400,4400,8500,3000,3900,10600,14700,11200,431100,431000,430900,430800,430700,430600,430500,430400,430300,430200,2700,6300,4400,14800,4500,10800,66000,4200,18000,82100,439430,426060,8389611,4497276,0,0,0,0,0,
600036.SH,600036,20251209,112745000,431100,3500,150881,47775,0,,,28057730,1208337694,433000,428300,431800,431800,431200,431300,431400,431500,431600,431700,431800,431900,432000,432100,9300,3000,6300,4400,8500,3000,3800,10600,14700,11200,431100,431000,430900,430800,430700,430600,430500,430400,430300,430200,100,5900,4400,14800,4500,10800,66000,4200,18000,82100,439430,426050,8389711,4494476,0,0,0,0,0,
600036.SH,600036,20251209,112748000,431200,1100,47422,47782,0,,,28058830,1208385116,433000,428300,431800,431800,431200,431300,431400,431500,431600,431700,431800,431900,432000,432100,9600,2900,6300,4400,8500,3000,3800,10600,14700,11200,431100,431000,430900,430800,430700,430600,430500,430400,430300,430200,6300,5900,4400,14800,4500,10800,66000,4200,18000,82100,439430,426060,8391011,4500876,0,0,0,0,0,
600036.SH,600036,20251209,112751000,431100,3300,142279,47791,0,,,28062130,1208527395,433000,428300,431800,431800,431200,431300,431400,431500,431600,431700,431800,431900,432000,432100,9500,1600,5500,4400,8500,3000,3900,10600,14300,11200,431100,431000,430900,430800,430700,430600,430500,430400,430300,430200,10300,5900,4700,14800,4500,10800,66100,4200,18000,82100,439430,426070,8388511,4505176,0,0,0,0,0,
600036.SH,600036,20251209,112754000,431100,3100,133656,47793,0,,,28065230,1208661051,433000,428300,431800,431800,431200,431300,431400,431500,431600,431700,431800,431900,432000,432100,17500,1600,5500,4400,8500,3000,3900,10600,14300,11200,431100,431000,430900,430800,430700,430600,430500,430400,430300,430200,9200,5900,4400,14800,4500,10800,66100,4200,18000,82100,439430,426060,8398011,4504076,0,0,0,0,0,
600036.SH,600036,20251209,112757000,431100,3500,150885,47800,0,,,28068730,1208811936,433000,428300,431800,431800,431200,431300,431400,431500,431600,431700,431800,431900,432000,432100,17700,1500,5500,4400,8500,3000,3900,10600,14300,11200,431100,431000,430900,430800,430700,430600,430500,430400,430300,430200,5700,5900,4400,14800,4500,10800,66100,4200,18000,82100,439420,426060,8401211,4501076,0,0,0,0,0,
600036.SH,600036,20251209,112800000,431100,100,4311,47801,0,,,28068830,1208816247,433000,428300,431800,431800,431200,431300,431400,431500,431600,431700,431800,431900,432000,432100,18400,1300,5500,4400,8500,3000,3900,10600,14300,11200,431100,431000,430900,430800,430700,430600,430500,430400,430300,430200,10400,5900,4400,15800,4500,10800,66100,4200,18000,82100,439420,426070,8402311,4506776,0,0,0,0,0,
600036.SH,600036,20251209,112803000,431100,3600,155231,47803,0,,,28072430,1208971478,433000,428300,431800,431800,431200,431300,431400,431500,431600,431700,431800,431900,432000,432100,15000,1300,5500,4400,8500,3000,3900,10600,14300,11200,431100,431000,430900,430800,430700,430600,430500,430400,430300,430200,11100,5900,4400,15800,4500,10800,66100,4200,18000,82100,439420,426070,8400311,4506276,0,0,0,0,0,
600036.SH,600036,20251209,112806000,431100,1900,81909,47809,0,,,28074330,1209053387,433000,428300,431800,431800,431200,431300,431400,431500,431600,431700,431800,431900,432000,432100,15400,1000,5500,4400,8500,3000,3900,10600,14500,11200,431100,431000,430900,430800,430700,430600,430500,430400,430300,430200,9200,6000,4400,19000,4500,12100,66600,4200,18000,82100,439420,426070,8400311,4509576,0,0,0,0,0,
600036.SH,600036,20251209,112809000,431200,1700,73302,47814,0,,,28076030,1209126689,433000,428300,431800,431800,431200,431300,431400,431500,431600,431700,431800,431900,432000,432100,14000,1000,5500,4400,8500,3000,3800,10600,14500,11200,431100,431000,430900,430800,430700,430600,430500,430400,430300,430200,10500,6000,4400,19000,4500,12100,66600,4200,18000,82100,439430,426070,8399511,4510876,0,0,0,0,0,
600036.SH,600036,20251209,112812000,431200,14200,612304,47844,0,,,28090230,1209738993,433000,428300,431800,431800,431300,431400,431500,431600,431700,431800,431900,432000,432100,432200,1000,2900,4400,8500,3000,3800,10600,14500,11200,11700,431200,431100,431000,430900,430800,430700,430600,430500,430400,430300,100,10600,6000,4400,19000,4500,12100,66500,4200,18000,439440,426070,8382911,4510976,0,0,0,0,0,
600036.SH,600036,20251209,112815000,431100,3200,137981,47856,0,,,28093430,1209876974,433000,428300,431800,431800,431300,431400,431500,431600,431700,431800,431900,432000,432100,432200,1200,2900,4400,8600,3000,3800,10600,14500,11200,11700,431200,431100,431000,430900,430800,430700,430600,430500,430400,430300,1300,8800,6000,4400,19000,4500,12100,66500,4200,18000,439440,426070,8383111,4511076,0,0,0,0,0,
600036.SH,600036,20251209,112818000,431300,1200,51756,47863,0,,,28094630,1209928730,433000,428300,431800,431800,431300,431400,431500,431600,431700,431800,431900,432000,432100,432200,100,2900,4400,8600,3000,3800,10600,14500,11200,11700,431200,431100,431000,430900,430800,430700,430600,430500,430400,430300,7400,10900,6400,4500,18600,4500,12100,66500,4200,18000,439440,426080,8382011,4519376,0,0,0,0,0,
600036.SH,600036,20251209,112821000,431300,400,17250,47866,0,,,28095030,1209945980,433000,428300,431800,431800,431400,431500,431600,431700,431800,431900,432000,432100,432200,432300,2900,4400,8600,3000,3800,10600,14500,11200,11700,8900,431200,431100,431000,430900,430800,430700,430600,430500,430400,430300,12400,10900,6400,4500,18600,4500,12100,66500,4200,18000,439440,426090,8381911,4525276,0,0,0,0,0,
600036.SH,600036,20251209,112824000,431300,6900,297539,47872,0,,,28101930,1210243519,433000,428300,431800,431800,431400,431500,431600,431700,431800,431900,432000,432100,432200,432300,2400,4400,8600,3000,3600,10600,14500,11200,11700,8900,431300,431200,431100,431000,430900,430800,430700,430600,430500,430400,800,7200,9900,6400,4500,19200,4500,12100,66500,4200,439440,426080,8381411,4520476,0,0,0,0,0,
600036.SH,600036,20251209,112827000,431400,5700,245868,47909,0,,,28107630,1210489387,433000,428300,431800,431800,431500,431600,431700,431800,431900,432000,432100,432200,432300,432400,4400,8600,3000,3400,10600,14700,11200,11700,8900,17600,431400,431300,431200,431100,431000,430900,430800,430700,430600,430500,600,1100,7200,9800,6400,4100,19200,4500,12100,66500,439450,426080,8379011,4521276,0,0,0,0,0,
600036.SH,600036,20251209,112830000,431400,3200,138051,47919,0,,,28110830,1210627438,433000,428300,431800,431800,431500,431600,431700,431800,431900,432000,432100,432200,432300,432400,13800,8600,3000,3400,10600,14700,11200,11700,8900,17600,431400,431300,431200,431100,431000,430900,430800,430700,430600,430500,3300,1400,7100,9800,6700,4100,19200,4500,12100,66500,439440,426090,8388711,4524376,0,0,0,0,0,
600036.SH,600036,20251209,112833000,431500,9900,427132,47938,0,,,28120730,1211054570,433000,428300,431800,431800,431500,431600,431700,431800,431900,432000,432100,432200,432300,432400,16500,4500,3000,3400,10600,14700,11200,11700,8900,17600,431300,431200,431100,431000,430900,430800,430700,430600,430500,430400,1400,7600,9800,6300,4100,17700,4500,12100,66500,4200,439440,426080,8387311,4519376,0,0,0,0,0,
600036.SH,600036,20251209,112836000,431300,2400,103533,47954,0,,,28123130,1211158103,433000,428300,431800,431800,431500,431600,431700,431800,431900,432000,432100,432200,432300,432400,15800,4500,3000,3400,10600,14700,11200,11700,8900,17600,431300,431200,431100,431000,430900,430800,430700,430600,430500,430400,2600,7100,9800,6300,4600,17700,4500,12100,66500,4200,439440,426080,8386811,4520976,0,0,0,0,0,
600036.SH,600036,20251209,112839000,431400,600,25887,47957,0,,,28123730,1211183990,433000,428300,431800,431800,431400,431500,431600,431700,431800,431900,432000,432100,432200,432300,700,17100,4500,3200,3400,10600,14700,11200,11700,8900,431300,431200,431100,431000,430900,430800,430700,430600,430500,430400,2500,7100,9500,6300,4600,17700,4500,12100,66500,4200,439440,426080,8389011,4520576,0,0,0,0,0,
600036.SH,600036,20251209,112842000,431400,3800,163958,47962,0,,,28127530,1211347948,433000,428300,431800,431800,431500,431600,431700,431800,431900,432000,432100,432200,432300,432400,14400,4500,3200,3400,10600,14700,11200,11700,8900,17600,431400,431300,431200,431100,431000,430900,430800,430700,430600,430500,100,3400,7100,10100,6300,4100,17700,4500,12100,66500,439440,426080,8385611,4521676,0,0,0,0,0,
600036.SH,600036,20251209,112845000,431400,2700,116459,47973,0,,,28130230,1211464407,433000,428300,431800,431800,431500,431600,431700,431800,431900,432000,432100,432200,432300,432400,14300,4500,3200,3400,10600,14700,11200,11700,8900,17600,431400,431300,431200,431100,431000,430900,430800,430700,430600,430500,200,1300,7100,10100,2200,4100,17700,4500,12100,66500,439440,426080,8385511,4516476,0,0,0,0,0,
600036.SH,600036,20251209,112848000,431400,0,0,47973,0,,,28130230,1211464407,433000,428300,431800,431800,431500,431600,431700,431800,431900,432000,432100,432200,432300,432400,16500,4500,3200,3400,10600,14700,11200,11700,8900,17600,431400,431300,431200,431100,431000,430900,430800,430700,430600,430500,3400,2000,7100,9500,2200,4100,17700,4500,12100,66500,439440,426080,8387911,4519976,0,0,0,0,0,
600036.SH,600036,20251209,112851000,431400,1600,69027,47978,0,,,28131830,1211533434,433000,428300,431800,431800,431500,431600,431700,431800,431900,432000,432100,432200,432300,432400,16200,4500,3200,3400,10500,14700,11200,11700,8900,17600,431400,431300,431200,431100,431000,430900,430800,430700,430600,430500,6200,2000,7100,9500,2200,4100,17700,4500,12100,66500,439440,426090,8387511,4523276,0,0,0,0,0,
600036.SH,600036,20251209,112854000,431500,1100,47465,47979,0,,,28132930,1211580899,433000,428300,431800,431800,431500,431600,431700,431800,431900,432000,432100,432200,432300,432400,15100,4500,3200,3400,10500,14700,11200,11700,8900,17600,431400,431300,431200,431100,431000,430900,430800,430700,430600,430500,6400,2000,7100,9500,2200,4100,17700,4500,12100,66500,439440,426090,8386311,4524276,0,0,0,0,0,
600036.SH,600036,20251209,112857000,431500,0,0,47979,0,,,28132930,1211580899,433000,428300,431800,431800,431500,431600,431700,431800,431900,432000,432100,432200,432300,432400,15200,6300,3200,3400,10500,14700,11200,11700,8900,17600,431400,431300,431200,431100,431000,430900,430800,430700,430600,430500,7300,5200,7000,9500,2200,4100,17700,4500,12100,66500,439440,426090,8388211,4528276,0,0,0,0,0,
600036.SH,600036,20251209,112900000,431500,0,0,47979,0,,,28132930,1211580899,433000,428300,431800,431800,431500,431600,431700,431800,431900,432000,432100,432200,432300,432400,15200,6300,3200,3400,10500,14700,11200,11700,8900,17600,431400,431300,431200,431100,431000,430900,430800,430700,430600,430500,7600,5300,7000,9500,2200,5000,17700,4500,12100,66500,439440,426090,8388311,4530376,0,0,0,0,0,
600036.SH,600036,20251209,112903000,431400,1800,77652,47982,0,,,28134730,1211658551,433000,428300,431800,431800,431500,431600,431700,431800,431900,432000,432100,432200,432300,432400,11800,6300,3200,3400,10500,14700,11200,11700,8900,17600,431400,431300,431200,431100,431000,430900,430800,430700,430600,430500,5800,5300,7000,9500,2200,5000,17700,4500,12300,66500,439440,426090,8384911,4526976,0,0,0,0,0,
600036.SH,600036,20251209,112906000,431400,2900,125114,47992,0,,,28137630,1211783665,433000,428300,431800,431800,431500,431600,431700,431800,431900,432000,432100,432200,432300,432400,11200,6300,3200,3400,10500,14700,11200,11700,8900,17600,431400,431300,431200,431100,431000,430900,430800,430700,430600,430500,8900,5500,7000,9500,2200,5000,17700,4500,12300,66500,439440,426090,8384311,4530776,0,0,0,0,0,
600036.SH,600036,20251209,112909000,431400,1500,64724,47995,0,,,28139130,1211848389,433000,428300,431800,431800,431500,431600,431700,431800,431900,432000,432100,432200,432300,432400,9800,7100,3200,3400,10500,14700,11200,11700,8900,17600,431400,431300,431200,431100,431000,430900,430800,430700,430600,430500,9500,5500,7000,9500,2200,5000,17700,4500,12300,66500,439440,426100,8383211,4531476,0,0,0,0,0,
600036.SH,600036,20251209,112912000,431500,10200,440075,48008,0,,,28149330,1212288464,433000,428300,431800,431800,431500,431600,431700,431800,431900,432000,432100,432200,432300,432400,5200,5400,3200,3400,10500,14700,11200,11700,8900,17600,431400,431300,431200,431100,431000,430900,430800,430700,430600,430500,4000,5500,7000,9400,2200,5000,17700,4500,12300,66500,439450,426090,8376611,4525876,0,0,0,0,0,
600036.SH,600036,20251209,112915000,431400,3000,129436,48020,0,,,28152330,1212417900,433000,428300,431800,431800,431500,431600,431700,431800,431900,432000,432100,432200,432300,432400,3700,5400,3200,3400,10500,14700,11200,11700,8900,17600,431400,431300,431200,431100,431000,430900,430800,430700,430600,430500,3200,5500,7000,9400,2200,5000,17700,4500,12300,66500,439450,426090,8375111,4527076,0,0,0,0,0,
600036.SH,600036,20251209,112918000,431500,300,12943,48023,0,,,28152630,1212430843,433000,428300,431800,431800,431500,431600,431700,431800,431900,432000,432100,432200,432300,432400,4100,5300,3200,3400,10500,14700,11200,11700,8900,17600,431400,431300,431200,431100,431000,430900,430800,430700,430600,430500,3000,5500,7000,9400,2200,5000,17700,4500,12300,66500,439450,426090,8375411,4526876,0,0,0,0,0,
600036.SH,600036,20251209,112921000,431500,1800,77664,48031,0,,,28154430,1212508507,433000,428300,431800,431800,431500,431600,431700,431800,431900,432000,432100,432200,432300,432400,2900,5300,3200,3400,10500,14700,11200,11700,8900,17600,431400,431300,431200,431100,431000,430900,430800,430700,430600,430500,2400,5500,7000,9400,2200,5000,17700,4500,12300,66500,439450,426090,8374211,4526776,0,0,0,0,0,
600036.SH,600036,20251209,112924000,431500,1000,43149,48038,0,,,28155430,1212551656,433000,428300,431800,431800,431500,431600,431700,431800,431900,432000,432100,432200,432300,432400,2500,5300,3200,3400,10500,14700,11200,11700,8900,17600,431400,431300,431200,431100,431000,430900,430800,430700,430600,430500,2300,5500,7000,9400,2200,5000,49900,4500,12300,66500,439450,426120,8374011,4558876,0,0,0,0,0,
600036.SH,600036,20251209,112927000,431400,300,12942,48040,0,,,28155730,1212564598,433000,428300,431800,431800,431500,431600,431700,431800,431900,432000,432100,432200,432300,432400,2400,5300,3200,3400,10500,14700,11200,11700,8900,17600,431400,431300,431200,431100,431000,430900,430800,430700,430600,430500,2000,5500,7000,9400,2200,5000,49900,4500,12300,66500,439450,426120,8373911,4557076,0,0,0,0,0,
600036.SH,600036,20251209,112930000,431400,0,0,48040,0,,,28155730,1212564598,433000,428300,431800,431800,431500,431600,431700,431800,431900,432000,432100,432200,432300,432400,2700,5300,3200,3400,10500,14700,11200,11700,8900,17600,431400,431300,431200,431100,431000,430900,430800,430700,430600,430500,2100,5500,7000,9400,2200,5000,49900,4500,12300,66500,439450,426120,8374411,4557176,0,0,0,0,0,
600036.SH,600036,20251209,112933000,431500,2600,112190,48051,0,,,28158330,1212676788,433000,428300,431800,431800,431500,431600,431700,431800,431900,432000,432100,432200,432300,432400,2200,5300,3300,3400,10500,14700,11200,11700,8900,17600,431400,431300,431200,431100,431000,430900,430800,430700,430600,430500,2100,5500,7000,9400,2200,5000,49900,4500,12300,66500,439450,426120,8373511,4557676,0,0,0,0,0,
600036.SH,600036,20251209,112936000,431400,100,4314,48052,0,,,28158430,1212681102,433000,428300,431800,431800,431500,431600,431700,431800,431900,432000,432100,432200,432300,432400,2200,5300,3300,3400,10500,14700,11200,11700,8900,17600,431400,431300,431200,431100,431000,430900,430800,430700,430600,430500,2000,5500,7000,9400,2200,5000,49900,4500,12300,66500,439450,426120,8374211,4557576,0,0,0,0,0,
600036.SH,600036,20251209,112939000,431500,1400,60410,48057,0,,,28159830,1212741512,433000,428300,431800,431800,431500,431600,431700,431800,431900,432000,432100,432200,432300,432400,800,5900,3300,3400,10500,14700,11200,11700,8900,17600,431400,431300,431200,431100,431000,430900,430800,430700,430600,430500,2000,5500,7000,9400,2200,5000,49900,4500,12300,66500,439450,426120,8373411,4557576,0,0,0,0,0,
600036.SH,600036,20251209,112942000,431400,5800,250219,48068,0,,,28165630,1212991731,433000,428300,431800,431800,431500,431600,431700,431800,431900,432000,432100,432200,432300,432400,100,5900,3300,3400,10500,14700,11200,11700,8700,17600,431400,431300,431200,431100,431000,430900,430800,430700,430600,430500,2600,5500,7000,9400,2200,5000,49900,4500,12300,66500,439450,426120,8372611,4558176,0,0,0,0,0,
600036.SH,600036,20251209,112945000,431400,1200,51768,48072,0,,,28166830,1213043499,433000,428300,431800,431800,431500,431600,431700,431800,431900,432000,432100,432200,432300,432400,800,5900,3300,3400,10500,15000,11200,11700,8700,17600,431400,431300,431200,431100,431000,430900,430800,430700,430600,430500,1400,5500,6900,9400,2200,4900,49900,4500,12300,66500,439450,426120,8373611,4556776,0,0,0,0,0,
600036.SH,600036,20251209,112948000,431400,3000,129442,48085,0,,,28169830,1213172941,433000,428300,431800,431800,431500,431600,431700,431800,431900,432000,432100,432200,432300,432400,7200,9300,3300,3400,10500,15000,11200,11700,8700,17600,431400,431300,431200,431100,431000,430900,430800,430700,430600,430500,1200,4800,6900,9400,2200,4900,49900,4500,12300,66500,439450,426120,8383911,4554876,0,0,0,0,0,
600036.SH,600036,20251209,112951000,431500,2900,125129,48092,0,,,28172730,1213298070,433000,428300,431800,431800,431500,431600,431700,431800,431900,432000,432100,432200,432300,432400,4900,9300,3300,3400,10500,15000,11200,11700,8700,17600,431400,431300,431200,431100,431000,430900,430800,430700,430600,430500,5800,4800,5900,9100,2200,4700,49900,4500,12300,66500,439450,426120,8381611,4558276,0,0,0,0,0,
600036.SH,600036,20251209,112954000,431400,7500,323576,48100,0,,,28180230,1213621646,433000,428300,431800,431800,431500,431600,431700,431800,431900,432000,432100,432200,432300,432400,2300,9400,3200,3400,10500,15000,11200,11700,8700,17600,431400,431300,431200,431100,431000,430900,430800,430700,430600,430500,1000,4800,5900,9100,2200,4700,49900,4500,12300,66500,439450,426110,8379011,4553376,0,0,0,0,0,
600036.SH,600036,20251209,112957000,431400,400,17256,48102,0,,,28180630,1213638902,433000,428300,431800,431800,431500,431600,431700,431800,431900,432000,432100,432200,432300,432400,2600,9400,3200,3400,10500,15000,11200,11700,8700,17600,431400,431300,431200,431100,431000,430900,430800,430700,430600,430500,5400,4800,5900,9100,2200,4700,49900,4500,12300,66500,439450,426120,8379411,4557776,0,0,0,0,0,
600036.SH,600036,20251209,113000000,431400,0,0,48102,0,,,28180630,1213638902,433000,428300,431800,431800,431500,431600,431700,431800,431900,432000,432100,432200,432300,432400,2600,9400,3200,3400,10500,15000,11200,11700,8700,17600,431400,431300,431200,431100,431000,430900,430800,430700,430600,430500,5600,4800,5900,9100,2300,4300,49900,4500,12300,66500,439450,426120,8379411,4557676,0,0,0,0,0,
600036.SH,600036,20251209,130000000,431100,48800,2104091,48130,0,,,28229430,1215742993,433000,428300,431800,431800,431100,431500,431600,431700,431800,431900,432000,432100,432200,432300,1200,3300,9400,3200,3400,10500,15000,11200,11700,8700,431000,430900,430800,430700,430600,430500,430400,430300,430200,430100,2400,4300,49900,4500,12300,66500,4400,18000,83600,33400,439450,426090,8382911,4532376,0,0,0,0,0,
600036.SH,600036,20251209,130003000,431400,11900,513344,48167,0,,,28241330,1216256337,433000,428300,431800,431800,431400,431500,431600,431700,431800,431900,432000,432100,432200,432300,4000,2700,9400,3200,3800,10500,16000,11200,11700,8700,431200,431100,431000,430900,430800,430700,430600,430500,430400,430300,3400,6400,4100,4300,18700,4500,12300,65500,4400,18000,439470,426080,8424511,4546976,0,0,0,0,0,
600036.SH,600036,20251209,130006000,431300,12900,556441,48198,0,,,28254230,1216812778,433000,428300,431800,431800,431300,431400,431500,431600,431700,431800,431900,432000,432100,432200,800,31700,9400,7400,3800,5700,20500,19500,21200,12700,431200,431100,431000,430900,430800,430700,430600,430500,430400,430300,2000,9100,7900,5000,15500,4500,11300,65700,4400,19000,439520,426020,8587380,4497276,0,0,0,0,0,
600036.SH,600036,20251209,130009000,431400,17800,767542,48280,0,,,28272030,1217580320,433000,428300,431800,431800,431400,431500,431600,431700,431800,431900,432000,432100,432200,432300,39700,10900,5900,3800,7500,20600,19500,22200,12200,9100,431200,431100,431000,430900,430800,430700,430600,430500,430400,430300,400,42400,22400,5300,15700,4700,11300,64700,3400,19000,439530,426080,8614010,4575976,0,0,0,0,0,
600036.SH,600036,20251209,130012000,431200,2500,107807,48291,0,,,28274530,1217688127,433000,428300,431800,431800,431400,431500,431600,431700,431800,431900,432000,432100,432200,432300,41700,9900,6400,3800,7500,20600,19500,22200,11800,9600,431200,431100,431000,430900,430800,430700,430600,430500,430400,430300,4800,30900,9200,6500,15900,5100,11300,64700,4200,18600,439530,426060,8615210,4556976,0,0,0,0,0,
600036.SH,600036,20251209,130015000,431400,27700,1194949,48336,0,,,28302230,1218883076,433000,428300,431800,431800,431400,431500,431600,431700,431800,431900,432000,432100,432200,432300,27300,9900,5800,3800,7500,20600,19500,22200,11800,9600,431300,431200,431100,431000,430900,430800,430700,430600,430500,430400,500,5200,4000,9600,6300,15700,4700,11300,64700,4200,439550,426030,8600210,4530576,0,0,0,0,0,
600036.SH,600036,20251209,130018000,431400,39500,1704119,48404,0,,,28341730,1220587195,433000,428300,431800,431800,431600,431700,431800,431900,432000,432100,432200,432300,432400,432500,6000,3800,7500,20600,19500,22200,11800,9600,17400,50500,431400,431300,431200,431100,431000,430900,430800,430700,430600,430500,55000,4700,3100,4000,9600,16300,15700,4700,11300,64800,439580,426110,8565510,4597476,0,0,0,0,0,
600036.SH,600036,20251209,130021000,431600,11700,505001,48422,0,,,28353430,1221092196,433000,428300,431800,431800,431700,431800,431900,432000,432100,432200,432300,432400,432500,432600,2300,7500,20600,19500,22200,11800,9600,17400,50500,57200,431400,431300,431200,431100,431000,430900,430800,430700,430600,430500,18000,3500,3100,4000,9200,16000,15700,4700,11300,64800,439590,426060,8558010,4558576,0,0,0,0,0,
600036.SH,600036,20251209,130024000,431600,4600,198579,48432,0,,,28358030,1221290775,433000,428300,431800,431800,431700,431800,431900,432000,432100,432200,432300,432400,432500,432600,38800,10300,20600,19500,22200,11800,9600,17400,50500,57200,431600,431400,431300,431200,431100,431000,430900,430800,430700,430600,3200,18100,3900,1900,4000,9200,16200,15700,4700,11300,439550,426070,8597310,4561276,0,0,0,0,0,
600036.SH,600036,20251209,130027000,431700,14100,608651,48443,0,,,28372130,1221899426,433000,428300,431800,431800,431700,431800,431900,432000,432100,432200,432300,432400,432500,432600,300,10300,20600,19500,22200,11800,9600,17400,50500,57300,431500,431400,431300,431200,431100,431000,430900,430800,430700,430600,600,18500,4600,1900,200,9100,16200,15700,4700,11300,439590,426060,8558510,4555876,0,0,0,0,0,
600036.SH,600036,20251209,130030000,431800,1700,73403,48448,0,,,28373830,1221972829,433000,428300,431800,431800,431800,431900,432000,432100,432200,432300,432400,432500,432600,432700,8900,20700,19500,22200,11800,9600,17400,50500,57300,21400,431700,431600,431500,431400,431300,431200,431100,431000,430900,430800,100,700,4400,18500,4600,1900,200,9100,16200,15700,439590,426070,8556910,4560676,0,0,0,0,0,
600036.SH,600036,20251209,130033000,431700,200,8634,48450,0,,,28374030,1221981463,433000,428300,431800,431800,431800,431900,432000,432100,432200,432300,432400,432500,432600,432700,7000,20700,19500,22300,11800,9600,17400,50500,57300,21400,431700,431600,431500,431400,431300,431200,431100,431000,430900,430800,3700,300,4700,19300,3900,1900,200,8300,12800,15400,439590,426070,8555110,4559776,0,0,0,0,0,
600036.SH,600036,20251209,130036000,431700,6900,297873,48460,0,,,28380930,1222279336,433000,428300,431800,431800,431700,431800,431900,432000,432100,432200,432300,432400,432500,432600,1500,7000,20700,19500,22300,11800,9600,17400,50500,57300,431600,431500,431400,431300,431200,431100,431000,430900,430800,430700,300,4500,19300,4400,1900,600,7900,12800,15400,4700,439590,426060,8556610,4555476,0,0,0,0,0,
600036.SH,600036,20251209,130039000,431600,900,38850,48465,0,,,28381830,1222318186,433000,428300,431800,431800,431700,431800,431900,432000,432100,432200,432300,432400,432500,432600,22600,6900,20800,19600,22300,11800,9600,17400,50500,57300,431600,431500,431400,431300,431200,431100,431000,430900,430800,430700,1500,3900,19300,4800,1900,600,7900,12800,15400,4700,439570,426060,8577810,4556476,0,0,0,0,0,
600036.SH,600036,20251209,130042000,431600,2100,90642,48470,0,,,28383930,1222408828,433000,428300,431800,431800,431700,431800,431900,432000,432100,432200,432300,432400,432500,432600,23600,6900,20800,19600,22300,11800,9600,17400,50700,57200,431500,431400,431300,431200,431100,431000,430900,430800,430700,430600,700,10400,1300,1000,600,7900,12800,15400,4700,11300,439570,426040,8578710,4538476,0,0,0,0,0,
600036.SH,600036,20251209,130045000,431700,4500,194261,48476,0,,,28388430,1222603089,433000,428300,431800,431800,431600,431700,431800,431900,432000,432100,432200,432300,432400,432500,300,700,8000,20800,19600,22300,11800,9600,17400,50700,431500,431400,431300,431200,431100,431000,430900,430800,430700,430600,1200,10400,1600,1000,10300,7900,12800,15400,4700,11300,439590,426060,8556710,4559976,0,0,0,0,0,
600036.SH,600036,20251209,130048000,431500,300,12945,48478,0,,,28388730,1222616034,433000,428300,431800,431800,431600,431700,431800,431900,432000,432100,432200,432300,432400,432500,100,700,8000,20800,19600,22300,11800,9600,17400,50800,431500,431400,431300,431200,431100,431000,430900,430800,430700,430600,1500,10400,1600,1000,10300,7900,12800,15400,4700,11300,439590,426060,8557410,4560276,0,0,0,0,0,
600036.SH,600036,20251209,130051000,431500,500,21578,48482,0,,,28389230,1222637612,433000,428300,431800,431800,431700,431800,431900,432000,432100,432200,432300,432400,432500,432600,600,8000,20700,20000,22300,11800,9600,17400,51300,57500,431500,431400,431300,431200,431100,431000,430900,430800,430700,430600,7800,10900,1600,1400,10300,8400,12800,15400,4700,11300,439590,426070,8557510,4567876,0,0,0,0,0,
600036.SH,600036,20251209,130054000,431500,2100,90618,48491,0,,,28391330,1222728230,433000,428300,431800,431800,431600,431700,431800,431900,432000,432100,432200,432300,432400,432500,400,600,7200,21500,20000,22300,11800,9600,17400,51300,431500,431400,431300,431200,431100,431000,430900,430800,430700,430600,6900,10900,2000,500,10300,7900,12800,15400,4700,11300,439590,426070,8557710,4565976,0,0,0,0,0,
600036.SH,600036,20251209,130057000,431500,2100,90623,48498,0,,,28393430,1222818853,433000,428300,431800,431800,431700,431800,431900,432000,432100,432200,432300,432400,432500,432600,900,7200,21500,20000,22300,11800,9600,17400,51300,57500,431500,431400,431300,431200,431100,431000,430900,430800,430700,430600,5400,10900,2100,500,10300,7900,12800,15400,4700,11300,439590,426070,8557110,4564576,0,0,0,0,0,
600036.SH,600036,20251209,130100000,431800,4200,181335,48512,0,,,28397630,1223000188,433000,428300,431800,431800,431800,431900,432000,432100,432200,432300,432400,432500,432600,432700,4500,21500,19800,22300,11800,9600,17400,51300,57600,21400,431500,431400,431300,431200,431100,431000,430900,430800,430700,430600,2600,10900,2100,900,10300,7900,12800,15400,4700,11300,439590,426070,8553410,4562176,0,0,0,0,0,
600036.SH,600036,20251209,130103000,431700,8800,379852,48523,0,,,28406430,1223380040,433000,428300,431800,431800,431700,431800,431900,432000,432100,432200,432300,432400,432500,432600,1400,11900,21500,19900,22300,11800,9600,17400,51300,57600,431500,431400,431300,431200,431100,431000,430900,430800,430700,430600,3700,10900,3100,900,10300,7900,12800,15400,4700,11300,439580,426070,8562310,4564276,0,0,0,0,0,
600036.SH,600036,20251209,130106000,431500,1600,69053,48530,0,,,28408030,1223449093,433000,428300,431800,431800,431700,431800,431900,432000,432100,432200,432300,432400,432500,432600,2600,12000,21500,19900,22300,11800,9600,17400,51300,57600,431500,431400,431300,431200,431100,431000,430900,430800,430700,430600,3200,10900,3100,900,10300,7900,12800,15400,4700,11300,439580,426070,8563110,4568376,0,0,0,0,0,
600036.SH,600036,20251209,130109000,431600,2200,94955,48544,0,,,28410230,1223544048,433000,428300,431800,431800,431700,431800,431900,432000,432100,432200,432300,432400,432500,432600,2800,12000,20700,19900,22300,11800,9600,17400,51300,57600,431500,431400,431300,431200,431100,431000,430900,430800,430700,430600,3200,10900,3100,900,10100,7900,12800,15400,4700,11300,439580,426070,8562510,4568376,0,0,0,0,0,
600036.SH,600036,20251209,130112000,431800,7500,323785,48564,0,,,28417730,1223867833,433000,428300,431800,431800,431700,431800,431900,432000,432100,432200,432300,432400,432500,432600,2300,10600,20700,19900,22300,11800,9600,17400,51300,57600,431500,431400,431300,431200,431100,431000,430900,430800,430700,430600,100,10900,3100,900,10100,7900,12800,15400,4700,11300,439580,426070,8560610,4565276,0,0,0,0,0,
600036.SH,600036,20251209,130115000,431500,4900,211511,48574,0,,,28422630,1224079344,433000,428300,431800,431800,431800,431900,432000,432100,432200,432300,432400,432500,432600,432700,20800,20700,19900,22300,11800,9600,17400,51300,57600,21400,431500,431400,431300,431200,431100,431000,430900,430800,430700,430600,3900,10900,2500,800,10100,7900,12900,16000,4700,11300,439580,426070,8568510,4569076,0,0,0,0,0,
600036.SH,600036,20251209,130118000,431700,200,8632,48576,0,,,28422830,1224087976,433000,428300,431800,431800,431800,431900,432000,432100,432200,432300,432400,432500,432600,432700,20800,20700,19900,22300,11800,9600,17400,51300,57600,21400,431500,431400,431300,431200,431100,431000,430900,430800,430700,430600,3400,10900,2500,800,10100,7900,12900,16000,4700,11300,439580,426070,8566510,4567876,0,0,0,0,0,
600036.SH,600036,20251209,130121000,431800,3600,155442,48583,0,,,28426430,1224243418,433000,428300,431800,431800,431800,431900,432000,432100,432200,432300,432400,432500,432600,432700,16300,20700,19900,22300,11800,9600,17400,51300,57600,21400,431600,431500,431400,431300,431200,431100,431000,430900,430800,430700,500,6400,10900,2200,700,10100,7900,13200,16000,5200,439580,426080,8562010,4575076,0,0,0,0,0,
600036.SH,600036,20251209,130124000,431800,18500,798829,48618,0,,,28444930,1225042247,433000,428300,431800,431800,431900,432000,432100,432200,432300,432400,432500,432600,432700,432800,20700,20100,22300,11800,9600,17400,51300,57600,21400,56100,431800,431700,431600,431500,431400,431300,431200,431100,431000,430900,400,1200,4400,4600,10900,1800,300,10100,7900,12800,439600,426080,8545910,4577576,0,0,0,0,0,
600036.SH,600036,20251209,130127000,431800,1200,51826,48621,0,,,28446130,1225094073,433000,428300,431800,431800,431900,432000,432100,432200,432300,432400,432500,432600,432700,432800,19700,30500,22300,11400,9600,17400,51300,57600,21400,56100,431800,431700,431600,431500,431400,431300,431200,431100,431000,430900,1700,1300,4600,4600,11400,1400,500,9700,8400,12300,439590,426080,8555110,4577976,0,0,0,0,0,
600036.SH,600036,20251209,130130000,431900,20100,868115,48635,0,,,28466230,1225962188,433000,428300,431800,431800,432000,432100,432200,432300,432400,432500,432600,432700,432800,432900,32700,22300,11400,9600,17400,51300,57600,21400,57100,69600,431900,431800,431700,431600,431500,431400,431300,431200,431100,431000,200,1300,1700,4600,4600,11400,1400,2900,9900,8400,439600,426090,8538610,4580776,0,0,0,0,0,
600036.SH,600036,20251209,130133000,432000,11300,488160,48654,0,,,28477530,1226450348,433000,428300,431800,431800,432000,432100,432200,432300,432400,432500,432600,432700,432800,432900,21400,22300,11400,9600,17400,51300,57600,21400,57100,69600,431900,431800,431700,431600,431500,431400,431300,431200,431100,431000,3300,600,1700,4600,5900,11400,1400,2900,8700,8400,439610,426090,8527310,4582976,0,0,0,0,0,
600036.SH,600036,20251209,130136000,431900,9000,388797,48683,0,,,28486530,1226839145,433000,428300,431800,431800,432000,432100,432200,432300,432400,432500,432600,432700,432800,432900,10600,22300,11400,10500,17400,51300,57600,21400,57100,69600,431900,431800,431700,431600,431500,431400,431300,431200,431100,431000,3500,800,1700,4600,5900,11400,1800,2900,8700,9400,439620,426090,8520310,4581476,0,0,0,0,0,
600036.SH,600036,20251209,130139000,431900,2000,86389,48690,0,,,28488530,1226925534,433000,428300,431800,431800,432000,432100,432200,432300,432400,432500,432600,432700,432800,432900,9700,22300,11400,10500,17400,51400,57600,21400,57100,69600,431900,431800,431700,431600,431500,431400,431300,431200,431100,431000,3100,1200,1200,4200,5900,11400,1800,2900,8700,9400,439620,426090,8519310,4580676,0,0,0,0,0,
600036.SH,600036,20251209,130142000,432000,1600,69120,48692,0,,,28490130,1226994654,433000,428300,431800,431800,432000,432100,432200,432300,432400,432500,432600,432700,432800,432900,15600,22300,11400,10500,17400,51400,57600,21400,57100,69300,431900,431800,431700,431600,431500,431400,431300,431200,431100,431000,3900,1200,1200,3600,5900,11400,1800,2900,8700,9400,439620,426090,8526110,4581276,0,0,0,0,0,
600036.SH,600036,20251209,130145000,432000,700,30238,48694,0,,,28490830,1227024892,433000,428300,431800,431800,432000,432100,432200,432300,432400,432500,432600,432700,432800,432900,16000,22300,11400,10500,17400,51500,57600,21400,57100,69300,431900,431800,431700,431600,431500,431400,431300,431200,431100,431000,3700,1200,1200,3600,4700,11400,1800,2900,8700,13100,439620,426090,8526610,4583776,0,0,0,0,0,
600036.SH,600036,20251209,130148000,431900,4000,172797,48698,0,,,28494830,1227197689,433000,428300,431800,431800,432000,432100,432200,432300,432400,432500,432600,432700,432800,432900,12300,22400,11400,10500,17400,51500,57600,21400,57100,69300,431900,431800,431700,431600,431500,431400,431300,431200,431100,431000,3400,1700,1300,3600,4700,11400,3000,2900,8700,14600,439620,426100,8523510,4586776,0,0,0,0,0,
600036.SH,600036,20251209,130151000,432000,4300,185747,48702,0,,,28499130,1227383436,433000,428300,431800,431800,432000,432100,432200,432300,432400,432500,432600,432700,432800,432900,13300,22400,11400,10500,17400,51500,57600,21400,57100,69300,431900,431800,431700,431600,431500,431400,431300,431200,431100,431000,2100,1800,1300,3400,4700,11400,3000,2900,8700,14600,439620,426090,8524310,4586476,0,0,0,0,0,
600036.SH,600036,20251209,130154000,431900,1800,77743,48716,0,,,28500930,1227461179,433000,428300,431800,431800,432000,432100,432200,432300,432400,432500,432600,432700,432800,432900,13300,22400,11400,10500,17400,51500,57600,21400,57100,69300,431900,431800,431700,431600,431500,431400,431300,431200,431100,431000,400,1800,1300,3400,4700,11400,5100,2900,8700,14600,439620,426090,8523810,4586976,0,0,0,0,0,
600036.SH,600036,20251209,130157000,431900,1900,82064,48720,0,,,28502830,1227543243,433000,428300,431800,431800,432000,432100,432200,432300,432400,432500,432600,432700,432800,432900,21700,22500,11400,10500,17400,51500,57600,21400,57100,69300,431900,431800,431700,431600,431500,431400,431300,431200,431100,431000,1100,1800,1300,3800,5100,11400,5100,2900,8700,14600,439610,426100,8533410,4589176,0,0,0,0,0,
600036.SH,600036,20251209,130200000,431900,100,4319,48721,0,,,28502930,1227547562,433000,428300,431800,431800,432000,432100,432200,432300,432400,432500,432600,432700,432800,432900,21800,22500,11700,10500,17400,51500,57600,21400,57100,69800,431900,431800,431700,431600,431500,431400,431300,431200,431100,431000,1000,1800,1300,3800,6300,11400,3900,2900,8700,14600,439610,426100,8534310,4589076,0,0,0,0,0,
600036.SH,600036,20251209,130203000,432000,2000,86384,48729,0,,,28504930,1227633946,433000,428300,431800,431800,432000,432100,432200,432300,432400,432500,432600,432700,432800,432900,21600,22500,11700,10500,17400,51500,57600,21400,58100,69800,431900,431800,431700,431600,431500,431400,431300,431200,431100,431000,2200,3100,1300,3800,9100,11400,3900,2900,8700,14600,439610,426100,8535110,4594376,0,0,0,0,0,
600036.SH,600036,20251209,130206000,431900,1300,56158,48733,0,,,28506230,1227690104,433000,428300,431800,431800,432000,432100,432200,432300,432400,432500,432600,432700,432800,432900,21900,22600,11700,10500,17400,52000,57600,21400,58200,69800,431900,431800,431700,431600,431500,431400,431300,431200,431100,431000,2000,3100,1300,3800,9100,11400,3900,2900,8700,14600,439610,426100,8537610,4594176,0,0,0,0,0,
600036.SH,600036,20251209,130209000,431900,600,25914,48736,0,,,28506830,1227716018,433000,428300,431800,431800,432000,432100,432200,432300,432400,432500,432600,432700,432800,432900,22400,22600,11700,12500,17400,52000,57600,21400,58200,69800,431900,431800,431700,431600,431500,431400,431300,431200,431100,431000,11600,5400,1300,3800,9100,11400,3900,2900,8700,14600,439600,426120,8540210,4604576,0,0,0,0,0,
600036.SH,600036,20251209,130212000,432000,7800,336959,48745,0,,,28514630,1228052977,433000,428300,431800,431800,432000,432100,432200,432300,432400,432500,432600,432700,432800,432900,12500,22600,11700,12500,17400,51800,57600,21400,58200,69800,431900,431800,431700,431600,431500,431400,431300,431200,431100,431000,12200,5900,800,3400,9100,11400,3900,2900,8700,14600,439620,426120,8531310,4605476,0,0,0,0,0,
600036.SH,600036,20251209,130215000,432000,0,0,48745,0,,,28514630,1228052977,433000,428300,431800,431800,432000,432100,432200,432300,432400,432500,432600,432700,432800,432900,13700,22600,11700,12500,17400,51800,57600,21400,58200,69800,431900,431800,431700,431600,431500,431400,431300,431200,431100,431000,12400,5900,800,3400,9100,11400,3900,2900,8700,14600,439620,426120,8532510,4605676,0,0,0,0,0,
600036.SH,600036,20251209,130218000,432000,1700,73439,48751,0,,,28516330,1228126416,433000,428300,431800,431800,432000,432100,432200,432300,432400,432500,432600,432700,432800,432900,12100,22600,11700,12500,17400,51800,57600,21400,58200,69800,431900,431800,431700,431600,431500,431400,431300,431200,431100,431000,12300,5900,800,3400,9100,13400,3900,2900,8700,14600,439620,426120,8533410,4607576,0,0,0,0,0,
600036.SH,600036,20251209,130221000,432000,100,4320,48752,0,,,28516430,1228130736,433000,428300,431800,431800,432000,432100,432200,432300,432400,432500,432600,432700,432800,432900,36800,22600,11700,12500,17400,51800,57800,21400,58200,69800,431900,431800,431700,431600,431500,431400,431300,431200,431100,431000,12400,5900,800,3400,9100,13400,3900,2900,8700,14600,439590,426120,8559510,4607376,0,0,0,0,0,
600036.SH,600036,20251209,130224000,432100,91800,3965914,48803,0,,,28608230,1232096650,433000,428300,431800,431800,432100,432200,432300,432400,432500,432600,432700,432800,432900,433000,8400,11700,12500,17400,51800,57800,21400,58200,69800,261500,432000,431900,431800,431700,431600,431500,431400,431300,431200,431100,7500,14000,5900,700,3400,9000,13400,3900,2900,8700,439640,426130,8512210,4616576,0,0,0,0,0,
600036.SH,600036,20251209,130227000,432000,4500,194427,48811,0,,,28612730,1232291077,433000,428300,431800,431800,432100,432200,432300,432400,432500,432600,432700,432800,432900,433000,4500,11700,12500,17700,51700,57800,21400,58200,69800,261500,432000,431900,431800,431700,431600,431500,431400,431300,431200,431100,9700,4400,6400,700,2500,9000,13400,3900,2900,8700,439640,426120,8509010,4608076,0,0,0,0,0,
600036.SH,600036,20251209,130230000,432100,20700,894566,48843,0,,,28633430,1233185643,433000,428300,431800,431800,432100,432300,432400,432500,432600,432700,432800,432900,433000,433100,27100,13900,17700,52200,57800,21400,58200,69800,261600,47700,432000,431900,431800,431700,431600,431500,431400,431300,431200,431100,11000,4300,6400,600,2500,9000,13400,3900,2900,8700,439630,426120,8521910,4609576,0,0,0,0,0,
600036.SH,600036,20251209,130233000,432100,2500,108025,48844,0,,,28635930,1233293668,433000,428300,431800,431800,432100,432300,432400,432500,432600,432700,432800,432900,433000,433100,35300,13900,17700,52300,57800,21400,58200,69800,261600,47700,432000,431900,431800,431700,431600,431500,431400,431300,431200,431100,11400,4600,6400,200,2500,9000,13400,3900,2900,8700,439620,426130,8531510,4609776,0,0,0,0,0,
600036.SH,600036,20251209,130236000,432000,30000,1296179,48861,0,,,28665930,1234589847,433000,428300,431800,431800,432000,432100,432300,432400,432500,432600,432700,432800,432900,433000,1600,17400,13900,17700,52300,57800,21400,59000,69800,261600,431900,431800,431700,431600,431500,431400,431300,431200,431100,431000,4700,6200,200,2500,9000,13400,3900,2900,8700,14500,439630,426110,8514010,4594176,0,0,0,0,0,
600036.SH,600036,20251209,130239000,432000,2400,103673,48866,0,,,28668330,1234693520,433000,428300,431800,431800,432000,432100,432300,432400,432500,432600,432700,432800,432900,433000,5800,15800,14100,17700,52300,57800,21400,59000,69800,261600,431900,431800,431700,431600,431500,431400,431300,431200,431100,431000,4200,6200,200,2500,9000,13400,3900,2900,8700,14500,439630,426110,8516810,4594176,0,0,0,0,0,
600036.SH,600036,20251209,130242000,432000,1900,82077,48875,0,,,28670230,1234775597,433000,428300,431800,431800,432000,432100,432300,432400,432500,432600,432700,432800,432900,433000,4200,15800,14100,17700,51200,57800,21400,59000,69800,261600,431900,431800,431700,431600,431500,431400,431300,431200,431100,431000,4900,6200,200,2500,9000,13400,3900,2900,8700,14500,439630,426110,8515710,4594876,0,0,0,0,0,
600036.SH,600036,20251209,130245000,432100,11800,509761,48883,0,,,28682030,1235285358,433000,428300,431800,431800,432100,432300,432400,432500,432600,432700,432800,432900,433000,433100,13700,13600,17700,51200,57800,21900,59000,69700,261700,47700,431900,431800,431700,431600,431500,431400,431300,431200,431100,431000,6800,6200,200,2500,9000,13400,3900,2900,8700,14500,439640,426110,8510410,4596776,0,0,0,0,0,
600036.SH,600036,20251209,130248000,432000,18900,816488,48887,0,,,28700930,1236101846,433000,428300,431800,431800,432100,432300,432400,432500,432600,432700,432800,432900,433000,433100,12200,13600,17700,51200,57900,21900,59000,69700,261700,47700,431900,431800,431700,431600,431500,431400,431300,431200,431100,431000,16400,4800,200,2500,9000,13800,4300,3300,8700,14500,439640,426120,8503010,4606176,0,0,0,0,0,
600036.SH,600036,20251209,130251000,432000,4400,190080,48889,0,,,28705330,1236291926,433000,428300,431800,431800,432000,432100,432300,432400,432500,432600,432700,432800,432900,433000,100,17400,15700,17700,51200,57900,21900,59000,69700,261700,431900,431800,431700,431600,431500,431400,431300,431200,431100,431000,16400,4800,200,2500,9000,13800,4300,3300,9700,14500,439640,426120,8511910,4608476,0,0,0,0,0,
600036.SH,600036,20251209,130254000,432000,3100,133936,48901,0,,,28708430,1236425862,433000,428300,431800,431800,432000,432100,432300,432400,432500,432600,432700,432800,432900,433000,500,15800,15700,17700,51800,58400,21900,59000,69700,261700,431900,431800,431700,431600,431500,431400,431300,431200,431100,431000,16500,4800,200,2500,9000,13800,4300,3300,10700,14500,439640,426130,8513310,4609576,0,0,0,0,0,
600036.SH,600036,20251209,130257000,432000,6000,259243,48909,0,,,28714430,1236685105,433000,428300,431800,431800,432000,432100,432200,432300,432400,432500,432600,432700,432800,432900,300,11100,500,15800,17700,51900,58400,26400,59000,69700,431900,431800,431700,431600,431500,431400,431300,431200,431100,431000,16900,4800,900,3300,8100,13400,3900,3900,10700,19100,439640,426130,8514110,4614976,0,0,0,0,0,
600036.SH,600036,20251209,130300000,431900,500,21597,48913,0,,,28714930,1236706702,433000,428300,431800,431800,432000,432100,432200,432300,432400,432500,432600,432700,432800,432900,100,11100,1300,15800,17700,51900,58400,26400,59000,71700,431900,431800,431700,431600,431500,431400,431300,431200,431100,431000,16600,4800,900,3300,8100,13400,3900,3900,10700,19100,439640,426130,8515910,4614276,0,0,0,0,0,
600036.SH,600036,20251209,130303000,432000,61600,2662070,48963,0,,,28776530,1239368772,433000,428300,431800,431800,432100,432200,432300,432400,432500,432600,432700,432800,432900,433000,2100,1600,30900,8800,51900,58900,26400,59000,71700,261700,431900,431800,431700,431600,431500,431400,431300,431200,431100,431000,12200,4800,900,3300,8600,13400,3900,3900,10700,19100,439640,426130,8515610,4609176,0,0,0,0,0,
600036.SH,600036,20251209,130306000,432000,55800,2411745,48998,0,,,28832330,1241780517,433000,428300,431800,431800,432200,432300,432400,432500,432600,432700,432800,432900,433000,433100,1300,7400,4000,52000,58300,26400,59000,71700,261600,47700,432000,431900,431800,431700,431600,431500,431400,431300,431200,431100,2100,1800,4800,500,2500,8600,13400,3900,3900,10700,439660,426110,8484810,4600876,0,0,0,0,0,
600036.SH,600036,20251209,130309000,432100,21100,911545,49013,0,,,28853430,1242692062,433000,428300,431800,431800,432000,432100,432200,432300,432400,432500,432600,432700,432800,432900,100,600,5200,7400,4000,51800,58300,26400,59000,71700,431900,431800,431700,431600,431500,431400,431300,431200,431100,431000,1200,4800,500,3500,8600,13400,3900,3900,10700,19100,439660,426110,8489410,4599176,0,0,0,0,0,
600036.SH,600036,20251209,130312000,431800,6300,272122,49033,0,,,28859730,1242964184,433000,428300,431800,431800,432100,432200,432300,432400,432500,432600,432700,432800,432900,433000,2100,2300,7400,4000,51800,58400,26400,59000,71700,261600,431800,431700,431600,431500,431400,431300,431200,431100,431000,430900,1800,500,4200,9000,13800,4300,3900,10700,19100,15700,439660,426110,8494910,4596176,0,0,0,0,0,
600036.SH,600036,20251209,130315000,432000,500,21597,49037,0,,,28860230,1242985781,433000,428300,431800,431800,432100,432200,432300,432400,432500,432600,432700,432800,432900,433000,2900,1900,7400,4000,52600,58400,26400,59000,72200,261600,431800,431700,431600,431500,431400,431300,431200,431100,431000,430900,13100,4100,4300,7800,13800,5300,3900,10700,19100,15700,439660,426140,8497410,4624076,0,0,0,0,0,
600036.SH,600036,20251209,130318000,431800,1600,69118,49040,0,,,28861830,1243054899,433000,428300,431800,431800,432100,432200,432300,432400,432500,432600,432700,432800,432900,433000,5700,2400,7400,6000,52600,58400,26400,59000,72200,261600,431800,431700,431600,431500,431400,431300,431200,431100,431000,430900,13000,4100,4300,7800,13800,5300,3900,10700,19100,15700,439650,426140,8507710,4623976,0,0,0,0,0,
600036.SH,600036,20251209,130321000,432100,2800,120958,49045,0,,,28864630,1243175857,433000,428300,431800,431800,432000,432100,432200,432300,432400,432500,432600,432700,432800,432900,3200,5800,2400,7400,7400,53200,58400,26400,59000,71700,431800,431700,431600,431500,431400,431300,431200,431100,431000,430900,12600,4100,4300,7800,13800,5300,3900,10700,19100,15700,439640,426140,8515610,4623776,0,0,0,0,0,
600036.SH,600036,20251209,130324000,431900,6000,259173,49059,0,,,28870630,1243435030,433000,428300,431800,431800,432100,432200,432300,432400,432500,432600,432700,432800,432900,433000,3100,2400,7400,8400,53200,58400,26400,59000,71700,261300,432000,431900,431800,431700,431600,431500,431400,431300,431200,431100,8600,600,14100,4900,4700,7400,13400,4900,3900,10700,439650,426150,8509910,4634476,0,0,0,0,0,
600036.SH,600036,20251209,130327000,432000,500,21601,49062,0,,,28871130,1243456631,433000,428300,431800,431800,432100,432200,432300,432400,432500,432600,432700,432800,432900,433000,3200,2400,7400,9600,53600,58300,26400,59000,72000,263300,432000,431900,431800,431700,431600,431500,431400,431300,431200,431100,10500,600,13900,4900,4700,7400,13400,4900,3900,10700,439640,426150,8513710,4636176,0,0,0,0,0,
600036.SH,600036,20251209,130330000,432100,1500,64808,49066,0,,,28872630,1243521439,433000,428300,431800,431800,432100,432200,432300,432400,432500,432600,432700,432800,432900,433000,3400,2400,8000,9600,53100,58300,26400,59000,72000,263300,432000,431900,431800,431700,431600,431500,431400,431300,431200,431100,10000,300,13900,4900,4700,7400,13400,4900,3900,10700,439640,426150,8514010,4634376,0,0,0,0,0,
600036.SH,600036,20251209,130333000,432000,9200,397455,49079,0,,,28881830,1243918894,433000,428300,431800,431800,432100,432200,432300,432400,432500,432600,432700,432800,432900,433000,13400,2500,8000,9700,52700,58300,26400,59000,72000,263500,432000,431900,431800,431700,431600,431500,431400,431300,431200,431100,12500,300,3800,4900,4700,7400,13400,4900,3900,10700,439630,426140,8524310,4626776,0,0,0,0,0,
600036.SH,600036,20251209,130336000,432000,4400,190109,49091,0,,,28886230,1244109003,433000,428300,431800,431800,432100,432200,432300,432400,432500,432600,432700,432800,432900,433000,10500,2500,8000,9700,52700,58300,26400,59000,75000,263500,432000,431900,431800,431700,431600,431500,431400,431300,431200,431100,11500,300,4200,4900,4700,7400,13400,4900,3900,10700,439630,426140,8525410,4624976,0,0,0,0,0,
600036.SH,600036,20251209,130339000,432100,11300,488267,49101,0,,,28897530,1244597270,433000,428300,431800,431800,432200,432300,432400,432500,432600,432700,432800,432900,433000,433100,2500,6400,9700,52700,58300,26400,59000,75000,264200,47700,432100,432000,431900,431800,431700,431600,431500,431400,431300,431200,83000,10900,300,3500,5400,4700,7400,12900,4900,3900,439650,426240,8511010,4706676,0,0,0,0,0,
600036.SH,600036,20251209,130342000,432400,3800,164251,49113,0,,,28901330,1244761521,433000,428300,431800,431800,432300,432400,432500,432600,432700,432800,432900,433000,433100,433200,100,7100,54900,57700,26400,59000,75000,264200,44700,68000,432200,432100,432000,431900,431800,431700,431600,431500,431400,431300,1700,83400,13200,300,3400,4600,4300,7400,12900,4900,439660,426250,8499310,4709776,0,0,0,0,0,
600036.SH,600036,20251209,130345000,432300,4000,172956,49130,0,,,28905330,1244934477,433000,428300,431800,431800,432400,432500,432600,432700,432800,432900,433000,433100,433200,433300,1000,54900,57700,26400,59100,75000,265200,44700,68000,62400,432300,432200,432100,432000,431800,431700,431600,431500,431400,431300,800,3300,83400,3500,3400,4600,1800,6000,12900,4900,439660,426230,8493210,4698276,0,0,0,0,0,
600036.SH,600036,20251209,130348000,432300,4300,185892,49135,0,,,28909630,1245120369,433000,428300,431800,431800,432300,432400,432500,432600,432700,432800,432900,433000,433100,433200,100,2000,54900,57800,26400,59100,75000,265700,44700,68000,432200,432100,432000,431800,431700,431600,431500,431400,431300,431200,12300,83700,3000,3400,4300,2300,6000,12900,4900,3400,439660,426240,8496510,4701876,0,0,0,0,0,
600036.SH,600036,20251209,130351000,432300,10100,436623,49139,0,,,28919730,1245556992,433000,428300,431800,431800,432400,432500,432600,432700,432800,432900,433000,433100,433200,433300,4000,54900,57800,26400,59100,75000,265700,44700,68000,63000,432300,432200,432100,432000,431800,431700,431600,431500,431400,431300,800,13200,83700,3000,3400,4300,2300,6000,12900,4900,439660,426240,8498410,4703576,0,0,0,0,0,
600036.SH,600036,20251209,130354000,432200,1500,64839,49142,0,,,28921230,1245621831,433000,428300,431800,431800,432300,432400,432500,432600,432700,432800,432900,433000,433100,433200,2200,5600,54900,58300,26400,59100,75000,265700,44700,68000,432200,432100,432000,431800,431700,431600,431500,431400,431300,431200,13700,83700,2600,3400,4300,2300,6000,12900,4900,3400,439650,426240,8502710,4702876,0,0,0,0,0,
600036.SH,600036,20251209,130357000,432300,2400,103747,49148,0,,,28923630,1245725578,433000,428300,431800,431800,432300,432400,432500,432600,432700,432800,432900,433000,433100,433200,900,8600,51900,58300,26400,59600,75000,265100,44700,68000,432200,432100,432000,431800,431700,431600,431500,431400,431300,431200,13100,83700,7200,3400,4300,2900,6000,12900,4900,3400,439660,426250,8491610,4707276,0,0,0,0,0,
600036.SH,600036,20251209,130400000,432300,1900,82137,49154,0,,,28925530,1245807715,433000,428300,431800,431800,432400,432500,432600,432700,432800,432900,433000,433100,433200,433300,9400,51900,58300,36400,59600,75000,265100,44700,68000,63000,432300,432200,432100,432000,431800,431700,431600,431500,431400,431300,16800,13600,83700,7200,3400,4300,2900,6400,12900,4900,439650,426270,8500510,4724876,0,0,0,0,0,
600036.SH,600036,20251209,130403000,432400,11900,514533,49173,0,,,28937430,1246322248,433000,428300,431800,431800,432500,432600,432700,432800,432900,433000,433100,433200,433300,433400,51900,58300,36400,60400,75000,265200,44700,67500,63000,95200,432400,432300,432200,432100,432000,431800,431700,431600,431500,431400,1500,18400,4400,83700,7200,3400,2000,2900,6400,12900,439660,426260,8491810,4716176,0,0,0,0,0,
600036.SH,600036,20251209,130406000,432400,62000,2681479,49232,0,,,28999430,1249003727,433000,428300,431800,431800,432600,432700,432800,432900,433000,433100,433200,433300,433400,433500,57700,36400,61000,75000,265200,44700,67500,63000,95200,84475,432400,432300,432200,432100,432000,431800,431700,431600,431500,431400,400,19100,4300,85900,5800,3400,1500,3400,7700,12900,439700,426260,8442010,4717476,0,0,0,0,0,
600036.SH,600036,20251209,130409000,432400,4600,198928,49248,0,,,29004030,1249202655,433000,428300,431800,431800,432500,432600,432700,432800,432900,433000,433100,433200,433300,433400,100,57700,36400,61100,75000,265200,44700,67500,63000,95200,432400,432300,432200,432100,432000,431800,431700,431600,431500,431400,3600,31800,4300,85900,5800,2100,300,3400,7700,12900,439700,426260,8442210,4715476,0,0,0,0,0,
600036.SH,600036,20251209,130412000,432400,5800,250828,49256,0,,,29009830,1249453483,433000,428300,431800,431800,432500,432600,432700,432800,432900,433000,433100,433200,433300,433400,800,56000,36400,61100,76600,265000,44700,67500,63000,95200,432400,432300,432200,432100,432000,431800,431700,431600,431500,431400,400,31800,4300,85900,5800,2100,300,3400,7700,12900,439700,426260,8443210,4712576,0,0,0,0,0,
600036.SH,600036,20251209,130415000,432400,11800,510260,49264,0,,,29021630,1249963743,433000,428300,431800,431800,432500,432600,432700,432800,432900,433000,433100,433200,433300,433400,18900,58600,36400,61100,78600,265000,44700,67500,63000,95200,432400,432300,432200,432100,432000,431800,431700,431600,431500,431400,3300,19300,3900,85900,6100,2100,300,3400,7700,12900,439680,426240,8465110,4701876,0,0,0,0,0,
600036.SH,600036,20251209,130418000,432400,3400,147017,49266,0,,,29025030,1250110760,433000,428300,431800,431800,432400,432500,432600,432700,432800,432900,433000,433100,433200,433300,10000,25100,58600,36900,61100,78800,265000,44700,67500,63000,432300,432200,432100,432000,431800,431700,431600,431500,431400,431300,19300,3400,85900,6100,2100,300,3400,8700,12900,2400,439670,426240,8482010,4703076,0,0,0,0,0,
600036.SH,600036,20251209,130421000,432300,9800,423656,49273,0,,,29034830,1250534416,433000,428300,431800,431800,432400,432500,432600,432700,432800,432900,433000,433100,433200,433300,15200,27200,58600,36900,61100,78700,265000,45700,67500,63000,432300,432200,432100,432000,431800,431700,431600,431500,431400,431300,9700,3400,85900,6100,2100,300,3400,8700,12900,2400,439680,426230,8494210,4692876,0,0,0,0,0,
600036.SH,600036,20251209,130424000,432400,11200,484185,49286,0,,,29046030,1251018601,433000,428300,431800,431800,432400,432500,432600,432700,432800,432900,433000,433100,433200,433300,15000,29400,59600,36900,60100,79200,265000,45700,67500,63000,432200,432100,432000,431900,431800,431700,431600,431500,431400,431300,3400,85900,6100,500,2100,400,3400,8700,12900,2400,439670,426220,8495310,4680776,0,0,0,0,0,
600036.SH,600036,20251209,130427000,432200,1100,47557,49290,0,,,29047130,1251066158,433000,428300,431800,431800,432400,432500,432600,432700,432800,432900,433000,433100,433200,433300,16000,34400,59600,31900,60100,79700,265000,45700,67500,63000,432200,432100,432000,431900,431800,431700,431600,431500,431400,431300,12900,85900,5700,500,2100,400,3400,9100,12900,2400,439670,426230,8496410,4689376,0,0,0,0,0,
600036.SH,600036,20251209,130430000,432200,0,0,49290,0,,,29047130,1251066158,433000,428300,431800,431800,432400,432500,432600,432700,432800,432900,433000,433100,433200,433300,16500,57900,59600,31900,60100,79700,265200,45700,67500,63000,432200,432100,432000,431900,431800,431700,431600,431500,431400,431300,12900,85900,5700,500,4400,400,3400,9100,12900,2400,439650,426230,8520710,4690476,0,0,0,0,0,
600036.SH,600036,20251209,130433000,432400,5900,255098,49297,0,,,29053030,1251321256,433000,428300,431800,431800,432300,432400,432500,432600,432700,432800,432900,433000,433100,433200,200,14200,59400,59600,31900,59800,79700,265200,45700,67500,432200,432100,432000,431900,431800,431700,431600,431500,431400,431300,12600,85900,5700,1000,4400,400,2900,9100,12900,2400,439650,426230,8520310,4690576,0,0,0,0,0,
600036.SH,600036,20251209,130436000,432200,1800,77821,49305,0,,,29054830,1251399077,433000,428300,431800,431800,432300,432400,432500,432600,432700,432800,432900,433000,433100,433200,100,24000,62900,59600,31900,59700,79700,265200,45700,67500,432200,432100,432000,431900,431800,431700,431600,431500,431400,431300,12600,85900,5800,1000,4400,400,2900,9100,12900,2400,439640,426230,8534410,4690176,0,0,0,0,0,
600036.SH,600036,20251209,130439000,432300,5200,224761,49320,0,,,29060030,1251623838,433000,428300,431800,431800,432300,432400,432500,432600,432700,432800,432900,433000,433100,433200,2200,23500,63000,59600,31900,59700,79700,265600,45700,67500,432200,432100,432000,431900,431800,431700,431600,431500,431400,431300,12600,85900,4200,1000,4400,400,2900,9100,12900,2400,439640,426230,8537110,4688476,0,0,0,0,0,
600036.SH,600036,20251209,130442000,432200,11900,514434,49331,0,,,29071930,1252138272,433000,428300,431800,431800,432400,432500,432600,432700,432800,432900,433000,433100,433200,433300,23500,64000,60100,31900,59100,78700,265600,45700,67500,63400,432200,432100,432000,431900,431800,431700,431600,431500,431400,431300,12300,85900,4200,1000,4400,400,2900,9100,12900,2400,439640,426230,8535210,4687376,0,0,0,0,0,
600036.SH,600036,20251209,130445000,432200,3000,129694,49336,0,,,29074930,1252267966,433000,428300,431800,431800,432300,432400,432500,432600,432700,432800,432900,433000,433100,433200,200,22500,63900,60600,31900,59100,78700,265600,45700,67500,432200,432100,432000,431900,431800,431700,431600,431500,431400,431300,12900,85900,4400,1000,5400,400,2900,9100,10900,2400,439640,426230,8537210,4687176,0,0,0,0,0,
600036.SH,600036,20251209,130448000,432300,700,30260,49343,0,,,29075630,1252298226,433000,428300,431800,431800,432300,432400,432500,432600,432700,432800,432900,433000,433100,433200,100,22000,63800,60600,32100,59400,80200,265600,45700,67500,432200,432100,432000,431900,431800,431700,431600,431500,431400,431300,13500,85900,4400,1000,4700,400,2900,9100,10900,2400,439640,426230,8539110,4686376,0,0,0,0,0,
600036.SH,600036,20251209,130451000,432300,2100,90781,49348,0,,,29077730,1252389007,433000,428300,431800,431800,432300,432400,432500,432600,432700,432800,432900,433000,433100,433200,6100,22500,65200,60600,28400,59400,80200,265600,45700,67500,432200,432100,432000,431900,431800,431700,431600,431500,431400,431300,13400,85900,4400,1000,4700,400,2900,9100,10900,2400,439630,426230,8547310,4690876,0,0,0,0,0,
600036.SH,600036,20251209,130454000,432400,8400,363143,49360,0,,,29086130,1252752150,433000,428300,431800,431800,432400,432500,432600,432700,432800,432900,433000,433100,433200,433300,21300,65200,60600,28400,59400,80200,265600,45700,67500,64400,432300,432200,432100,432000,431900,431800,431700,431600,431500,431400,76700,22000,85900,4400,1000,4700,400,2900,9100,10900,439640,426340,8540110,4775876,0,0,0,0,0,
600036.SH,600036,20251209,130457000,432300,89300,3860531,49384,0,,,29175430,1256612681,433000,428300,431800,431800,432300,432400,432500,432600,432700,432800,432900,433000,433100,433200,12400,12300,65200,60600,28400,59400,80200,265800,45700,67500,432200,432100,432000,431900,431800,431700,431600,431500,431400,431300,21900,86400,4400,500,4700,400,2900,9100,10900,2400,439640,426240,8541210,4699076,0,0,0,0,0,
600036.SH,600036,20251209,130500000,432200,2400,103728,49385,0,,,29177830,1256716409,433000,428300,431800,431800,432300,432400,432500,432600,432700,432800,432900,433000,433100,433200,12400,12300,65200,60800,28400,59400,80200,266400,45700,67500,432200,432100,432000,431900,431800,431700,431600,431500,431400,431300,20500,86400,4400,500,4700,400,2900,9100,10900,2400,439640,426240,8542110,4697576,0,0,0,0,0,
600036.SH,600036,20251209,130503000,432300,7300,315527,49393,0,,,29185130,1257031936,433000,428300,431800,431800,432300,432400,432500,432600,432700,432800,432900,433000,433100,433200,10400,13100,65300,60800,28400,59400,81200,266400,45700,67500,432200,432100,432000,431900,431800,431700,431600,431500,431400,431300,15800,86400,4400,500,4700,400,2900,9100,10900,2400,439640,426240,8542010,4693876,0,0,0,0,0,
600036.SH,600036,20251209,130506000,432200,26000,1123720,49411,0,,,29211130,1258155656,433000,428300,431800,431800,432200,432300,432400,432500,432600,432700,432800,432900,433000,433100,28200,11000,13900,65300,60600,28400,59400,81200,266400,45700,432100,432000,431900,431800,431700,431600,431500,431400,431300,431200,86400,4900,500,4700,400,2900,9100,10900,2400,1000,439610,426220,8571010,4678576,0,0,0,0,0,
600036.SH,600036,20251209,130509000,432100,1800,77778,49414,0,,,29212930,1258233434,433000,428300,431800,431800,432200,432300,432400,432500,432600,432700,432800,432900,433000,433100,29900,17200,13900,59000,60100,30400,59400,82400,266400,45700,432100,432000,431900,431800,431700,431600,431500,431400,431300,431200,88300,4900,500,5200,400,2900,9100,10900,2400,1000,439610,426220,8578110,4680976,0,0,0,0,0,
600036.SH,600036,20251209,130512000,432000,92800,4009850,49440,0,,,29305730,1262243284,433000,428300,431800,431800,432100,432200,432300,432400,432500,432600,432700,432800,432900,433000,6700,29300,17300,13900,60000,60100,30400,57900,82400,267200,432000,431900,431800,431700,431600,431500,431400,431300,431200,431100,1200,500,5200,1000,2900,9100,10900,2400,1000,2000,439600,426100,8585110,4589576,0,0,0,0,0,
600036.SH,600036,20251209,130515000,432100,14200,613518,49480,0,,,29319930,1262856802,433000,428300,431800,431800,432200,432300,432400,432500,432600,432700,432800,432900,433000,433100,29500,17700,14300,60000,59500,30400,57900,82400,267300,45700,432000,431900,431800,431700,431600,431500,431400,431300,431200,431100,200,200,4700,400,2900,9100,10900,2800,1000,2000,439610,426100,8579710,4587676,0,0,0,0,0,
600036.SH,600036,20251209,130518000,432100,7300,315419,49498,0,,,29327230,1263172221,433000,428300,431800,431800,432200,432300,432400,432500,432600,432700,432800,432900,433000,433100,29600,17700,4300,60000,59500,30400,57900,81900,267300,45700,432000,431900,431800,431700,431600,431500,431400,431300,431200,431100,600,1300,4700,400,16900,9200,10900,2800,1000,2000,439610,426120,8569610,4603276,0,0,0,0,0,
600036.SH,600036,20251209,130521000,432200,30000,1296597,49514,0,,,29357230,1264468818,433000,428300,431800,431800,432300,432400,432500,432600,432700,432800,432900,433000,433100,433200,17800,6200,60000,59800,30400,57900,83600,267300,45700,69900,432100,432000,431900,431800,431700,431600,431500,431400,431300,431200,100,14100,1300,5200,2100,16900,9200,10900,2400,1000,439640,426140,8544010,4618376,0,0,0,0,0,
600036.SH,600036,20251209,130524000,432000,24400,1054207,49540,0,,,29381630,1265523025,433000,428300,431800,431800,432300,432400,432500,432600,432700,432800,432900,433000,433100,433200,16100,6200,60400,59800,30400,57900,83600,267700,45700,69900,432000,431900,431800,431700,431600,431500,431400,431300,431200,431100,20600,2600,4800,2100,16900,9200,10900,2400,1000,2000,439640,426150,8544410,4625676,0,0,0,0,0,
600036.SH,600036,20251209,130527000,432000,26900,1162333,49566,0,,,29408530,1266685358,433000,428300,431800,431800,432300,432400,432500,432600,432700,432800,432900,433000,433100,433200,14200,7000,60900,59800,30400,58400,83800,267700,45700,69900,432000,431900,431800,431700,431600,431500,431400,431300,431200,431100,10400,2600,4800,2100,17000,9200,10900,2400,1000,2000,439640,426130,8528010,4615476,0,0,0,0,0,
600036.SH,600036,20251209,130530000,432300,2000,86428,49570,0,,,29410530,1266771786,433000,428300,431800,431800,432300,432400,432500,432600,432700,432800,432900,433000,433100,433200,13300,7100,61400,59800,30400,58400,83800,267600,45700,69900,432100,432000,431900,431800,431700,431600,431500,431400,431300,431200,100,9600,3000,4800,2400,17000,9200,10900,2400,1000,439640,426130,8529510,4614876,0,0,0,0,0,
600036.SH,600036,20251209,130533000,432300,10900,470898,49585,0,,,29421430,1267242684,433000,428300,431800,431800,432300,432400,432500,432600,432700,432800,432900,433000,433100,433200,14100,6600,60000,59800,30400,58400,83800,267100,45700,69900,432100,432000,431900,431800,431700,431600,431500,431400,431300,431200,13000,200,1700,5100,2400,17000,9200,10900,2400,1000,439640,426140,8531610,4617376,0,0,0,0,0,
600036.SH,600036,20251209,130536000,432100,20800,898774,49598,0,,,29442230,1268141458,433000,428300,431800,431800,432300,432400,432500,432600,432700,432800,432900,433000,433100,433200,17600,7600,60200,59800,30400,58400,83800,267100,45900,69900,432000,431900,431800,431700,431600,431500,431400,431300,431200,431100,200,1700,5100,2400,17000,6400,10900,2400,1000,2000,439640,426120,8536510,4600276,0,0,0,0,0,
600036.SH,600036,20251209,130539000,432100,1300,56161,49602,0,,,29443530,1268197619,433000,428300,431800,431800,432300,432400,432500,432600,432700,432800,432900,433000,433100,433200,16900,9000,60900,59800,30400,58400,83800,267100,45900,69900,432000,431900,431800,431700,431600,431500,431400,431300,431200,431100,3300,2100,4600,2400,17000,6400,10900,2400,1600,2000,439640,426120,8538010,4603876,0,0,0,0,0,
600036.SH,600036,20251209,130542000,432000,13100,566276,49611,0,,,29456630,1268763895,433000,428300,431800,431800,432300,432400,432500,432600,432700,432800,432900,433000,433100,433200,6400,9300,60900,60800,30400,59400,83800,267100,45900,69900,432000,431900,431800,431700,431600,431500,431400,431300,431200,431100,3300,2100,4600,2400,17000,6400,10900,2400,1600,2000,439650,426120,8530110,4603276,0,0,0,0,0,
600036.SH,600036,20251209,130545000,432200,2000,86442,49616,0,,,29458630,1268850337,433000,428300,431800,431800,432300,432400,432500,432600,432700,432800,432900,433000,433100,433200,5600,18700,60900,60800,30400,59400,83800,268200,45900,69900,432000,431900,431800,431700,431600,431500,431400,431300,431200,431100,12400,2400,4600,2400,17000,6400,10900,2400,1600,2000,439640,426130,8541010,4612676,0,0,0,0,0,
600036.SH,600036,20251209,130548000,432000,5500,237600,49632,0,,,29464130,1269087937,433000,428300,431800,431800,432200,432300,432400,432500,432600,432700,432800,432900,433000,433100,1300,15800,60700,61400,60800,30400,59400,83800,267800,45900,432000,431900,431800,431700,431600,431500,431400,431300,431200,431100,8100,2400,4600,2400,17000,6400,10900,2500,1600,3000,439600,426130,8595810,4609276,0,0,0,0,0,
600036.SH,600036,20251209,130551000,432100,5800,250651,49644,0,,,29469930,1269338588,433000,428300,431800,431800,432300,432400,432500,432600,432700,432800,432900,433000,433100,433200,13700,60700,61300,60800,30400,59400,84800,268000,45900,70400,432100,432000,431900,431800,431700,431600,431500,431400,431300,431200,900,13000,2400,5100,2400,17000,6400,10900,2500,1600,439600,426140,8582210,4615276,0,0,0,0,0,
600036.SH,600036,20251209,130554000,432200,2200,95102,49647,0,,,29472130,1269433690,433000,428300,431800,431800,432300,432400,432500,432600,432700,432800,432900,433000,433100,433200,12900,60900,59300,60800,30400,59400,85300,268200,45900,70400,432100,432000,431900,431800,431700,431600,431500,431400,431300,431200,3000,13000,2400,5100,2400,17000,6500,10900,2500,1600,439610,426140,8580310,4617476,0,0,0,0,0,
600036.SH,600036,20251209,130557000,432100,9100,393211,49656,0,,,29481230,1269826901,433000,428300,431800,431800,432200,432300,432400,432500,432600,432700,432800,432900,433000,433100,500,12900,61500,60300,60900,30400,59400,85500,268200,45900,432100,432000,431900,431800,431700,431600,431500,431400,431300,431200,6100,13100,2400,5100,2400,17600,6500,10900,2500,1000,439600,426140,8583710,4618676,0,0,0,0,0,
600036.SH,600036,20251209,130600000,432100,4000,172840,49658,0,,,29485230,1269999741,433000,428300,431800,431800,432200,432300,432400,432500,432600,432700,432800,432900,433000,433100,1100,17900,61500,60300,60800,30400,59800,85500,268200,45900,432100,432000,431900,431800,431700,431600,431500,431400,431300,431200,2100,13200,3000,5600,5200,16900,6500,10900,2500,1000,439600,426140,8591610,4617976,0,0,0,0,0,
600036.SH,600036,20251209,130603000,432200,1900,82119,49663,0,,,29487130,1270081860,433000,428300,431800,431800,432200,432300,432400,432500,432600,432700,432800,432900,433000,433100,6400,18600,51400,60900,60800,30400,59800,85500,267700,45900,432100,432000,431900,431800,431700,431600,431500,431400,431300,431200,10700,4900,3000,5600,5200,16900,6500,10900,2500,1000,439600,426140,8586810,4618376,0,0,0,0,0,
600036.SH,600036,20251209,130606000,432100,10100,436423,49675,0,,,29497230,1270518283,433000,428300,431800,431800,432200,432300,432400,432500,432600,432700,432800,432900,433000,433100,6600,17000,51400,60900,60800,20400,59800,85500,267400,45900,432100,432000,431900,431800,431700,431600,431500,431400,431300,431200,2500,5900,3000,5600,5200,17000,6500,11000,2500,1000,439610,426140,8576010,4611376,0,0,0,0,0,
600036.SH,600036,20251209,130609000,432200,32500,1404518,49695,0,,,29529730,1271922801,433000,428300,431800,431800,432300,432400,432500,432600,432700,432800,432900,433000,433100,433200,16500,51400,60900,60800,20400,59800,85500,267400,46300,70200,432200,432100,432000,431900,431800,431700,431600,431500,431400,431300,51000,700,5900,1700,5600,5200,17000,6500,11000,2500,439620,426200,8569610,4658976,0,0,0,0,0,
600036.SH,600036,20251209,130612000,432200,3800,164236,49697,0,,,29533530,1272087037,433000,428300,431800,431800,432300,432400,432500,432600,432700,432800,432900,433000,433100,433200,23700,9500,60800,60800,20700,59800,85500,267400,46300,70200,432200,432100,432000,431900,431800,431700,431600,431500,431400,431300,50300,800,6600,1600,5100,4900,17000,6500,11000,2500,439640,426200,8536710,4658076,0,0,0,0,0,
600036.SH,600036,20251209,130615000,432200,3400,146955,49702,0,,,29536930,1272233992,433000,428300,431800,431800,432300,432400,432500,432600,432700,432800,432900,433000,433100,433200,43500,8500,60800,61400,20700,59800,85500,267600,46300,70200,432200,432100,432000,431900,431800,431700,431600,431500,431400,431300,47700,1000,6600,1200,5100,4800,17000,6500,11000,2500,439630,426190,8557210,4655176,0,0,0,0,0,
600036.SH,600036,20251209,130618000,432300,30200,1305254,49716,0,,,29567130,1273539246,433000,428300,431800,431800,432300,432400,432500,432600,432700,432800,432900,433000,433100,433200,60000,9000,61100,61400,20700,59800,85500,267600,44500,70200,432200,432100,432000,431900,431800,431700,431600,431500,431400,431300,28600,1000,6600,1200,5100,4800,17000,6700,11000,2900,439610,426160,8573210,4632976,0,0,0,0,0,
600036.SH,600036,20251209,130621000,432200,31500,1361441,49731,0,,,29598630,1274900687,433000,428300,431800,431800,432300,432400,432500,432600,432700,432800,432900,433000,433100,433200,71900,11000,61100,61400,20700,59400,85500,269100,44500,70200,432200,432100,432000,431900,431800,431700,431600,431500,431400,431300,900,1000,6600,1200,5100,4800,17000,6700,11000,2900,439600,426130,8588010,4604476,0,0,0,0,0,
600036.SH,600036,20251209,130624000,432300,5000,216145,49738,0,,,29603630,1275116832,433000,428300,431800,431800,432300,432400,432500,432600,432700,432800,432900,433000,433100,433200,58600,11000,61100,61400,20700,59400,85500,270500,44500,70200,432200,432100,432000,431900,431800,431700,431600,431500,431400,431300,1700,200,6700,1200,5100,4800,17000,6700,11000,2900,439610,426130,8574910,4604476,0,0,0,0,0,
600036.SH,600036,20251209,130627000,432400,78100,3376314,49818,0,,,29681730,1278493146,433000,428300,431800,431800,432500,432600,432700,432800,432900,433000,433100,433200,433300,433400,61100,61400,20700,59400,85500,269700,44500,70200,64400,95200,432400,432300,432200,432100,432000,431900,431800,431700,431600,431500,28000,31200,12000,1400,5100,4400,5100,4800,17000,6700,439670,426220,8504510,4677276,0,0,0,0,0,
600036.SH,600036,20251209,130630000,432500,10500,454079,49827,0,,,29692230,1278947225,433000,428300,431800,431800,432500,432600,432700,432800,432900,433000,433100,433200,433300,433400,55300,60800,20700,59900,85500,270000,44500,70200,64400,95200,432400,432300,432200,432100,432000,431900,431800,431700,431600,431500,21900,900,12900,1800,5100,3900,5100,4800,16500,6700,439680,426180,8498010,4640876,0,0,0,0,0,
600036.SH,600036,20251209,130633000,432400,6000,259456,49836,0,,,29698230,1279206681,433000,428300,431800,431800,432400,432500,432600,432700,432800,432900,433000,433100,433200,433300,800,59300,60800,20700,59900,85600,270000,44500,70200,64400,432300,432200,432100,432000,431900,431800,431700,431600,431500,431400,900,2800,1800,5100,3900,5100,4800,16500,6800,11000,439670,426130,8504410,4609276,0,0,0,0,0,
600036.SH,600036,20251209,130636000,432300,4600,198886,49847,0,,,29702830,1279405567,433000,428300,431800,431800,432400,432500,432600,432700,432800,432900,433000,433100,433200,433300,100,63300,60800,20700,59900,85600,270000,44500,70200,64400,432300,432200,432100,432000,431900,431800,431700,431600,431500,431400,8400,2800,1900,4700,3900,5100,5600,16500,6800,11500,439670,426150,8508610,4617276,0,0,0,0,0,
600036.SH,600036,20251209,130639000,432400,5300,229152,49855,0,,,29708130,1279634719,433000,428300,431800,431800,432500,432600,432700,432800,432900,433000,433100,433200,433300,433400,63500,59800,20700,59900,85500,270000,44500,70200,64400,95200,432400,432300,432200,432100,432000,431900,431800,431700,431600,431500,7600,7500,2800,1900,4700,4300,5100,5600,16500,6400,439670,426150,8508310,4623376,0,0,0,0,0,
600036.SH,600036,20251209,130642000,432500,200,8650,49856,0,,,29708330,1279643369,433000,428300,431800,431800,432500,432600,432700,432800,432900,433000,433100,433200,433300,433400,64600,60400,20700,59900,83500,270100,44500,70200,64400,95200,432400,432300,432200,432100,432000,431900,431800,431700,431600,431500,8200,7500,2800,1900,4700,4300,5100,5600,16500,6400,439670,426160,8508610,4624476,0,0,0,0,0,
600036.SH,600036,20251209,130645000,432500,3400,147037,49861,0,,,29711730,1279790406,433000,428300,431800,431800,432500,432600,432700,432800,432900,433000,433100,433200,433300,433400,66000,60400,20700,60000,83600,270100,44500,70200,64400,95200,432400,432300,432200,432100,432000,431900,431800,431700,431600,431500,7600,5800,2800,1900,4700,4300,5100,5600,16500,6400,439670,426150,8510210,4622376,0,0,0,0,0,
600036.SH,600036,20251209,130648000,432400,9800,423739,49876,0,,,29721530,1280214145,433000,428300,431800,431800,432400,432500,432600,432700,432800,432900,433000,433100,433200,433300,600,71700,60400,20700,60000,85600,269800,44500,70200,64400,432300,432200,432100,432000,431900,431800,431700,431600,431500,431400,6200,2800,1900,4700,4300,2800,5600,16500,6400,11500,439660,426140,8518810,4612876,0,0,0,0,0,
600036.SH,600036,20251209,130651000,432400,16200,700642,49888,0,,,29737730,1280914787,433000,428300,431800,431800,432500,432600,432700,432800,432900,433000,433100,433200,433300,433400,58400,60600,20700,60100,85600,269800,44500,70200,64400,95200,432400,432300,432200,432100,432000,431900,431800,431700,431600,431500,8200,6200,1900,1900,5200,4300,3200,5600,16500,6400,439670,426150,8507910,4620876,0,0,0,0,0,
600036.SH,600036,20251209,130654000,432400,2800,121072,49890,0,,,29740530,1281035859,433000,428300,431800,431800,432500,432600,432700,432800,432900,433000,433100,433200,433300,433400,66400,60600,20700,60600,85800,269300,44500,70200,64400,95200,432400,432300,432200,432100,432000,431900,431800,431700,431600,431500,7300,6600,2900,200,4700,4300,2800,5600,16500,6400,439660,426150,8519410,4619176,0,0,0,0,0,
600036.SH,600036,20251209,130657000,432400,7300,315652,49897,0,,,29747830,1281351511,433000,428300,431800,431800,432400,432500,432600,432700,432800,432900,433000,433100,433200,433300,24200,69800,60600,20700,60600,85800,269300,44500,70200,64400,432300,432200,432100,432000,431900,431800,431700,431600,431500,431400,6600,2900,200,4700,4300,2800,5600,16500,6400,11500,439640,426140,8548310,4613876,0,0,0,0,0,
600036.SH,600036,20251209,130700000,432400,0,0,49897,0,,,29747830,1281351511,433000,428300,431800,431800,432400,432500,432600,432700,432800,432900,433000,433100,433200,433300,28200,70400,63200,20700,60100,85800,269300,44500,70200,64400,432300,432200,432100,432000,431900,431800,431700,431600,431500,431400,6900,2900,200,4700,4300,2800,5600,16400,6400,11500,439630,426140,8553910,4614076,0,0,0,0,0,
600036.SH,600036,20251209,130703000,432400,3800,164312,49898,0,,,29751630,1281515823,433000,428300,431800,431800,432400,432500,432600,432700,432800,432900,433000,433100,433200,433300,25400,74100,63200,20700,60100,85800,274300,44500,70200,64400,432300,432200,432100,432000,431900,431800,431700,431600,431500,431400,7900,2900,2200,4700,4300,2800,5600,16400,6400,11500,439630,426140,8559810,4617076,0,0,0,0,0,
600036.SH,600036,20251209,130706000,432400,3800,164297,49903,0,,,29755430,1281680120,433000,428300,431800,431800,432400,432500,432600,432700,432800,432900,433000,433100,433200,433300,24800,74000,63200,20700,60500,85800,274500,44500,70200,64400,432300,432200,432100,432000,431900,431800,431700,431600,431500,431400,17400,2900,2200,4700,4300,2800,5600,16400,6400,11500,439630,426160,8559710,4626276,0,0,0,0,0,
600036.SH,600036,20251209,130709000,432300,6800,293964,49917,0,,,29762230,1281974084,433000,428300,431800,431800,432400,432500,432600,432700,432800,432900,433000,433100,433200,433300,25400,75000,63200,20700,60500,86100,274700,44500,70200,64400,432300,432200,432100,432000,431900,431800,431700,431600,431500,431400,13700,2900,2200,4700,6600,2800,5600,16400,6400,11500,439630,426150,8561810,4623376,0,0,0,0,0,
600036.SH,600036,20251209,130712000,432300,800,34584,49921,0,,,29763030,1282008668,433000,428300,431800,431800,432400,432500,432600,432700,432800,432900,433000,433100,433200,433300,26400,72900,63300,20700,60500,86100,275700,44500,70200,64400,432300,432200,432100,432000,431900,431800,431700,431600,431500,431400,13900,2900,2200,4700,6600,2800,5600,16400,6400,11500,439630,426150,8562310,4623576,0,0,0,0,0,
600036.SH,600036,20251209,130715000,432300,500,21615,49922,0,,,29763530,1282030283,433000,428300,431800,431800,432400,432500,432600,432700,432800,432900,433000,433100,433200,433300,26400,72900,63300,20700,60500,86100,275700,44500,70200,64100,432300,432200,432100,432000,431900,431800,431700,431600,431500,431400,13900,2900,2300,4700,6600,2800,5600,16400,5900,11500,439630,426160,8562010,4624376,0,0,0,0,0,
600036.SH,600036,20251209,130718000,432300,9800,423654,49931,0,,,29773330,1282453937,433000,428300,431800,431800,432400,432500,432600,432700,432800,432900,433000,433100,433200,433300,33700,70900,63300,21200,60500,86100,275700,44500,70200,65600,432300,432200,432100,432000,431900,431800,431700,431600,431500,431400,4100,2900,2300,5100,6600,2800,5600,16400,5900,11500,439620,426140,8569410,4614976,0,0,0,0,0,
600036.SH,600036,20251209,130721000,432300,7800,337194,49943,0,,,29781130,1282791131,433000,428300,431800,431800,432400,432500,432600,432700,432800,432900,433000,433100,433200,433300,33700,70900,63300,21200,60800,86100,276200,44500,70200,65600,432300,432200,432100,432000,431900,431800,431700,431600,431500,431400,6500,2900,2300,4800,6600,2800,5600,16400,5900,11500,439620,426150,8571210,4617076,0,0,0,0,0,
600036.SH,600036,20251209,130724000,432400,2000,86478,49949,0,,,29783130,1282877609,433000,428300,431800,431800,432400,432500,432600,432700,432800,432900,433000,433100,433200,433300,31900,70900,63300,21200,60800,86100,276200,44500,70200,65600,432300,432200,432100,432000,431900,431800,431700,431600,431500,431400,8600,2900,2300,4800,6600,2800,5600,16400,5900,11500,439620,426150,8569910,4619176,0,0,0,0,0,
600036.SH,600036,20251209,130727000,432400,13300,575009,49960,0,,,29796430,1283452618,433000,428300,431800,431800,432400,432500,432600,432700,432800,432900,433000,433100,433200,433300,30100,71000,63500,22200,63800,86100,276500,44500,70200,65600,432300,432200,432100,432000,431900,431800,431700,431600,431500,431400,300,1100,2300,4800,6600,2800,5600,16400,5900,11500,439620,426130,8570710,4602876,0,0,0,0,0,
600036.SH,600036,20251209,130730000,432300,5500,237775,49970,0,,,29801930,1283690393,433000,428300,431800,431800,432400,432500,432600,432700,432800,432900,433000,433100,433200,433300,27700,70200,63500,22200,63800,86100,276500,44500,70200,65600,432200,432100,432000,431900,431800,431700,431600,431500,431400,431300,1100,2300,4800,6600,2800,5600,16400,5900,11500,2900,439620,426130,8567510,4602576,0,0,0,0,0,
600036.SH,600036,20251209,130733000,432300,4800,207477,49991,0,,,29806730,1283897870,433000,428300,431800,431800,432300,432400,432500,432600,432700,432800,432900,433000,433100,433200,100,27000,65800,63500,22200,63700,86100,276500,44500,70200,432200,432100,432000,431900,431800,431700,431600,431500,431400,431300,8600,2900,6300,6600,2800,5600,16400,5900,11500,2900,439610,426140,8587610,4610176,0,0,0,0,0,
600036.SH,600036,20251209,130736000,432400,4000,172958,49997,0,,,29810730,1284070828,433000,428300,431800,431800,432400,432500,432600,432700,432800,432900,433000,433100,433200,433300,24600,65900,63500,22200,63700,86100,276700,44500,70200,65600,432200,432100,432000,431900,431800,431700,431600,431500,431400,431300,11600,2900,6300,6600,2800,5600,16400,5900,11500,2900,439610,426150,8586610,4613176,0,0,0,0,0,
600036.SH,600036,20251209,130739000,432200,9100,393306,50007,0,,,29819830,1284464134,433000,428300,431800,431800,432400,432500,432600,432700,432800,432900,433000,433100,433200,433300,26100,66400,63500,22200,63700,86100,276600,44500,70200,65600,432200,432100,432000,431900,431800,431700,431600,431500,431400,431300,3600,3000,6300,6300,2900,5600,16400,5900,12000,2900,439610,426140,8589510,4605576,0,0,0,0,0,
600036.SH,600036,20251209,130742000,432400,2100,90795,50013,0,,,29821930,1284554929,433000,428300,431800,431800,432400,432500,432600,432700,432800,432900,433000,433100,433200,433300,25000,66500,63400,22200,64500,86100,276600,44500,70200,65600,432200,432100,432000,431900,431800,431700,431600,431500,431400,431300,3600,3000,6300,6300,2900,5600,16400,5900,12000,2900,439610,426140,8589610,4606576,0,0,0,0,0,
600036.SH,600036,20251209,130745000,432400,4600,198860,50019,0,,,29826530,1284753789,433000,428300,431800,431800,432300,432400,432500,432600,432700,432800,432900,433000,433100,433200,100,23100,63800,63600,22200,64500,86100,276400,44500,70200,432200,432100,432000,431900,431800,431700,431600,431500,431400,431300,1400,3000,6300,6300,2900,5600,16400,5900,12000,2900,439610,426140,8584110,4605376,0,0,0,0,0,
600036.SH,600036,20251209,130748000,432200,6700,289574,50030,0,,,29833230,1285043363,433000,428300,431800,431800,432300,432400,432500,432600,432700,432800,432900,433000,433100,433200,1500,23100,62500,63700,22200,64500,86100,277400,44500,70200,432200,432100,432000,431900,431800,431700,431600,431500,431400,431300,5000,3000,6400,6400,2800,5600,16400,5900,12000,2900,439610,426140,8585310,4609876,0,0,0,0,0,
600036.SH,600036,20251209,130751000,432200,0,0,50030,0,,,29833230,1285043363,433000,428300,431800,431800,432300,432400,432500,432600,432700,432800,432900,433000,433100,433200,1500,23000,63500,63700,22200,64500,86100,277400,44500,70200,432200,432100,432000,431900,431800,431700,431600,431500,431400,431300,5200,3000,6400,6800,3200,5600,16400,5500,12000,2900,439610,426140,8586210,4610376,0,0,0,0,0,
600036.SH,600036,20251209,130754000,432300,2300,99429,50041,0,,,29835530,1285142792,433000,428300,431800,431800,432300,432400,432500,432600,432700,432800,432900,433000,433100,433200,8200,25800,63600,63700,22200,64500,86100,276900,44400,70200,432200,432100,432000,431900,431800,431700,431600,431500,431400,431300,14300,3000,6400,6800,3200,5600,16400,5500,12000,2900,439600,426150,8598710,4619476,0,0,0,0,0,
600036.SH,600036,20251209,130757000,432200,14400,622393,50064,0,,,29849930,1285765185,433000,428300,431800,431800,432300,432400,432500,432600,432700,432800,432900,433000,433100,433200,6900,24600,63600,64300,24200,64500,86100,276900,44400,70200,432200,432100,432000,431900,431800,431700,431600,431500,431400,431300,3000,3000,6400,6600,3200,5200,16200,5500,12000,2900,439600,426140,8598810,4607276,0,0,0,0,0,
600036.SH,600036,20251209,130800000,432300,1200,51876,50067,0,,,29851130,1285817061,433000,428300,431800,431800,432300,432400,432500,432600,432700,432800,432900,433000,433100,433200,9000,26600,63600,64900,24200,64500,86600,277400,44400,70200,432200,432100,432000,431900,431800,431700,431600,431500,431400,431300,5700,3000,6400,6600,3200,5200,16200,5500,12000,2900,439600,426140,8604510,4609976,0,0,0,0,0,
600036.SH,600036,20251209,130803000,432200,7100,306876,50080,0,,,29858230,1286123937,433000,428300,431800,431800,432300,432400,432500,432600,432700,432800,432900,433000,433100,433200,7800,29400,63600,64900,24200,64500,85600,277400,44400,70200,432200,432100,432000,431900,431800,431700,431600,431500,431400,431300,600,3000,6400,6600,3200,5200,16200,5500,12000,2900,439600,426120,8605110,4583676,0,0,0,0,0,
600036.SH,600036,20251209,130806000,432200,9300,401943,50098,0,,,29867530,1286525880,433000,428300,431800,431800,432300,432400,432500,432600,432700,432800,432900,433000,433100,433200,8100,30000,63700,64300,24200,64500,85600,277800,44400,70200,432200,432100,432000,431900,431800,431700,431600,431500,431400,431300,5800,2700,6400,6600,3200,5200,16200,5500,12000,2900,439600,426130,8606710,4588576,0,0,0,0,0,
600036.SH,600036,20251209,130809000,432200,3800,164242,50106,0,,,29871330,1286690122,433000,428300,431800,431800,432300,432400,432500,432600,432700,432800,432900,433000,433100,433200,7500,30300,63800,64300,24200,64500,85600,277800,44400,70200,432200,432100,432000,431900,431800,431700,431600,431500,431400,431300,3400,2700,6500,6600,3200,5200,16200,5500,12000,2900,439580,426130,8656510,4586476,0,0,0,0,0,
600036.SH,600036,20251209,130812000,432300,6800,293944,50114,0,,,29878130,1286984066,433000,428300,431800,431800,432300,432400,432500,432600,432700,432800,432900,433000,433100,433200,3100,30300,64100,64300,24200,64500,85600,279800,44400,70200,432200,432100,432000,431900,431800,431700,431600,431500,431400,431300,3600,2700,6500,6600,3200,5200,16200,5500,12000,2900,439580,426130,8653210,4586376,0,0,0,0,0,
600036.SH,600036,20251209,130815000,432200,3500,151286,50121,0,,,29881630,1287135352,433000,428300,431800,431800,432300,432400,432500,432600,432700,432800,432900,433000,433100,433200,900,29500,64100,64300,24200,64500,85600,279900,44400,70200,432200,432100,432000,431900,431800,431700,431600,431500,431400,431300,1700,2700,6500,6600,3200,5200,16200,5500,12000,2900,439580,426120,8650310,4584476,0,0,0,0,0,
600036.SH,600036,20251209,130818000,432300,57000,2464727,50181,0,,,29938630,1289600079,433000,428300,431800,431800,432400,432500,432600,432700,432800,432900,433000,433100,433200,433300,200,44800,64300,24300,64500,85100,282900,44400,70200,64100,432200,432100,432000,431900,431800,431700,431600,431500,431400,431300,10900,2700,6500,6600,3200,5200,16200,5500,12000,2900,439620,426130,8603410,4592676,0,0,0,0,0,
600036.SH,600036,20251209,130821000,432500,54300,2348379,50258,0,,,29992930,1291948458,433000,428300,431800,431800,432600,432700,432800,432900,433000,433100,433200,433300,433400,433500,64700,24300,65100,85100,282900,44400,70200,64100,93200,109675,432400,432300,432200,432100,432000,431900,431800,431700,431600,431500,100,23800,12200,3000,6500,7000,2800,5200,16200,5500,439660,426170,8561110,4617676,0,0,0,0,0,
600036.SH,600036,20251209,130824000,432500,5900,255222,50267,0,,,29998830,1292203680,433000,428300,431800,431800,432600,432700,432800,432900,433000,433100,433200,433300,433400,433500,60000,24300,65200,85100,283400,43600,70200,64100,93200,109675,432500,432400,432300,432200,432100,432000,431900,431800,431700,431600,15300,5700,22600,12600,3000,5900,6600,2800,5200,16200,439660,426190,8556310,4637576,0,0,0,0,0,
600036.SH,600036,20251209,130827000,432500,82500,3568818,50351,0,,,30081330,1295772498,433000,428300,431800,431800,432700,432800,432900,433000,433100,433200,433300,433400,433500,433600,24400,64600,85100,285000,43600,70200,64100,93200,109675,44500,432500,432400,432300,432200,432100,432000,431900,431800,431700,431600,24500,5700,22600,2900,2500,5900,6600,2800,5200,16200,439710,426200,8497410,4646976,0,0,0,0,0,
600036.SH,600036,20251209,130830000,432500,12300,532009,50360,0,,,30093630,1296304507,433000,428300,431800,431800,432700,432800,432900,433000,433100,433200,433300,433400,433500,433600,22700,64500,86200,283500,43600,70200,64100,93200,109675,44500,432500,432400,432300,432200,432100,432000,431900,431800,431700,431600,22200,5700,22600,2300,600,5600,6600,2800,5200,16200,439710,426200,8495810,4641976,0,0,0,0,0,
600036.SH,600036,20251209,130833000,432600,10700,462946,50382,0,,,30104330,1296767453,433000,428300,431800,431800,432600,432700,432800,432900,433000,433100,433200,433300,433400,433500,600,16300,66000,86300,283500,43600,70200,64100,93900,109675,432500,432400,432300,432200,432100,432000,431900,431800,431700,431600,30600,5700,22900,2300,600,5600,6600,2800,5200,16200,439720,426210,8490310,4649876,0,0,0,0,0,
600036.SH,600036,20251209,130836000,432500,16800,726690,50405,0,,,30121130,1297494143,433000,428300,431800,431800,432700,432800,432900,433000,433100,433200,433300,433400,433500,433600,13400,66000,86700,283500,43600,70200,64100,93900,109675,44500,432500,432400,432300,432200,432100,432000,431900,431800,431700,431600,20100,5700,22900,2300,600,5600,6600,2800,5200,17100,439720,426200,8487210,4640176,0,0,0,0,0,
600036.SH,600036,20251209,130839000,432600,28500,1232631,50440,0,,,30149630,1298726774,433000,428300,431800,431800,432600,432700,432800,432900,433000,433100,433200,433300,433400,433500,1200,14700,69000,87800,288900,43600,70200,64100,93900,109675,432400,432300,432200,432100,432000,431900,431800,431700,431600,431500,5700,23400,2300,200,5600,7200,3200,5200,17100,5500,439710,426170,8499610,4619776,0,0,0,0,0,
600036.SH,600036,20251209,130842000,432600,5900,255196,50449,0,,,30155530,1298981970,433000,428300,431800,431800,432600,432700,432800,432900,433000,433100,433200,433300,433400,433500,8600,17800,68700,88200,288500,43600,70200,64100,93900,107675,432400,432300,432200,432100,432000,431900,431800,431700,431600,431500,5000,22000,1900,200,6200,7700,3600,5700,17100,5500,439700,426170,8509610,4619576,0,0,0,0,0,
600036.SH,600036,20251209,130845000,432600,0,0,50449,0,,,30155530,1298981970,433000,428300,431800,431800,432600,432700,432800,432900,433000,433100,433200,433300,433400,433500,12100,18300,68800,88100,288500,43600,70200,64100,93900,107675,432400,432300,432200,432100,432000,431900,431800,431700,431600,431500,5600,22000,1900,200,6200,7700,3600,5700,17100,5500,439700,426170,8513610,4620176,0,0,0,0,0,
600036.SH,600036,20251209,130848000,432600,18100,782710,50481,0,,,30173630,1299764680,433000,428300,431800,431800,432600,432700,432800,432900,433000,433100,433200,433300,433400,433500,11000,19000,68800,89100,287800,43600,70200,64100,93900,107675,432400,432300,432200,432100,432000,431900,431800,431700,431600,431500,1700,22000,2500,600,6700,7200,3200,5700,17100,5500,439700,426160,8513310,4615876,0,0,0,0,0,
600036.SH,600036,20251209,130851000,432500,200,8650,50482,0,,,30173830,1299773330,433000,428300,431800,431800,432500,432600,432700,432800,432900,433000,433100,433200,433300,433400,2000,11000,20000,68800,89100,288800,43600,70200,64100,93900,432400,432300,432200,432100,432000,431900,431800,431700,431600,431500,2200,1400,2500,1000,6600,6800,3200,5700,17100,5500,439690,426140,8519410,4594876,0,0,0,0,0,
600036.SH,600036,20251209,130854000,432500,1200,51900,50484,0,,,30175030,1299825230,433000,428300,431800,431800,432500,432600,432700,432800,432900,433000,433100,433200,433300,433400,7800,9500,20000,68800,89100,287100,42100,70200,64100,93900,432400,432300,432200,432100,432000,431900,431800,431700,431600,431500,4400,1800,2900,600,6100,6800,3200,5700,17100,5500,439690,426140,8522010,4596776,0,0,0,0,0,
600036.SH,600036,20251209,130857000,432400,11400,493004,50501,0,,,30186430,1300318234,433000,428300,431800,431800,432500,432600,432700,432800,432900,433000,433100,433200,433300,433400,4500,9500,20200,68800,89100,287100,42100,70200,64100,93900,432400,432300,432200,432100,432000,431900,431800,431700,431600,431500,200,1800,2900,600,6100,6600,3200,5700,17100,5500,439700,426130,8519110,4592476,0,0,0,0,0,
600036.SH,600036,20251209,130900000,432500,2200,95144,50507,0,,,30188630,1300413378,433000,428300,431800,431800,432500,432600,432700,432800,432900,433000,433100,433200,433300,433400,2900,12500,18700,78800,89100,287300,42100,70200,64100,94200,432400,432300,432200,432100,432000,431900,431800,431700,431600,431500,10400,1800,3500,600,5600,6600,3200,5700,17100,5500,439690,426150,8529410,4602776,0,0,0,0,0,
600036.SH,600036,20251209,130903000,432500,1000,43250,50509,0,,,30189630,1300456628,433000,428300,431800,431800,432500,432600,432700,432800,432900,433000,433100,433200,433300,433400,1900,16000,18700,78800,89600,286300,42100,70200,64100,94200,432400,432300,432200,432100,432000,431900,431800,431700,431600,431500,11000,1800,3600,600,5600,6600,3200,5700,17100,5500,439680,426150,8534410,4603476,0,0,0,0,0,
600036.SH,600036,20251209,130906000,432400,8500,367543,50517,0,,,30198130,1300824171,433000,428300,431800,431800,432500,432600,432700,432800,432900,433000,433100,433200,433300,433400,16100,19000,20500,78400,89600,286400,42100,70200,64100,94200,432400,432300,432200,432100,432000,431900,431800,431700,431600,431500,2800,1800,3600,600,5600,6600,3200,5700,17100,5500,439670,426140,8555010,4595276,0,0,0,0,0,
600036.SH,600036,20251209,130909000,432500,1000,43241,50521,0,,,30199130,1300867412,433000,428300,431800,431800,432500,432600,432700,432800,432900,433000,433100,433200,433300,433400,16200,19000,21500,78400,90600,286400,42100,70200,64100,94200,432400,432300,432200,432100,432000,431900,431800,431700,431600,431500,3200,1800,3600,1200,5600,6600,3200,5700,17100,5500,439660,426140,8557510,4596076,0,0,0,0,0,
600036.SH,600036,20251209,130912000,432400,7100,307020,50531,0,,,30206230,1301174432,433000,428300,431800,431800,432500,432600,432700,432800,432900,433000,433100,433200,433300,433400,15400,18500,21500,78400,90600,286900,42100,70200,64100,94200,432400,432300,432200,432100,432000,431900,431800,431700,431600,431500,400,1800,3600,1200,5600,6600,3200,5700,17100,5500,439660,426130,8558310,4591576,0,0,0,0,0,
600036.SH,600036,20251209,130915000,432300,28600,1236324,50567,0,,,30234830,1302410756,433000,428300,431800,431800,432400,432500,432600,432700,432800,432900,433000,433100,433200,433300,600,700,19000,22000,78400,90600,286900,42100,70300,64100,432200,432100,432000,431900,431800,431700,431600,431500,431400,431300,1200,4700,8000,6600,3200,5700,17100,5500,11000,2500,439670,426130,8545310,4592876,0,0,0,0,0,
600036.SH,600036,20251209,130918000,432200,8900,384707,50591,0,,,30243730,1302795463,433000,428300,431800,431800,432400,432500,432600,432700,432800,432900,433000,433100,433200,433300,3800,7500,19000,22000,78400,90600,286900,42100,67900,64100,432200,432100,432000,431900,431800,431700,431600,431500,431400,431300,6800,1300,7800,6600,3200,5700,17600,5500,11000,2500,439670,426140,8550510,4595376,0,0,0,0,0,
600036.SH,600036,20251209,130921000,432200,2000,86452,50595,0,,,30245730,1302881915,433000,428300,431800,431800,432400,432500,432600,432700,432800,432900,433000,433100,433200,433300,3800,8200,19700,22400,78400,90700,286900,42100,67900,64100,432200,432100,432000,431900,431800,431700,431600,431500,431400,431300,2700,1300,7800,6600,3200,5700,17600,5500,11000,2500,439670,426130,8552210,4591176,0,0,0,0,0,
600036.SH,600036,20251209,130924000,432200,700,30262,50598,0,,,30246430,1302912177,433000,428300,431800,431800,432400,432500,432600,432700,432800,432900,433000,433100,433200,433300,5900,8200,19700,22400,79900,90700,286900,42100,67900,64100,432200,432000,431900,431800,431700,431600,431500,431400,431300,431200,3100,7800,6000,3200,5700,17600,5500,11000,2500,2100,439670,426130,8547710,4589476,0,0,0,0,0,
600036.SH,600036,20251209,130927000,432400,24200,1046341,50631,0,,,30270630,1303958518,433000,428300,431800,431800,432600,432700,432800,432900,433000,433100,433200,433300,433400,433500,18700,21800,79900,90200,286900,42100,67900,64100,94200,111275,432200,432100,432000,431900,431800,431700,431600,431500,431400,431300,54400,200,7800,6000,3200,5700,17600,5500,11000,2500,439680,426200,8536110,4640976,0,0,0,0,0,
600036.SH,600036,20251209,130930000,432500,1800,77855,50637,0,,,30272430,1304036373,433000,428300,431800,431800,432600,432700,432800,432900,433000,433100,433200,433300,433400,433500,18200,21700,79900,90200,294900,42100,67900,64100,94200,111275,432500,432300,432200,432100,432000,431900,431800,431700,431600,431500,5600,5400,57600,600,7800,6000,3200,5700,17100,5500,439670,426220,8542810,4654676,0,0,0,0,0,
600036.SH,600036,20251209,130933000,432600,21600,934386,50665,0,,,30294030,1304970759,433000,428300,431800,431800,432700,432800,432900,433000,433100,433200,433300,433400,433500,433600,21300,80500,90200,295000,42100,67900,64100,94200,111275,45100,432600,432500,432300,432200,432100,432000,431900,431800,431700,431600,64400,12600,5400,52300,600,7800,6000,3800,5700,17100,439690,426310,8524810,4720176,0,0,0,0,0,
600036.SH,600036,20251209,130936000,432600,56400,2439934,50682,0,,,30350430,1307410693,433000,428300,431800,431800,432700,432800,432900,433000,433100,433200,433300,433400,433500,433600,14300,80400,90200,295000,42900,67900,64100,94200,111275,45100,432600,432500,432300,432200,432100,432000,431900,431800,431700,431600,24700,11000,5500,51700,600,7800,5600,3800,5600,16600,439690,426250,8518510,4677376,0,0,0,0,0,
600036.SH,600036,20251209,130939000,432600,1400,60565,50686,0,,,30351830,1307471258,433000,428300,431800,431800,432700,432800,432900,433000,433100,433200,433300,433400,433500,433600,15800,80400,90300,295100,43200,67900,64600,94200,111275,45100,432600,432500,432300,432200,432100,432000,431900,431800,431700,431600,23400,1000,6000,51700,200,7800,5600,3700,5600,16600,439690,426230,8527010,4665076,0,0,0,0,0,
600036.SH,600036,20251209,130942000,432600,17600,761512,50710,0,,,30369430,1308232770,433000,428300,431800,431800,432700,432800,432900,433000,433100,433200,433300,433400,433500,433600,6100,82400,90300,295500,43300,68100,64600,94200,111275,45100,432600,432300,432200,432100,432000,431900,431800,431700,431600,431500,30800,6000,51700,200,7800,5600,3700,5600,16600,5500,439690,426240,8520610,4671476,0,0,0,0,0,
600036.SH,600036,20251209,130945000,432700,44400,1920783,50733,0,,,30413830,1310153553,433000,428300,431800,431800,432700,432800,432900,433000,433100,433200,433300,433400,433500,433600,3200,79400,90300,294500,43300,68600,64600,94200,111275,45100,432400,432300,432200,432100,432000,431900,431800,431700,431600,431500,200,600,51700,200,7800,5600,3700,5600,16600,5500,439700,426190,8514210,4630776,0,0,0,0,0,
600036.SH,600036,20251209,130948000,432400,27600,1193452,50759,0,,,30441430,1311347005,433000,428300,431800,431800,432600,432700,432800,432900,433000,433100,433200,433300,433400,433500,5700,6700,79900,100300,293500,43300,68600,64600,93500,111275,432400,432300,432200,432100,432000,431900,431800,431700,431600,431500,22700,1800,51700,200,7800,5600,3700,5600,16600,5500,439680,426220,8533610,4655376,0,0,0,0,0,
600036.SH,600036,20251209,130951000,432600,100,4326,50760,0,,,30441530,1311351331,433000,428300,431800,431800,432600,432700,432800,432900,433000,433100,433200,433300,433400,433500,5600,47000,80500,98300,293500,43300,68600,64600,93500,111575,432400,432300,432200,432100,432000,431900,431800,431700,431600,431500,18900,1300,51700,200,7800,5600,4100,5600,16600,5500,439650,426220,8572710,4650476,0,0,0,0,0,
600036.SH,600036,20251209,130954000,432600,1300,56238,50761,0,,,30442830,1311407569,433000,428300,431800,431800,432500,432600,432700,432800,432900,433000,433100,433200,433300,433400,10000,4400,47500,79700,100300,293500,43300,68600,64600,93500,432400,432300,432200,432100,432000,431900,431800,431700,431600,431500,21900,1300,51700,200,9800,5600,4600,5600,16600,5500,439640,426220,8583810,4655976,0,0,0,0,0,
600036.SH,600036,20251209,130957000,432400,37800,1634472,50781,0,,,30480630,1313042041,433000,428300,431800,431800,432500,432600,432700,432800,432900,433000,433100,433200,433300,433400,10000,4500,49000,79700,100300,293500,43300,68600,64600,93500,432300,432200,432100,432000,431900,431800,431700,431600,431500,431400,2700,52000,700,9800,5600,3700,5600,16600,5500,11000,439640,426200,8586910,4634876,0,0,0,0,0,
600036.SH,600036,20251209,131000000,432400,0,0,50781,0,,,30480630,1313042041,433000,428300,431800,431800,432500,432600,432700,432800,432900,433000,433100,433200,433300,433400,12000,4900,49000,81600,101600,293800,43300,68600,64600,93500,432300,432200,432100,432000,431900,431800,431700,431600,431500,431400,3600,52000,700,9800,5600,3800,5600,16600,5500,11000,439640,426200,8593810,4635876,0,0,0,0,0,
600036.SH,600036,20251209,131003000,432500,1600,69196,50786,0,,,30482230,1313111237,433000,428300,431800,431800,432500,432600,432700,432800,432900,433000,433100,433200,433300,433400,11400,5300,49300,81600,101600,292800,43000,68300,64600,93500,432400,432300,432200,432100,432000,431900,431800,431700,431600,431500,100,4100,52100,700,9800,5600,3700,5600,16600,5500,439640,426200,8593510,4636476,0,0,0,0,0,
600036.SH,600036,20251209,131006000,432400,10000,432400,50789,0,,,30492230,1313543637,433000,428300,431800,431800,432500,432600,432700,432800,432900,433000,433100,433200,433300,433400,18500,10000,49300,81700,101600,292800,43000,68300,64600,94000,432400,432300,432200,432100,432000,431900,431800,431700,431600,431500,11100,3000,52100,700,9800,5600,3700,5600,16600,5500,439630,426210,8584510,4645776,0,0,0,0,0,
600036.SH,600036,20251209,131009000,432500,48500,2097343,50817,0,,,30540730,1315640980,433000,428300,431800,431800,432600,432700,432800,432900,433000,433100,433200,433300,433400,433500,10000,49300,83700,102100,292800,43000,68300,64600,94000,114275,432500,432400,432300,432200,432100,432000,431900,431800,431700,431600,36600,1800,5300,52000,700,9800,5700,3700,5600,16600,439640,426250,8578110,4675376,0,0,0,0,0,
600036.SH,600036,20251209,131012000,432600,12000,519084,50832,0,,,30552730,1316160064,433000,428300,431800,431800,432600,432700,432800,432900,433000,433100,433200,433300,433400,433500,7600,48900,83700,102600,293300,43000,68300,64600,94000,114275,432500,432400,432300,432200,432100,432000,431900,431800,431700,431600,34500,1800,5400,52000,700,9800,5600,3700,5600,16600,439640,426250,8551410,4671676,0,0,0,0,0,
600036.SH,600036,20251209,131015000,432500,2200,95167,50835,0,,,30554930,1316255231,433000,428300,431800,431800,432600,432700,432800,432900,433000,433100,433200,433300,433400,433500,6300,49000,83700,102600,293300,43000,68300,64600,94000,114275,432500,432400,432300,432200,432100,432000,431900,431800,431700,431600,4400,800,5400,52000,700,9800,5600,3700,5600,16600,439640,426200,8550610,4640576,0,0,0,0,0,
600036.SH,600036,20251209,131018000,432400,13600,588232,50855,0,,,30568530,1316843463,433000,428300,431800,431800,432600,432700,432800,432900,433000,433100,433200,433300,433400,433500,9200,50000,83700,103100,293300,43000,68300,64600,94000,114275,432400,432300,432200,432100,432000,431900,431800,431700,431600,431500,700,2600,52000,700,9800,5600,3700,5600,16600,4000,439640,426190,8555310,4628876,0,0,0,0,0,
600036.SH,600036,20251209,131021000,432600,500,21626,50858,0,,,30569030,1316865089,433000,428300,431800,431800,432600,432700,432800,432900,433000,433100,433200,433300,433400,433500,9100,53400,83700,103100,292200,43000,68300,64600,94000,114275,432400,432300,432200,432100,432000,431900,431800,431700,431600,431500,700,3100,52000,700,9800,5600,3700,5600,16600,4000,439640,426190,8557510,4629376,0,0,0,0,0,
600036.SH,600036,20251209,131024000,432600,15400,666210,50881,0,,,30584430,1317531299,433000,428300,431800,431800,432700,432800,432900,433000,433100,433200,433300,433400,433500,433600,53200,82200,103100,292100,43000,68300,64600,94000,114275,45100,432600,432400,432300,432200,432100,432000,431900,431800,431700,431600,13000,4500,4500,51600,200,9800,5600,3700,5600,16600,439650,426210,8546710,4646576,0,0,0,0,0,
600036.SH,600036,20251209,131027000,432600,16900,731147,50899,0,,,30601330,1318262446,433000,428300,431800,431800,432700,432800,432900,433000,433100,433200,433300,433400,433500,433600,47900,82200,103100,291100,43000,68300,64600,94700,114275,45100,432600,432500,432400,432300,432200,432100,432000,431900,431800,431700,12400,500,4500,4500,51600,200,9800,5600,3700,5600,439650,426210,8541110,4646576,0,0,0,0,0,
600036.SH,600036,20251209,131030000,432600,6900,298507,50908,0,,,30608230,1318560953,433000,428300,431800,431800,432700,432800,432900,433000,433100,433200,433300,433400,433500,433600,48800,82400,103100,294100,43000,68300,64600,94700,114375,45100,432600,432500,432400,432300,432200,432100,432000,431900,431800,431700,10600,500,4500,4500,51600,200,9800,5600,3700,5600,439650,426270,8521510,4531876,0,0,0,0,0,
600036.SH,600036,20251209,131033000,432600,6300,272554,50917,0,,,30614530,1318833507,433000,428300,431800,431800,432700,432800,432900,433000,433100,433200,433300,433400,433500,433600,47300,82900,103100,294100,43000,68300,64600,94700,114375,45100,432600,432500,432400,432300,432200,432100,432000,431900,431800,431700,6100,500,4500,4800,51600,200,9800,5600,3700,5600,439650,426260,8520510,4527576,0,0,0,0,0,
600036.SH,600036,20251209,131036000,432700,11000,475901,50931,0,,,30625530,1319309408,433000,428300,431800,431800,432700,432800,432900,433000,433100,433200,433300,433400,433500,433600,61700,82900,103100,296300,43000,68300,64600,94700,114375,45100,432500,432400,432300,432200,432100,432000,431900,431800,431700,431600,500,4500,5300,51600,200,9800,5600,3700,5600,16600,439640,426260,8537010,4520976,0,0,0,0,0,
600036.SH,600036,20251209,131039000,432500,11400,493063,50938,0,,,30636930,1319802471,433000,428300,431800,431800,432500,432600,432700,432800,432900,433000,433100,433200,433300,433400,700,5300,74400,82900,103300,297900,43000,68300,64600,94700,432400,432300,432200,432100,432000,431900,431800,431700,431600,431500,3400,4800,51600,700,9800,5600,3700,5600,16600,4000,439620,426250,8558010,4519376,0,0,0,0,0,
600036.SH,600036,20251209,131042000,432500,4100,177352,50942,0,,,30641030,1319979823,433000,428300,431800,431800,432500,432600,432700,432800,432900,433000,433100,433200,433300,433400,800,32600,84300,82900,103200,293900,43000,68300,64600,94700,432400,432300,432200,432100,432000,431900,431800,431700,431600,431500,3400,4800,51600,700,9800,5600,3700,5600,16600,4000,439590,426250,8586210,4519376,0,0,0,0,0,
600036.SH,600036,20251209,131045000,432400,200,8648,50943,0,,,30641230,1319988471,433000,428300,431800,431800,432500,432600,432700,432800,432900,433000,433100,433200,433300,433400,900,39500,86900,83000,103200,293900,43000,68300,64600,94700,432400,432300,432200,432100,432000,431900,431800,431700,431600,431500,4400,4500,51600,700,9800,5600,3700,5600,16600,4000,439590,426260,8594310,4519876,0,0,0,0,0,
600036.SH,600036,20251209,131048000,432500,42800,1851105,50956,0,,,30684030,1321839576,433000,428300,431800,431800,432600,432700,432800,432900,433000,433100,433200,433300,433400,433500,39500,76200,83000,103200,293900,43000,68300,64600,94700,112475,432500,432400,432300,432200,432100,432000,431900,431800,431700,431600,42100,4300,4400,51600,700,9800,5600,3700,5600,16600,439600,426310,8583410,4561576,0,0,0,0,0,
600036.SH,600036,20251209,131051000,432500,11700,506029,50962,0,,,30695730,1322345605,433000,428300,431800,431800,432600,432700,432800,432900,433000,433100,433200,433300,433400,433500,42900,106200,83000,93400,294300,43000,68300,64600,94700,112475,432500,432400,432300,432200,432100,432000,431900,431800,431700,431600,41600,4300,4400,51600,700,9800,5600,3700,5600,16600,439580,426320,8609710,4564076,0,0,0,0,0,
600036.SH,600036,20251209,131054000,432600,3400,147082,50969,0,,,30699130,1322492687,433000,428300,431800,431800,432600,432700,432800,432900,433000,433100,433200,433300,433400,433500,47100,112200,83000,91400,294300,43000,68300,67600,94700,112475,432500,432400,432300,432200,432100,432000,431900,431800,431700,431600,48400,4600,4500,51600,700,9800,5600,3700,5600,16600,439570,426330,8621310,4571176,0,0,0,0,0,
600036.SH,600036,20251209,131057000,432500,50400,2179820,50986,0,,,30749530,1324672507,433000,428300,431800,431800,432500,432600,432700,432800,432900,433000,433100,433200,433300,433400,5400,45100,108500,84200,92600,291300,43000,68300,67600,94700,432400,432300,432200,432100,432000,431900,431800,431700,431600,431500,4600,4500,51600,1700,9800,5600,3700,5600,16600,4000,439570,426260,8620910,4523776,0,0,0,0,0,
600036.SH,600036,20251209,131100000,432400,1400,60546,50991,0,,,30750930,1324733053,433000,428300,431800,431800,432500,432600,432700,432800,432900,433000,433100,433200,433300,433400,4500,46500,108500,84200,92600,291300,43000,68300,67600,94700,432400,432300,432200,432100,432000,431900,431800,431700,431600,431500,4900,4500,51600,1700,9800,5600,3700,5600,16600,4000,439560,426260,8625910,4523876,0,0,0,0,0,
600036.SH,600036,20251209,131103000,432400,300,12972,50992,0,,,30751230,1324746025,433000,428300,431800,431800,432500,432600,432700,432800,432900,433000,433100,433200,433300,433400,39100,48000,109100,84200,92700,291300,43000,68300,67900,94700,432400,432300,432200,432100,432000,431900,431800,431700,431600,431500,13600,4100,51600,2100,9800,5600,3700,5600,16600,4000,439540,426270,8662110,4531876,0,0,0,0,0,
600036.SH,600036,20251209,131106000,432400,6900,298394,51001,0,,,30758130,1325044419,433000,428300,431800,431800,432500,432600,432700,432800,432900,433000,433100,433200,433300,433400,35300,48700,112100,84100,92700,292700,43000,68300,67900,94700,432400,432300,432200,432100,432000,431900,431800,431700,431600,431500,10500,4100,51600,2100,9800,5600,3700,5600,16600,4000,439510,426260,8704310,4521176,0,0,0,0,0,
600036.SH,600036,20251209,131109000,432300,15000,648620,51022,0,,,30773130,1325693039,433000,428300,431800,431800,432400,432500,432600,432700,432800,432900,433000,433100,433200,433300,26900,32900,49500,112500,84100,92200,292700,43000,68300,67900,432300,432200,432100,432000,431900,431800,431700,431600,431500,431400,3100,4300,2100,9800,5600,3700,5600,16600,4000,6600,439490,426180,8729410,4461776,0,0,0,0,0,
600036.SH,600036,20251209,131112000,432300,2700,116725,51042,0,,,30775830,1325809764,433000,428300,431800,431800,432400,432500,432600,432700,432800,432900,433000,433100,433200,433300,27400,32900,49500,112500,92600,93100,291700,43000,68300,67900,432300,432200,432100,432000,431900,431800,431700,431600,431500,431400,1600,4400,2100,9800,5600,3700,5600,16600,4000,6600,439480,426180,8738810,4460376,0,0,0,0,0,
600036.SH,600036,20251209,131115000,432400,4200,181578,51051,0,,,30780030,1325991342,433000,428300,431800,431800,432400,432500,432600,432700,432800,432900,433000,433100,433200,433300,26200,29300,49900,112000,92300,93300,290700,43000,68300,67900,432300,432200,432100,432000,431900,431800,431700,431600,431500,431400,8900,4500,2100,9800,5600,3700,5600,16600,4000,6600,439480,426190,8735010,4467776,0,0,0,0,0,
600036.SH,600036,20251209,131118000,432300,8000,345840,51059,0,,,30788030,1326337182,433000,428300,431800,431800,432400,432500,432600,432700,432800,432900,433000,433100,433200,433300,28800,29300,49900,111900,91800,93300,290900,43000,68300,67900,432300,432200,432100,432000,431900,431800,431700,431600,431500,431400,2400,4500,2100,9800,5600,3700,5600,16600,4000,6600,439480,426180,8737210,4461276,0,0,0,0,0,
600036.SH,600036,20251209,131121000,432300,700,30261,51062,0,,,30788730,1326367443,433000,428300,431800,431800,432400,432500,432600,432700,432800,432900,433000,433100,433200,433300,29000,29300,44900,111900,91700,91200,291900,43000,71300,67900,432300,432200,432100,432000,431900,431800,431700,431600,431500,431400,4000,4600,2100,9800,5600,3700,5600,16600,4000,6600,439480,426180,8739210,4460276,0,0,0,0,0,
600036.SH,600036,20251209,131124000,432300,1500,64851,51068,0,,,30790230,1326432294,433000,428300,431800,431800,432400,432500,432600,432700,432800,432900,433000,433100,433200,433300,37800,29500,45500,111900,90600,90900,292200,43000,71300,67900,432300,432200,432100,432000,431900,431800,431700,431600,431500,431400,3100,4600,2100,9800,5600,3700,5600,16600,4000,6600,439480,426180,8748110,4458376,0,0,0,0,0,
600036.SH,600036,20251209,131127000,432300,2500,108098,51072,0,,,30792730,1326540392,433000,428300,431800,431800,432400,432500,432600,432700,432800,432900,433000,433100,433200,433300,36300,30000,45500,111800,90200,91400,292500,43000,71300,67900,432300,432200,432100,432000,431900,431800,431700,431600,431500,431400,13500,4600,2100,9900,5600,3800,5600,16600,4000,6600,439480,426200,8747610,4468476,0,0,0,0,0,
600036.SH,600036,20251209,131130000,432300,5300,229119,51089,0,,,30798030,1326769511,433000,428300,431800,431800,432400,432500,432600,432700,432800,432900,433000,433100,433200,433300,36300,30300,46500,114000,87000,91400,292500,43000,71300,67900,432300,432200,432100,432000,431900,431800,431700,431600,431500,431400,9000,4600,2100,9900,5600,3800,5600,16600,4000,6600,439480,426190,8750910,4463976,0,0,0,0,0,
600036.SH,600036,20251209,131133000,432500,37200,1608518,51116,0,,,30835230,1328378029,433000,428300,431800,431800,432500,432600,432700,432800,432900,433000,433100,433200,433300,433400,29900,47000,114000,87200,91400,292500,43000,71700,67900,94700,432400,432300,432200,432100,432000,431900,431800,431700,431600,431500,4600,7900,4600,2100,9900,5600,3800,5600,16600,4000,439510,426200,8713110,4467776,0,0,0,0,0,
600036.SH,600036,20251209,131136000,432400,1000,43240,51121,0,,,30836230,1328421269,433000,428300,431800,431800,432500,432600,432700,432800,432900,433000,433100,433200,433300,433400,30200,47000,113900,87400,91400,292500,43000,71700,67900,94700,432400,432300,432200,432100,432000,431900,431800,431700,431600,431500,5300,8100,4400,2100,10000,5600,3800,5600,16600,4000,439510,426200,8713110,4468776,0,0,0,0,0,
600036.SH,600036,20251209,131139000,432400,5200,224848,51129,0,,,30841430,1328646117,433000,428300,431800,431800,432400,432500,432600,432700,432800,432900,433000,433100,433200,433300,4400,31600,47700,113900,87400,91400,292800,43000,71700,67900,432300,432200,432100,432000,431900,431800,431700,431600,431500,431400,8100,4400,2100,10000,5600,3800,5600,16600,4000,6600,439500,426190,8719610,4463476,0,0,0,0,0,
600036.SH,600036,20251209,131142000,432400,4400,190256,51137,0,,,30845830,1328836373,433000,428300,431800,431800,432500,432600,432700,432800,432900,433000,433100,433200,433300,433400,31300,50700,113900,87400,91400,294100,43000,72600,67900,94700,432400,432300,432200,432100,432000,431900,431800,431700,431600,431500,600,17400,4400,2100,10000,5600,3800,5600,16600,4000,439510,426200,8717510,4473376,0,0,0,0,0,
600036.SH,600036,20251209,131145000,432400,1000,43243,51144,0,,,30846830,1328879616,433000,428300,431800,431800,432500,432600,432700,432800,432900,433000,433100,433200,433300,433400,31000,51200,111900,87900,91400,294400,43000,69600,67900,94700,432400,432300,432200,432100,432000,431900,431800,431700,431600,431500,1200,17600,4400,2100,10000,5600,3800,2800,16600,4000,439510,426200,8714010,4470976,0,0,0,0,0,
600036.SH,600036,20251209,131148000,432400,4200,181625,51154,0,,,30851030,1329061241,433000,428300,431800,431800,432400,432500,432600,432700,432800,432900,433000,433100,433200,433300,9300,32200,52200,111900,87800,91400,294500,43000,69600,67900,432300,432200,432100,432000,431900,431800,431700,431600,431500,431400,17600,4400,2100,10000,5600,3800,2800,16600,4000,6600,439500,426200,8725610,4468876,0,0,0,0,0,
600036.SH,600036,20251209,131151000,432300,600,25941,51156,0,,,30851630,1329087182,433000,428300,431800,431800,432400,432500,432600,432700,432800,432900,433000,433100,433200,433300,20300,41400,52200,111900,87800,91400,294700,43000,69600,67900,432300,432200,432100,432000,431900,431800,431700,431600,431500,431400,17300,4400,2200,10000,5600,3800,2800,16400,4000,6600,439480,426200,8745510,4468476,0,0,0,0,0,
600036.SH,600036,20251209,131154000,432400,1900,82151,51160,0,,,30853530,1329169333,433000,428300,431800,431800,432400,432500,432600,432700,432800,432900,433000,433100,433200,433300,20100,41400,52200,111900,87800,91400,291700,42900,69600,67900,432300,432200,432100,432000,431900,431800,431700,431600,431500,431400,26500,4800,2200,10000,5600,3800,2800,16400,4000,6600,439480,426210,8741910,4478276,0,0,0,0,0,
600036.SH,600036,20251209,131157000,432400,17800,769502,51174,0,,,30871330,1329938835,433000,428300,431800,431800,432400,432500,432600,432700,432800,432900,433000,433100,433200,433300,28500,41400,52200,111900,87700,91800,291700,42900,69600,67800,432300,432200,432100,432000,431900,431800,431700,431600,431500,431400,14900,5500,2200,10000,5600,3800,2800,16400,4000,6600,439480,426200,8750510,4465476,0,0,0,0,0,
600036.SH,600036,20251209,131200000,432400,3900,168630,51180,0,,,30875230,1330107465,433000,428300,431800,431800,432400,432500,432600,432700,432800,432900,433000,433100,433200,433300,27500,41400,51200,110900,87700,91800,291200,42900,69600,67800,432300,432200,432100,432000,431900,431800,431700,431600,431500,431400,14300,5500,2200,10500,5600,3800,2800,16400,4000,6600,439480,426190,8748010,4460776,0,0,0,0,0,
600036.SH,600036,20251209,131203000,432400,30200,1305847,51194,0,,,30905430,1331413312,433000,428300,431800,431800,432500,432600,432700,432800,432900,433000,433100,433200,433300,433400,41400,51200,110900,87700,92200,291500,42900,69600,67800,94700,432400,432300,432200,432100,432000,431900,431800,431700,431600,431500,53000,14700,5500,2200,10500,5600,3800,2800,16400,4000,439500,426260,8721210,4513276,0,0,0,0,0,
600036.SH,600036,20251209,131206000,432500,7700,332985,51199,0,,,30913130,1331746297,433000,428300,431800,431800,432500,432600,432700,432800,432900,433000,433100,433200,433300,433400,40700,51700,110200,87700,92200,291600,42900,69600,67800,94700,432400,432300,432200,432100,432000,431900,431800,431700,431600,431500,57600,14200,5500,2200,15100,5600,3800,2800,16400,4000,439500,426270,8720910,4521976,0,0,0,0,0,
600036.SH,600036,20251209,131209000,432400,40100,1733931,51208,0,,,30953230,1333480228,433000,428300,431800,431800,432500,432600,432700,432800,432900,433000,433100,433200,433300,433400,40600,51800,110200,87700,92200,291600,42900,69600,67800,95500,432400,432300,432200,432100,432000,431900,431800,431700,431600,431500,35000,5200,5100,2200,15100,5600,3800,2800,16400,4000,439500,426230,8734410,4489476,0,0,0,0,0,
600036.SH,600036,20251209,131212000,432400,2100,90822,51210,0,,,30955330,1333571050,433000,428300,431800,431800,432500,432600,432700,432800,432900,433000,433100,433200,433300,433400,69300,51900,110200,87700,92200,291600,42900,69600,67800,95500,432400,432300,432200,432100,432000,431900,431800,431700,431600,431500,35400,5200,5100,2200,15100,5600,3800,2800,16400,4000,439470,426230,8762210,4489776,0,0,0,0,0,
600036.SH,600036,20251209,131215000,432400,5000,216217,51214,0,,,30960330,1333787267,433000,428300,431800,431800,432500,432600,432700,432800,432900,433000,433100,433200,433300,433400,68900,52500,110300,87700,94400,291600,42900,69600,67800,95500,432400,432300,432200,432100,432000,431900,431800,431700,431600,431500,32100,5200,5100,2200,15100,5600,3800,2800,19900,4000,439470,426230,8765910,4489976,0,0,0,0,0,
600036.SH,600036,20251209,131218000,432300,35000,1513409,51257,0,,,30995330,1335300676,433000,428300,431800,431800,432400,432500,432600,432700,432800,432900,433000,433100,433200,433300,33300,68300,52500,110300,87700,94400,291600,42900,69600,66800,432300,432200,432100,432000,431900,431800,431700,431600,431500,431400,4400,5100,2200,15100,5600,3800,2800,19900,4000,6600,439450,426180,8797710,4453776,0,0,0,0,0,
600036.SH,600036,20251209,131221000,432300,8500,367489,51267,0,,,31003830,1335668165,433000,428300,431800,431800,432400,432500,432600,432700,432800,432900,433000,433100,433200,433300,32800,68700,52500,110300,87700,94400,291800,42900,68700,66800,432300,432200,432100,432000,431900,431800,431700,431600,431500,431400,9000,5100,2300,15100,5600,3800,2800,19900,4000,6600,439450,426190,8798210,4458476,0,0,0,0,0,
600036.SH,600036,20251209,131224000,432300,300,12969,51268,0,,,31004130,1335681134,433000,428300,431800,431800,432400,432500,432600,432700,432800,432900,433000,433100,433200,433300,32200,69100,52600,110300,87700,94400,291800,42900,68700,66800,432300,432200,432100,432000,431900,431800,431700,431600,431500,431400,10400,5100,2300,15100,5600,3800,2800,19900,4000,6600,439450,426190,8797510,4459876,0,0,0,0,0,
600036.SH,600036,20251209,131227000,432300,12700,549056,51280,0,,,31016830,1336230190,433000,428300,431800,431800,432400,432500,432600,432700,432800,432900,433000,433100,433200,433300,28700,70300,53600,110300,87700,97400,291300,42900,68700,66800,432300,432200,432100,432000,431900,431800,431700,431600,431500,431400,1900,5100,2300,18300,5600,3800,2800,19900,4000,6600,439450,426180,8795010,4454976,0,0,0,0,0,
600036.SH,600036,20251209,131230000,432300,11500,497145,51294,0,,,31028330,1336727335,433000,428300,431800,431800,432400,432500,432600,432700,432800,432900,433000,433100,433200,433300,29800,70300,58100,110300,87700,97400,291300,43900,68700,66800,432300,432200,432100,432000,431900,431800,431700,431600,431500,431400,8000,6000,2700,18300,5600,3800,2800,19900,4000,6600,439440,426190,8801610,4462576,0,0,0,0,0,
600036.SH,600036,20251209,131233000,432300,2600,112398,51299,0,,,31030930,1336839733,433000,428300,431800,431800,432400,432500,432600,432700,432800,432900,433000,433100,433200,433300,30900,70300,58100,110300,87700,97400,291300,43900,68700,66800,432300,432200,432100,432000,431900,431800,431700,431600,431500,431400,15700,6000,2700,18300,5600,3800,2800,19900,4000,6600,439440,426200,8802610,4470876,0,0,0,0,0,
600036.SH,600036,20251209,131236000,432300,200,8646,51301,0,,,31031130,1336848379,433000,428300,431800,431800,432400,432500,432600,432700,432800,432900,433000,433100,433200,433300,30900,80300,58400,110300,87700,97400,291300,43900,68700,66800,432300,432200,432100,432000,431900,431800,431700,431600,431500,431400,15700,6000,2700,18300,5600,3800,2800,19900,4000,6600,439440,426200,8788310,4471176,0,0,0,0,0,
600036.SH,600036,20251209,131239000,432300,13400,579282,51318,0,,,31044530,1337427661,433000,428300,431800,431800,432400,432500,432600,432700,432800,432900,433000,433100,433200,433300,36400,80300,58400,110300,87700,97400,291500,43900,68700,66800,432300,432200,432100,432000,431900,431800,431700,431600,431500,431400,3200,6000,2700,18300,5600,3800,2800,19900,4000,6600,439430,426190,8795510,4458676,0,0,0,0,0,
600036.SH,600036,20251209,131242000,432300,1800,77825,51322,0,,,31046330,1337505486,433000,428300,431800,431800,432400,432500,432600,432700,432800,432900,433000,433100,433200,433300,35300,80300,55800,110300,87700,96900,291500,43900,68700,66800,432300,432200,432100,432000,431900,431800,431700,431600,431500,431400,2600,6000,2700,18300,5600,3800,2800,19900,4000,6600,439440,426190,8766610,4458076,0,0,0,0,0,
600036.SH,600036,20251209,131245000,432300,1100,47556,51325,0,,,31047430,1337553042,433000,428300,431800,431800,432400,432500,432600,432700,432800,432900,433000,433100,433200,433300,35000,79800,55800,110300,87700,96900,291700,43900,68700,66800,432300,432200,432100,432000,431900,431800,431700,431600,431500,431400,7700,6000,2800,18300,5600,3800,2800,19900,4000,6600,439440,426190,8767010,4463276,0,0,0,0,0,
600036.SH,600036,20251209,131248000,432400,44400,1919861,51361,0,,,31091830,1339472903,433000,428300,431800,431800,432500,432600,432700,432800,432900,433000,433100,433200,433300,433400,79300,55300,110300,87700,96900,291500,43400,68700,66800,95600,432400,432300,432200,432100,432000,431900,431800,431700,431600,431500,19200,17400,6000,2700,18300,5600,3800,2800,19900,4000,439470,426230,8714010,4492276,0,0,0,0,0,
600036.SH,600036,20251209,131251000,432300,3600,155668,51369,0,,,31095430,1339628571,433000,428300,431800,431800,432500,432600,432700,432800,432900,433000,433100,433200,433300,433400,78200,55500,110300,88200,97700,291700,43400,68700,66800,95600,432300,432200,432100,432000,431900,431800,431700,431600,431500,431400,17700,6000,2300,18300,5600,3800,2800,19900,4000,6600,439470,426210,8713610,4475276,0,0,0,0,0,
600036.SH,600036,20251209,131254000,432500,300,12975,51370,0,,,31095730,1339641546,433000,428300,431800,431800,432400,432500,432600,432700,432800,432900,433000,433100,433200,433300,200,90700,55500,110300,88200,97700,291700,43400,68700,66800,432300,432200,432100,432000,431900,431800,431700,431600,431500,431400,19200,6000,2300,18300,5600,3800,2800,19900,4000,6600,439460,426210,8726510,4476776,0,0,0,0,0,
600036.SH,600036,20251209,131257000,432400,2600,112435,51376,0,,,31098330,1339753981,433000,428300,431800,431800,432500,432600,432700,432800,432900,433000,433100,433200,433300,433400,94800,55800,110300,55100,97700,291500,43400,68700,66800,95600,432400,432300,432200,432100,432000,431900,431800,431700,431600,431500,300,18700,6200,2800,18300,5600,3800,2800,19900,4000,439480,426210,8700510,4477076,0,0,0,0,0,
600036.SH,600036,20251209,131300000,432400,15800,683057,51392,0,,,31114130,1340437038,433000,428300,431800,431800,432500,432600,432700,432800,432900,433000,433100,433200,433300,433400,95300,56000,110300,55100,97700,292500,43400,68700,66800,95600,432400,432300,432200,432100,432000,431900,431800,431700,431600,431500,6600,5300,6200,2800,18300,5600,3800,2800,19900,4000,439480,426200,8704510,4469976,0,0,0,0,0,
600036.SH,600036,20251209,131303000,432400,4400,190291,51396,0,,,31118530,1340627329,433000,428300,431800,431800,432500,432600,432700,432800,432900,433000,433100,433200,433300,433400,121400,56300,110300,55100,97700,292400,43400,68700,66800,95600,432400,432300,432200,432100,432000,431900,431800,431700,431600,431500,7700,5300,6200,2800,18300,5600,3800,2800,19900,4000,439460,426200,8731610,4471176,0,0,0,0,0,
600036.SH,600036,20251209,131306000,432400,800,34594,51402,0,,,31119330,1340661923,433000,428300,431800,431800,432500,432600,432700,432800,432900,433000,433100,433200,433300,433400,121200,56300,110300,55100,97700,292900,43400,68700,66800,95600,432400,432300,432200,432100,432000,431900,431800,431700,431600,431500,8500,5300,6200,2800,18300,5400,3800,2800,19900,4000,439460,426200,8732610,4471276,0,0,0,0,0,
600036.SH,600036,20251209,131309000,432400,14900,644282,51422,0,,,31134230,1341306205,433000,428300,431800,431800,432500,432600,432700,432800,432900,433000,433100,433200,433300,433400,121400,56300,110300,55100,97700,292900,43400,68700,66800,95600,432400,432300,432200,432100,432000,431900,431800,431700,431600,431500,4100,4700,6200,2800,18300,5400,3800,2800,19900,4000,439460,426200,8736210,4465276,0,0,0,0,0,
600036.SH,600036,20251209,131312000,432300,9200,397818,51431,0,,,31143430,1341704023,433000,428300,431800,431800,432400,432500,432600,432700,432800,432900,433000,433100,433200,433300,25900,119400,56800,110300,55300,97700,292900,43400,68700,66800,432300,432200,432100,432000,431900,431800,431700,431600,431500,431400,3700,6400,3000,18300,5400,3800,2800,19900,4000,6600,439440,426190,8760410,4462376,0,0,0,0,0,
600036.SH,600036,20251209,131315000,432400,400,17296,51432,0,,,31143830,1341721319,433000,428300,431800,431800,432400,432500,432600,432700,432800,432900,433000,433100,433200,433300,26000,119400,56800,111800,55300,97700,292800,43400,68700,66800,432300,432200,432100,432000,431900,431800,431700,431600,431500,431400,4400,6400,3000,18300,5400,3800,2400,19500,4000,6600,439440,426190,8762310,4454776,0,0,0,0,0,
600036.SH,600036,20251209,131318000,432400,34600,1496109,51449,0,,,31178430,1343217428,433000,428300,431800,431800,432500,432600,432700,432800,432900,433000,433100,433200,433300,433400,119600,56800,109800,55300,97700,292800,43400,68700,66800,95600,432400,432300,432200,432100,432000,431900,431800,431700,431600,431500,36900,4400,6400,3000,18700,5400,3400,2400,19500,4000,439460,426240,8734610,4489676,0,0,0,0,0,
600036.SH,600036,20251209,131321000,432500,1800,77844,51453,0,,,31180230,1343295272,433000,428300,431800,431800,432500,432600,432700,432800,432900,433000,433100,433200,433300,433400,118700,56800,108500,55300,97700,292800,43400,68700,66800,95600,432400,432300,432200,432100,432000,431900,431800,431700,431600,431500,36300,4400,6400,3000,18700,5400,3400,2400,19500,4000,439460,426240,8732410,4489176,0,0,0,0,0,
600036.SH,600036,20251209,131324000,432500,4200,181640,51458,0,,,31184430,1343476912,433000,428300,431800,431800,432500,432600,432700,432800,432900,433000,433100,433200,433300,433400,115500,56800,108500,55300,97700,292800,43400,68700,66800,95600,432400,432300,432200,432100,432000,431900,431800,431700,431600,431500,38200,4500,6400,2900,18700,5400,3400,2400,19500,4000,439470,426240,8730810,4491076,0,0,0,0,0,
600036.SH,600036,20251209,131327000,432400,4800,207591,51475,0,,,31189230,1343684503,433000,428300,431800,431800,432500,432600,432700,432800,432900,433000,433100,433200,433300,433400,111800,56800,109000,55300,97700,292800,43400,68700,66800,95600,432400,432300,432200,432100,432000,431900,431800,431700,431600,431500,37400,5000,6400,2400,18700,5400,3400,2400,19500,4500,439470,426240,8727610,4490276,0,0,0,0,0,
600036.SH,600036,20251209,131330000,432500,26500,1145880,51484,0,,,31215730,1344830383,433000,428300,431800,431800,432500,432600,432700,432800,432900,433000,433100,433200,433300,433400,109800,56800,109000,56200,97700,292800,43400,68700,66800,95600,432400,432300,432200,432100,432000,431900,431800,431700,431600,431500,13200,4900,6400,2400,18700,5400,3400,2400,19500,4500,439470,426210,8726510,4465876,0,0,0,0,0,
600036.SH,600036,20251209,131333000,432400,6600,285438,51491,0,,,31222330,1345115821,433000,428300,431800,431800,432500,432600,432700,432800,432900,433000,433100,433200,433300,433400,104500,57000,109000,56200,97700,292300,43400,68700,66800,95600,432400,432300,432200,432100,432000,431900,431800,431700,431600,431500,12000,4900,6400,2400,18700,5400,3400,2400,19500,4500,439470,426200,8720910,4464676,0,0,0,0,0,
600036.SH,600036,20251209,131336000,432500,1800,77848,51493,0,,,31224130,1345193669,433000,428300,431800,431800,432500,432600,432700,432800,432900,433000,433100,433200,433300,433400,103600,57000,109000,55900,97700,292500,43400,68700,66800,95600,432400,432300,432200,432100,432000,431900,431800,431700,431600,431500,22900,4900,6400,2400,18700,5400,3400,2400,19500,4500,439470,426220,8719810,4475576,0,0,0,0,0,
600036.SH,600036,20251209,131339000,432400,18800,812927,51514,0,,,31242930,1346006596,433000,428300,431800,431800,432500,432600,432700,432800,432900,433000,433100,433200,433300,433400,104700,57000,108000,55900,97700,292600,43400,68700,66800,95600,432400,432300,432200,432100,432000,431900,431800,431700,431600,431500,6500,4900,6500,2400,18700,5400,3400,2400,19500,4500,439480,426200,8721010,4459276,0,0,0,0,0,
600036.SH,600036,20251209,131342000,432500,7300,315678,51525,0,,,31250230,1346322274,433000,428300,431800,431800,432500,432600,432700,432800,432900,433000,433100,433200,433300,433400,104800,57000,108000,55900,97700,292400,43400,68700,66800,95600,432400,432300,432200,432100,432000,431900,431800,431700,431600,431500,3100,4900,6500,2400,18700,5400,3400,2400,19500,4500,439480,426190,8703410,4454776,0,0,0,0,0,
600036.SH,600036,20251209,131345000,432300,3700,159982,51534,0,,,31253930,1346482256,433000,428300,431800,431800,432400,432500,432600,432700,432800,432900,433000,433100,433200,433300,18100,107700,57300,108000,55900,97400,292400,43400,68700,66800,432300,432200,432100,432000,431900,431800,431700,431600,431500,431400,4300,6500,2400,18700,5400,3400,2400,19500,4500,6600,439460,426190,8724310,4451176,0,0,0,0,0,
600036.SH,600036,20251209,131348000,432300,25000,1080944,51567,0,,,31278930,1347563200,433000,428300,431800,431800,432500,432600,432700,432800,432900,433000,433100,433200,433300,433400,107100,57500,108000,55900,97400,292700,43400,68700,66800,95600,432400,432300,432200,432100,432000,431900,431800,431700,431600,431500,9100,2100,6500,2700,18700,5400,3400,2400,19500,4500,439470,426200,8706310,4458376,0,0,0,0,0,
600036.SH,600036,20251209,131351000,432600,165100,7141153,51682,0,,,31444030,1354704353,433000,428300,431800,431800,432700,432800,432900,433000,433100,433200,433300,433400,433500,433600,108000,55900,97400,293700,42600,68700,66800,95600,111975,47100,432600,432500,432400,432300,432200,432100,432000,431900,431800,431700,100,7900,18800,1900,6000,2600,18200,5400,3400,2400,439610,426220,8542810,4474576,0,0,0,0,0,
600036.SH,600036,20251209,131354000,432600,24300,1051271,51737,0,,,31468330,1355755624,433000,428300,431800,431800,432700,432800,432900,433000,433100,433200,433300,433400,433500,433600,95500,54400,97400,293500,42600,69100,66800,96000,111975,47100,432600,432500,432400,432300,432200,432100,432000,431900,431800,431700,400,300,18300,1000,6200,2100,17800,4100,3400,2000,439620,426190,8531310,4448576,0,0,0,0,0,
600036.SH,600036,20251209,131357000,432600,63500,2747634,51781,0,,,31531830,1358503258,433000,428300,431800,431800,432600,432700,432800,432900,433000,433100,433200,433300,433400,433500,7500,33100,53800,97900,293400,42600,68700,66800,95600,111975,432500,432400,432300,432200,432100,432000,431900,431800,431700,431600,14100,28700,1000,6200,2100,17800,4100,3400,2000,5300,439660,426220,8475510,4472876,0,0,0,0,0,
600036.SH,600036,20251209,131400000,432600,23800,1029641,51859,0,,,31555630,1359532899,433000,428300,431800,431800,432700,432800,432900,433000,433100,433200,433300,433400,433500,433600,28000,53800,97900,293500,42600,68700,66800,95600,111975,47100,432600,432500,432400,432300,432200,432100,432000,431900,431800,431700,800,17400,28800,1000,6100,2100,17800,4100,3400,2000,439670,426230,8463410,4476876,0,0,0,0,0,
600036.SH,600036,20251209,131403000,432700,1000,43269,51864,0,,,31556630,1359576168,433000,428300,431800,431800,432700,432800,432900,433000,433100,433200,433300,433400,433500,433600,27100,53700,97900,293600,42600,68700,66800,95600,111975,47100,432600,432500,432400,432300,432200,432100,432000,431900,431800,431700,2200,17400,9300,1000,6100,2100,17800,4100,3400,2000,439670,426200,8464010,4456776,0,0,0,0,0,
600036.SH,600036,20251209,131406000,432700,26700,1155299,51891,0,,,31583330,1360731467,433000,428300,431800,431800,432700,432800,432900,433000,433100,433200,433300,433400,433500,433600,2400,53900,98600,293600,42600,68700,66800,95600,112875,47100,432600,432500,432400,432300,432200,432100,432000,431900,431800,431700,16300,17400,9300,1000,6100,2100,17800,3500,3400,1800,439690,426220,8441410,4469776,0,0,0,0,0,
600036.SH,600036,20251209,131409000,432600,20200,873843,51916,0,,,31603530,1361605310,433000,428300,431800,431800,432600,432700,432800,432900,433000,433100,433200,433300,433400,433500,4500,5300,53900,98900,293600,42600,68700,66800,95600,112975,432500,432400,432300,432200,432100,432000,431900,431800,431700,431600,14000,9300,1000,6100,2100,17800,3500,3400,1800,5300,439690,426190,8458210,4449976,0,0,0,0,0,
600036.SH,600036,20251209,131412000,432600,1700,73535,51926,0,,,31605230,1361678845,433000,428300,431800,431800,432600,432700,432800,432900,433000,433100,433200,433300,433400,433500,3700,8600,53900,98900,293600,42600,68700,66800,95600,112975,432500,432400,432300,432200,432100,432000,431900,431800,431700,431600,23200,9300,1000,6100,2600,17800,3500,2800,1800,5300,439680,426200,8461510,4459676,0,0,0,0,0,
600036.SH,600036,20251209,131415000,432600,2000,86520,51928,0,,,31607230,1361765365,433000,428300,431800,431800,432600,432700,432800,432900,433000,433100,433200,433300,433400,433500,1800,38400,54400,99700,293800,41100,68700,66800,95600,112975,432500,432400,432300,432200,432100,432000,431900,431800,431700,431600,23500,9100,1000,6100,2600,17800,3500,2800,1800,5300,439660,426200,8490810,4459476,0,0,0,0,0,
600036.SH,600036,20251209,131418000,432500,20900,903927,51981,0,,,31628130,1362669292,433000,428300,431800,431800,432600,432700,432800,432900,433000,433100,433200,433300,433400,433500,11900,38900,215400,99700,293800,41100,68700,66800,95600,112975,432500,432400,432300,432200,432100,432000,431900,431800,431700,431600,5400,9100,1000,6100,2600,17800,3500,2800,1800,5300,439560,426180,8675910,4441376,0,0,0,0,0,
600036.SH,600036,20251209,131421000,432500,1900,82175,51984,0,,,31630030,1362751467,433000,428300,431800,431800,432600,432700,432800,432900,433000,433100,433200,433300,433400,433500,12500,38900,215400,101800,293800,41600,68700,66800,95600,112975,432500,432400,432300,432200,432100,432000,431900,431800,431700,431600,3600,9100,1000,6100,2600,17800,3500,2800,1800,5300,439560,426180,8682310,4439276,0,0,0,0,0,
600036.SH,600036,20251209,131424000,432500,5300,229225,51992,0,,,31635330,1362980692,433000,428300,431800,431800,432600,432700,432800,432900,433000,433100,433200,433300,433400,433500,14200,61200,215400,102100,293800,41600,68700,66800,95600,112975,432500,432400,432300,432200,432100,432000,431900,431800,431700,431600,9700,9000,1100,6100,2600,17800,3500,2800,1800,5300,439540,426180,8711810,4445376,0,0,0,0,0,
600036.SH,600036,20251209,131427000,432500,9100,393609,52007,0,,,31644430,1363374301,433000,428300,431800,431800,432600,432700,432800,432900,433000,433100,433200,433300,433400,433500,11700,61400,215400,103400,293500,41600,68700,66800,95600,112075,432500,432400,432300,432200,432100,432000,431900,431800,431700,431600,4600,9000,1100,6100,2600,17800,3500,2800,1800,5300,439550,426180,8708410,4440276,0,0,0,0,0,
600036.SH,600036,20251209,131430000,432500,5100,220575,52017,0,,,31649530,1363594876,433000,428300,431800,431800,432500,432600,432700,432800,432900,433000,433100,433200,433300,433400,6300,11700,61400,215400,103400,293500,40600,68500,66800,95600,432400,432300,432200,432100,432000,431900,431800,431700,431600,431500,9100,1100,6100,2600,17800,3500,2800,1800,5300,3800,439540,426170,8714610,4435776,0,0,0,0,0,
600036.SH,600036,20251209,131433000,432600,6400,276801,52028,0,,,31655930,1363871677,433000,428300,431800,431800,432600,432700,432800,432900,433000,433100,433200,433300,433400,433500,11600,61500,215500,103400,293800,40600,68500,66800,95600,112275,432500,432400,432300,432200,432100,432000,431900,431800,431700,431600,900,9800,1100,6200,2600,17800,3500,2800,1800,5300,439550,426170,8708710,4437476,0,0,0,0,0,
600036.SH,600036,20251209,131436000,432500,1400,60562,52032,0,,,31657330,1363932239,433000,428300,431800,431800,432600,432700,432800,432900,433000,433100,433200,433300,433400,433500,8800,62900,215500,103400,295100,40600,68500,66800,97100,113075,432500,432400,432300,432200,432100,432000,431900,431800,431700,431600,10400,9800,1100,6300,2600,17800,3500,2800,1800,5300,439550,426190,8708310,4447076,0,0,0,0,0,
600036.SH,600036,20251209,131439000,432500,11400,493051,52046,0,,,31668730,1364425290,433000,428300,431800,431800,432500,432600,432700,432800,432900,433000,433100,433200,433300,433400,1500,8800,63500,215900,153000,294600,40600,68500,66800,97100,432400,432300,432200,432100,432000,431900,431800,431700,431600,431500,9800,1100,6300,2600,17800,3500,2800,1800,5300,3800,439510,426170,8759610,4436776,0,0,0,0,0,
600036.SH,600036,20251209,131442000,432600,9400,406627,52056,0,,,31678130,1364831917,433000,428300,431800,431800,432600,432700,432800,432900,433000,433100,433200,433300,433400,433500,3400,83000,216000,153000,294800,40600,68500,66800,97100,113075,432400,432300,432200,432100,432000,431900,431800,431700,431600,431500,9800,1100,6300,3000,17800,3500,2800,1800,5300,3800,439500,426170,8772510,4437176,0,0,0,0,0,
600036.SH,600036,20251209,131445000,432600,16500,713636,52097,0,,,31694630,1365545553,433000,428300,431800,431800,432600,432700,432800,432900,433000,433100,433200,433300,433400,433500,2200,84200,215600,153600,294800,40600,68900,66800,97100,113075,432500,432400,432300,432200,432100,432000,431900,431800,431700,431600,500,9100,1100,6300,2500,17800,3500,2800,1800,5300,439500,426170,8773110,4437476,0,0,0,0,0,
600036.SH,600036,20251209,131448000,432500,4900,211937,52109,0,,,31699530,1365757490,433000,428300,431800,431800,432500,432600,432700,432800,432900,433000,433100,433200,433300,433400,3500,2500,85000,215600,153600,295200,40600,68900,66800,97100,432400,432300,432200,432100,432000,431900,431800,431700,431600,431500,1700,1100,6300,2900,17800,4000,2800,1300,5300,3800,439490,426160,8778510,4429476,0,0,0,0,0,
600036.SH,600036,20251209,131451000,432500,4100,177326,52115,0,,,31703630,1365934816,433000,428300,431800,431800,432600,432700,432800,432900,433000,433100,433200,433300,433400,433500,2500,85600,215600,153500,295200,40600,68500,66800,97100,113075,432500,432400,432300,432200,432100,432000,431900,431800,431700,431600,5800,1800,1100,6300,2900,17800,4000,2800,1300,5300,439500,426170,8772310,4437076,0,0,0,0,0,
600036.SH,600036,20251209,131454000,432500,1400,60550,52116,0,,,31705030,1365995366,433000,428300,431800,431800,432600,432700,432800,432900,433000,433100,433200,433300,433400,433500,3000,86300,215600,153500,295200,40600,68500,66800,97100,113075,432500,432400,432300,432200,432100,432000,431900,431800,431700,431600,6500,1800,2100,6300,2900,17800,4000,2800,1300,5300,439500,426180,8775010,4438776,0,0,0,0,0,
600036.SH,600036,20251209,131457000,432500,7400,320066,52125,0,,,31712430,1366315432,433000,428300,431800,431800,432600,432700,432800,432900,433000,433100,433200,433300,433400,433500,1900,86400,215600,153100,295400,40600,68500,66800,98100,113075,432500,432400,432300,432200,432100,432000,431900,431800,431700,431600,700,1800,3100,6300,2900,18100,4000,2800,1300,5300,439500,426170,8775310,4434576,0,0,0,0,0,
600036.SH,600036,20251209,131500000,432500,800,34600,52128,0,,,31713230,1366350032,433000,428300,431800,431800,432500,432600,432700,432800,432900,433000,433100,433200,433300,433400,3700,6200,86400,215900,152900,295400,40600,68500,66800,98100,432400,432300,432200,432100,432000,431900,431800,431700,431600,431500,1800,3100,6300,2900,18100,4000,2800,1300,5300,3800,439490,426170,8783410,4434276,0,0,0,0,0,
600036.SH,600036,20251209,131503000,432500,1200,51900,52133,0,,,31714430,1366401932,433000,428300,431800,431800,432500,432600,432700,432800,432900,433000,433100,433200,433300,433400,2500,6400,86200,216000,152900,296700,40600,68500,66800,98100,432400,432300,432200,432100,432000,431900,431800,431700,431600,431500,10800,3100,6300,2900,18100,4000,2800,1300,5300,3800,439490,426180,8783710,4443076,0,0,0,0,0,
600036.SH,600036,20251209,131506000,432500,4100,177324,52144,0,,,31718530,1366579256,433000,428300,431800,431800,432500,432600,432700,432800,432900,433000,433100,433200,433300,433400,5000,6900,86200,215800,152900,296700,40600,68500,66800,98100,432400,432300,432200,432100,432000,431900,431800,431700,431600,431500,10700,3100,6300,2900,18000,4000,2800,1300,5300,3800,439490,426180,8789010,4442876,0,0,0,0,0,
600036.SH,600036,20251209,131509000,432500,12400,536197,52160,0,,,31730930,1367115453,433000,428300,431800,431800,432500,432600,432700,432800,432900,433000,433100,433200,433300,433400,4100,6900,85400,215800,152900,296700,40600,68500,66800,98100,432400,432300,432200,432100,432000,431900,431800,431700,431600,431500,700,3300,6300,2900,23000,4000,2800,1300,5300,3800,439490,426170,8788410,4437576,0,0,0,0,0,
600036.SH,600036,20251209,131512000,432400,1300,56213,52167,0,,,31732230,1367171666,433000,428300,431800,431800,432500,432600,432700,432800,432900,433000,433100,433200,433300,433400,4100,6900,85400,215800,152900,296700,40600,68500,66800,98100,432400,432300,432200,432100,432000,431900,431800,431700,431600,431500,500,3300,6200,2900,23000,4000,2800,1300,5300,3800,439490,426170,8791410,4435576,0,0,0,0,0,
600036.SH,600036,20251209,131515000,432400,2600,112427,52174,0,,,31734830,1367284093,433000,428300,431800,431800,432500,432600,432700,432800,432900,433000,433100,433200,433300,433400,6600,7000,85400,215800,152900,296700,40600,68500,66800,98100,432400,432300,432200,432100,432000,431900,431800,431700,431600,431500,8200,3300,6200,2900,23000,4000,2800,1300,5300,4300,439490,426190,8794610,4449276,0,0,0,0,0,
600036.SH,600036,20251209,131518000,432400,9200,397811,52186,0,,,31744030,1367681904,433000,428300,431800,431800,432400,432500,432600,432700,432800,432900,433000,433100,433200,433300,3000,7400,7000,82500,215800,152900,296700,40600,68500,66800,432300,432200,432100,432000,431900,431800,431700,431600,431500,431400,3200,6200,2900,23000,4000,2800,1300,5300,4300,6600,439490,426170,8799110,4440976,0,0,0,0,0,
600036.SH,600036,20251209,131521000,432400,2800,121057,52195,0,,,31746830,1367802961,433000,428300,431800,431800,432400,432500,432600,432700,432800,432900,433000,433100,433200,433300,1700,7800,48900,82500,215800,151700,296700,40600,68500,66800,432300,432200,432100,432000,431900,431800,431700,431600,431500,431400,2700,6300,2900,23000,4000,2800,1300,5300,4300,6600,439450,426170,8838710,4441076,0,0,0,0,0,
600036.SH,600036,20251209,131524000,432400,1700,73508,52197,0,,,31748530,1367876469,433000,428300,431800,431800,432500,432600,432700,432800,432900,433000,433100,433200,433300,433400,7900,49500,83900,215800,151700,296700,40600,68700,66800,98100,432300,432200,432100,432000,431900,431800,431700,431600,431500,431400,3000,6300,2900,23000,4000,2800,1300,5300,4300,6600,439450,426170,8840810,4441476,0,0,0,0,0,
600036.SH,600036,20251209,131527000,432300,1700,73501,52202,0,,,31750230,1367949970,433000,428300,431800,431800,432400,432500,432600,432700,432800,432900,433000,433100,433200,433300,100,7600,49500,83900,215800,151800,296300,40600,68200,66800,432300,432200,432100,432000,431900,431800,431700,431600,431500,431400,10400,6400,2900,23400,4000,2800,1300,5300,4300,6600,439450,426190,8840610,4449876,0,0,0,0,0,
600036.SH,600036,20251209,131530000,432300,6800,293965,52215,0,,,31757030,1368243935,433000,428300,431800,431800,432500,432600,432700,432800,432900,433000,433100,433200,433300,433400,9100,49400,83400,217100,151800,296300,40600,68200,67800,98100,432300,432200,432100,432000,431900,431800,431700,431600,431500,431400,3800,6400,2900,23400,4100,2800,1300,5300,4300,6600,439450,426180,8846710,4442576,0,0,0,0,0,
600036.SH,600036,20251209,131533000,432500,2100,90819,52220,0,,,31759130,1368334754,433000,428300,431800,431800,432400,432500,432600,432700,432800,432900,433000,433100,433200,433300,300,11600,49400,83900,217000,150300,296400,40600,68200,67800,432300,432200,432100,432000,431900,431800,431700,431600,431500,431400,6000,6600,3000,23400,4000,2800,1300,5300,4300,6600,439450,426180,8845810,4444976,0,0,0,0,0,
600036.SH,600036,20251209,131536000,432300,2600,112398,52222,0,,,31761730,1368447152,433000,428300,431800,431800,432400,432500,432600,432700,432800,432900,433000,433100,433200,433300,700,19100,49400,83900,217500,150300,296400,40600,68200,67800,432300,432200,432100,432000,431900,431800,431700,431600,431500,431400,3400,6600,3000,23400,4000,2800,1300,5300,4300,6600,439440,426180,8854210,4442476,0,0,0,0,0,
600036.SH,600036,20251209,131539000,432300,3700,159951,52236,0,,,31765430,1368607103,433000,428300,431800,431800,432300,432400,432500,432600,432700,432800,432900,433000,433100,433200,3500,1500,22000,49400,83900,217500,150300,298000,40600,68200,432200,432100,432000,431900,431800,431700,431600,431500,431400,431300,6600,2700,23400,4000,3300,1300,5300,4300,6600,2600,439440,426170,8862510,4439276,0,0,0,0,0,
600036.SH,600036,20251209,131542000,432400,4700,203186,52255,0,,,31770130,1368810289,433000,428300,431800,431800,432400,432500,432600,432700,432800,432900,433000,433100,433200,433300,1000,21700,50200,84000,220100,150300,298000,40600,68200,67800,432300,432200,432100,432000,431900,431800,431700,431600,431500,431400,100,15600,2700,23400,4000,3300,1300,5300,4300,6600,439440,426180,8861710,4448276,0,0,0,0,0,
600036.SH,600036,20251209,131545000,432400,600,25944,52258,0,,,31770730,1368836233,433000,428300,431800,431800,432400,432500,432600,432700,432800,432900,433000,433100,433200,433300,500,21500,50200,54300,220100,149500,299100,40600,68200,67800,432300,432200,432100,432000,431900,431800,431700,431600,431500,431400,2600,15600,2700,23400,4000,3300,1300,5300,4300,6600,439460,426190,8831610,4450676,0,0,0,0,0,
600036.SH,600036,20251209,131548000,432300,16400,709065,52286,0,,,31787130,1369545298,433000,428300,431800,431800,432400,432500,432600,432700,432800,432900,433000,433100,433200,433300,1500,42900,51400,54300,220200,149500,299100,40600,68600,67800,432300,432200,432100,432000,431900,431800,431700,431600,431500,431400,2600,6600,2700,23400,4000,3300,1300,5300,4300,6600,439440,426180,8856210,4441676,0,0,0,0,0,
600036.SH,600036,20251209,131551000,432300,4400,190264,52297,0,,,31791530,1369735562,433000,428300,431800,431800,432400,432500,432600,432700,432800,432900,433000,433100,433200,433300,100,42800,51400,54300,219700,149500,299100,40600,68600,67700,432300,432200,432100,432000,431900,431800,431700,431600,431500,431400,9300,7800,2700,23400,4000,3300,2300,5300,4300,6600,439440,426190,8853910,4450576,0,0,0,0,0,
600036.SH,600036,20251209,131554000,432500,3500,151372,52305,0,,,31795030,1369886934,433000,428300,431800,431800,432500,432600,432700,432800,432900,433000,433100,433200,433300,433400,69700,50900,54100,219700,149500,299000,40600,68600,67700,98100,432400,432300,432200,432100,432000,431900,431800,431700,431600,431500,5300,7300,7800,2700,23400,4000,3300,2300,5300,4300,439420,426190,8881910,4453876,0,0,0,0,0,
600036.SH,600036,20251209,131557000,432400,3800,164340,52312,0,,,31798830,1370051274,433000,428300,431800,431800,432500,432600,432700,432800,432900,433000,433100,433200,433300,433400,67200,50900,54100,219700,149500,299000,40600,68600,67700,98100,432400,432300,432200,432100,432000,431900,431800,431700,431600,431500,7600,7800,7700,2700,23400,4000,3300,2300,5300,4300,439430,426200,8876510,4456976,0,0,0,0,0,
600036.SH,600036,20251209,131600000,432500,11800,510227,52328,0,,,31810630,1370561501,433000,428300,431800,431800,432500,432600,432700,432800,432900,433000,433100,433200,433300,433400,67700,50900,54100,220100,149500,298200,40600,68200,67700,98100,432400,432300,432200,432100,432000,431900,431800,431700,431600,431500,6400,6800,7300,2700,23400,4000,3300,2300,5300,4300,439430,426200,8875810,4457376,0,0,0,0,0,
600036.SH,600036,20251209,131603000,432500,3800,164347,52334,0,,,31814430,1370725848,433000,428300,431800,431800,432500,432600,432700,432800,432900,433000,433100,433200,433300,433400,64900,51000,67600,220100,147800,298200,40600,68200,67700,98100,432400,432300,432200,432100,432000,431900,431800,431700,431600,431500,9200,6800,7300,2700,23400,4000,3300,2300,5300,4300,439420,426200,8886810,4460176,0,0,0,0,0,
600036.SH,600036,20251209,131606000,432400,5000,216237,52342,0,,,31819430,1370942085,433000,428300,431800,431800,432500,432600,432700,432800,432900,433000,433100,433200,433300,433400,63100,50900,67600,220100,147600,299200,40600,67800,67700,98100,432400,432300,432200,432100,432000,431900,431800,431700,431600,431500,16600,7100,7300,2700,23400,4000,3300,2300,5300,4300,439420,426210,8885310,4467976,0,0,0,0,0,
600036.SH,600036,20251209,131609000,432500,22800,985911,52374,0,,,31842230,1371927996,433000,428300,431800,431800,432500,432600,432700,432800,432900,433000,433100,433200,433300,433400,59700,50900,67600,220100,147600,299200,40600,67800,67700,98100,432400,432300,432200,432100,432000,431900,431800,431700,431600,431500,200,7500,7300,2500,23400,4000,3300,2300,5300,4300,439420,426190,8880510,4451376,0,0,0,0,0,
600036.SH,600036,20251209,131612000,432400,600,25944,52376,0,,,31842830,1371953940,433000,428300,431800,431800,432500,432600,432700,432800,432900,433000,433100,433200,433300,433400,62500,50900,69600,220100,147600,289200,40600,67800,67700,98100,432400,432300,432200,432100,432000,431900,431800,431700,431600,431500,1600,7500,7200,2500,23400,4000,3300,2300,5300,4300,439430,426190,8875310,4456476,0,0,0,0,0,
600036.SH,600036,20251209,131615000,432400,8500,367557,52392,0,,,31851330,1372321497,433000,428300,431800,431800,432400,432500,432600,432700,432800,432900,433000,433100,433200,433300,18500,63400,50900,69800,219800,147600,289900,40600,67800,68100,432300,432200,432100,432000,431900,431800,431700,431600,431500,431400,7500,7300,2900,23400,4000,3300,2300,5300,4300,6600,439410,426190,8894910,4455376,0,0,0,0,0,
600036.SH,600036,20251209,131618000,432400,14400,622568,52416,0,,,31865730,1372944065,433000,428300,431800,431800,432400,432500,432600,432700,432800,432900,433000,433100,433200,433300,12900,73400,51200,69800,219800,147600,289900,40600,67800,68100,432300,432200,432100,432000,431900,431800,431700,431600,431500,431400,1300,7300,3000,23400,4000,3300,2300,5300,4300,6600,439410,426180,8899610,4449276,0,0,0,0,0,
600036.SH,600036,20251209,131621000,432400,14500,626972,52432,0,,,31880230,1373571037,433000,428300,431800,431800,432500,432600,432700,432800,432900,433000,433100,433200,433300,433400,74900,51100,69900,219700,147600,290200,37600,67800,68100,98100,432300,432200,432100,432000,431900,431800,431700,431600,431500,431400,36900,7600,3000,23400,4000,3300,2300,5300,4300,6600,439420,426230,8887410,4484176,0,0,0,0,0,
600036.SH,600036,20251209,131624000,432500,56500,2443547,52452,0,,,31936730,1376014584,433000,428300,431800,431800,432500,432600,432700,432800,432900,433000,433100,433200,433300,433400,27400,51700,69900,219700,147600,288900,37600,67800,68100,98100,432400,432300,432200,432100,432000,431900,431800,431700,431600,431500,51900,46600,7600,3000,23400,4000,3300,2300,5300,4300,439450,426310,8839910,4545676,0,0,0,0,0,
600036.SH,600036,20251209,131627000,432500,48900,2115139,52501,0,,,31985630,1378129723,433000,428300,431800,431800,432600,432700,432800,432900,433000,433100,433200,433300,433400,433500,30300,70100,219300,147600,286500,37600,67800,68100,98100,112975,432500,432400,432300,432200,432100,432000,431900,431800,431700,431600,2500,43100,47600,7500,2100,23000,4000,3300,2300,5300,439490,426310,8788510,4538976,0,0,0,0,0,
600036.SH,600036,20251209,131630000,432500,56800,2456122,52573,0,,,32042430,1380585845,433000,428300,431800,431800,432600,432700,432800,432900,433000,433100,433200,433300,433400,433500,1100,75000,219400,147600,286500,37600,67800,68100,98100,112475,432500,432400,432300,432200,432100,432000,431900,431800,431700,431600,8600,400,31800,7100,2100,23400,4000,3300,2300,5300,439510,426240,8765610,4486876,0,0,0,0,0,
600036.SH,600036,20251209,131633000,432600,2500,108139,52582,0,,,32044930,1380693984,433000,428300,431800,431800,432600,432700,432800,432900,433000,433100,433200,433300,433400,433500,600,74800,219600,147600,287100,37600,67800,68100,98100,112475,432500,432400,432300,432200,432100,432000,431900,431800,431700,431600,8700,300,31700,6000,2100,23400,4000,3300,2300,5300,439510,426230,8765610,4486876,0,0,0,0,0,
600036.SH,600036,20251209,131636000,432500,19700,852115,52599,0,,,32064630,1381546099,433000,428300,431800,431800,432600,432700,432800,432900,433000,433100,433200,433300,433400,433500,5800,74800,219900,147600,287100,37600,67800,68100,98100,112475,432500,432400,432300,432200,432100,432000,431900,431800,431700,431600,600,700,31700,6100,2100,23000,4000,3300,2300,5300,439510,426210,8771110,4466476,0,0,0,0,0,
600036.SH,600036,20251209,131639000,432500,700,30275,52601,0,,,32065330,1381576374,433000,428300,431800,431800,432500,432600,432700,432800,432900,433000,433100,433200,433300,433400,21100,6600,74900,220000,147600,287200,37600,67800,68100,98100,432400,432300,432200,432100,432000,431900,431800,431700,431600,431500,700,31700,6100,2100,23000,4000,3300,2300,5300,4300,439490,426210,8793610,4466476,0,0,0,0,0,
600036.SH,600036,20251209,131642000,432500,800,34600,52602,0,,,32066130,1381610974,433000,428300,431800,431800,432500,432600,432700,432800,432900,433000,433100,433200,433300,433400,21400,6700,75400,220000,147600,297200,37600,67300,68100,98100,432400,432300,432200,432100,432000,431900,431800,431700,431600,431500,2100,31700,6100,2600,23000,4000,3300,2300,5300,4300,439480,426210,8804010,4468376,0,0,0,0,0,
600036.SH,600036,20251209,131645000,432400,3100,134061,52609,0,,,32069230,1381745035,433000,428300,431800,431800,432500,432600,432700,432800,432900,433000,433100,433200,433300,433400,20100,9000,76400,220000,147600,297200,37600,67300,68100,98100,432400,432300,432200,432100,432000,431900,431800,431700,431600,431500,1400,31700,6100,2600,23000,4000,3300,2300,5300,4300,439480,426210,8806010,4466876,0,0,0,0,0,
600036.SH,600036,20251209,131648000,432400,2700,116749,52617,0,,,32071930,1381861784,433000,428300,431800,431800,432400,432500,432600,432700,432800,432900,433000,433100,433200,433300,18000,20000,9100,76600,220000,147600,297200,37600,67300,68100,432300,432200,432100,432000,431900,431800,431700,431600,431500,431400,31700,6100,2600,23000,4000,3300,2300,5300,4300,6600,439470,426210,8826210,4465476,0,0,0,0,0,
600036.SH,600036,20251209,131651000,432300,1500,64845,52619,0,,,32073430,1381926629,433000,428300,431800,431800,432400,432500,432600,432700,432800,432900,433000,433100,433200,433300,18000,20000,9200,76600,220000,147600,297300,37600,67300,68100,432300,432200,432100,432000,431900,431800,431700,431600,431500,431400,11400,5600,2600,23600,4000,3300,2300,5300,4300,6600,439470,426180,8826810,4444276,0,0,0,0,0,
600036.SH,600036,20251209,131654000,432300,7300,315579,52626,0,,,32080730,1382242208,433000,428300,431800,431800,432400,432500,432600,432700,432800,432900,433000,433100,433200,433300,18500,20000,9200,76600,220000,147600,297800,37600,67300,68100,432300,432200,432100,432000,431900,431800,431700,431600,431500,431400,5400,5600,2600,20100,4000,3300,2300,5300,4300,6600,439460,426170,8827810,4434276,0,0,0,0,0,
600036.SH,600036,20251209,131657000,432200,10100,436618,52649,0,,,32090830,1382678826,433000,428300,431800,431800,432300,432400,432500,432600,432700,432800,432900,433000,433100,433200,1800,20700,20000,3800,80000,220300,147600,297800,36100,67300,432200,432100,432000,431900,431800,431700,431600,431500,431400,431300,4400,2600,17900,4000,3300,2300,5300,4300,6600,2600,439460,426160,8828910,4425276,0,0,0,0,0,
600036.SH,600036,20251209,131700000,432200,7300,315480,52669,0,,,32098130,1382994306,433000,428300,431800,431800,432200,432300,432400,432500,432600,432700,432800,432900,433000,433100,8800,3500,19100,20300,3800,78900,220300,147600,297800,36100,432000,431900,431800,431700,431600,431500,431400,431300,431200,431100,16600,4000,3300,2300,5300,4300,6600,2600,1500,3800,439460,426150,8835310,4417976,0,0,0,0,0,
600036.SH,600036,20251209,131703000,432200,1900,82118,52672,0,,,32100030,1383076424,433000,428300,431800,431800,432200,432300,432400,432500,432600,432700,432800,432900,433000,433100,10000,2000,19300,21200,3800,78400,220500,147700,297800,36100,432000,431900,431800,431700,431600,431500,431400,431300,431200,431100,26800,3500,2800,2300,5300,4300,6600,2600,1500,3800,439460,426160,8836210,4427976,0,0,0,0,0,
600036.SH,600036,20251209,131706000,432200,3500,151270,52676,0,,,32103530,1383227694,433000,428300,431800,431800,432200,432300,432400,432500,432600,432700,432800,432900,433000,433100,6500,3100,19300,21200,3800,78400,219900,147700,297800,36100,432000,431900,431800,431700,431600,431500,431400,431300,431200,431100,26800,3500,2800,2300,5300,4300,6600,2600,1500,3800,439460,426160,8832810,4427976,0,0,0,0,0,
600036.SH,600036,20251209,131709000,432000,16700,721440,52690,0,,,32120230,1383949134,433000,428300,431800,431800,432200,432300,432400,432500,432600,432700,432800,432900,433000,433100,6800,3100,19300,21200,3800,128400,219900,147700,297800,36100,432100,432000,431900,431800,431700,431600,431500,431400,431300,431200,15600,10100,3500,2800,2300,5300,4300,6600,2600,1500,439420,426150,8881210,4415176,0,0,0,0,0,
600036.SH,600036,20251209,131712000,432100,2900,125324,52694,0,,,32123130,1384074458,433000,428300,431800,431800,432200,432300,432400,432500,432600,432700,432800,432900,433000,433100,5500,2000,19800,21200,3800,130600,219500,147700,298300,36100,432100,432000,431900,431800,431700,431600,431500,431400,431300,431200,14800,9500,3500,2800,2300,5300,4300,6600,2600,1500,439420,426150,8890610,4413776,0,0,0,0,0,
600036.SH,600036,20251209,131715000,432100,7300,315436,52704,0,,,32130430,1384389894,433000,428300,431800,431800,432200,432300,432400,432500,432600,432700,432800,432900,433000,433100,5800,3100,19800,20900,3800,130600,219500,148200,298000,36100,432100,432000,431900,431800,431700,431600,431500,431400,431300,431200,7900,300,3600,2800,2300,5300,4300,6600,2600,1500,439420,426130,8891910,4397776,0,0,0,0,0,
600036.SH,600036,20251209,131718000,432100,27000,1166670,52756,0,,,32157430,1385556564,433000,428300,431800,431800,432100,432200,432300,432400,432500,432600,432700,432800,432900,433000,1100,13000,1400,19800,20900,4100,130600,219500,148200,298000,432000,431900,431800,431700,431600,431500,431400,431300,431200,431100,300,3900,2800,2300,5300,4200,6600,2600,1500,3800,439410,426120,8902610,4390076,0,0,0,0,0,
600036.SH,600036,20251209,131721000,431900,3700,159822,52772,0,,,32161130,1385716386,433000,428300,431800,431800,432000,432100,432200,432300,432400,432500,432600,432700,432800,432900,4500,5900,13100,1300,19300,21000,4200,130600,219500,148200,431900,431800,431700,431600,431500,431400,431300,431200,431100,431000,400,2800,2400,5200,4200,6600,2600,1500,3800,19400,439410,426120,8912610,4386676,0,0,0,0,0,
600036.SH,600036,20251209,131724000,431900,6100,263405,52799,0,,,32167230,1385979791,433000,428300,431800,431800,431900,432000,432100,432200,432300,432400,432500,432600,432700,432800,900,4700,6400,8600,1500,19300,21000,4200,130600,219500,431700,431600,431500,431400,431300,431200,431100,431000,430900,430800,1100,5200,4100,6600,2600,1500,3800,19400,15200,19600,439410,426110,8910510,4381976,0,0,0,0,0,
600036.SH,600036,20251209,131727000,432000,7200,310929,52811,0,,,32174430,1386290720,433000,428300,431800,431800,432000,432100,432200,432300,432400,432500,432600,432700,432800,432900,13400,7300,8500,1500,19300,21000,4200,130600,219500,148700,431900,431800,431700,431600,431500,431400,431300,431200,431100,431000,1100,13700,1100,5200,4000,6600,2600,1500,8300,19400,439400,426130,8918710,4401176,0,0,0,0,0,
600036.SH,600036,20251209,131730000,431900,11600,501024,52836,0,,,32186030,1386791744,433000,428300,431800,431800,432000,432100,432200,432300,432400,432500,432600,432700,432800,432900,10900,7300,8500,1500,19300,21000,4200,117100,219500,148700,431900,431800,431700,431600,431500,431400,431300,431200,431100,431000,12200,7500,1100,5200,4000,6600,2600,1500,8300,19400,439410,426140,8902810,4406076,0,0,0,0,0,
600036.SH,600036,20251209,131733000,431900,4000,172760,52846,0,,,32190030,1386964504,433000,428300,431800,431800,432000,432100,432200,432300,432400,432500,432600,432700,432800,432900,13400,7800,8500,1600,19300,21500,4200,117100,219500,148700,431900,431800,431700,431600,431500,431400,431300,431200,431100,431000,7900,7500,1100,5700,4000,6600,2600,1500,8300,19400,439410,426130,8906310,4401276,0,0,0,0,0,
600036.SH,600036,20251209,131736000,431900,300,12957,52849,0,,,32190330,1386977461,433000,428300,431800,431800,432000,432100,432200,432300,432400,432500,432600,432700,432800,432900,13900,7800,8500,1600,19300,21400,4400,113800,219200,148700,431900,431800,431700,431600,431500,431400,431300,431200,431100,431000,7600,9200,1100,5700,4000,6600,2600,1500,8300,19400,439410,426140,8902510,4402976,0,0,0,0,0,
600036.SH,600036,20251209,131739000,431900,9100,393031,52859,0,,,32199430,1387370492,433000,428300,431800,431800,431900,432000,432100,432200,432300,432400,432500,432600,432700,432800,100,13700,7800,8500,1800,19300,21400,4400,111800,219200,431800,431700,431600,431500,431400,431300,431200,431100,431000,430900,9200,1100,5700,4000,6600,2600,1500,8300,19400,15200,439420,426130,8902110,4395476,0,0,0,0,0,
600036.SH,600036,20251209,131742000,431900,500,21595,52862,0,,,32199930,1387392087,433000,428300,431800,431800,432000,432100,432200,432300,432400,432500,432600,432700,432800,432900,13700,7800,8500,1700,19300,21800,4400,111700,219000,148700,431900,431800,431700,431600,431500,431400,431300,431200,431100,431000,8300,10100,1100,5900,4000,6600,2600,1500,8300,19400,439420,426140,8902010,4400876,0,0,0,0,0,
600036.SH,600036,20251209,131745000,432000,1900,82080,52866,0,,,32201830,1387474167,433000,428300,431800,431800,432000,432100,432200,432300,432400,432500,432600,432700,432800,432900,11800,7800,8500,2200,18900,24700,4400,111700,219000,148700,431900,431800,431700,431600,431500,431400,431300,431200,431100,431000,9800,10100,1100,5800,4000,6600,2600,1500,8300,19400,439420,426140,8908610,4402276,0,0,0,0,0,
600036.SH,600036,20251209,131748000,431900,4800,207350,52871,0,,,32206630,1387681517,433000,428300,431800,431800,432000,432100,432200,432300,432400,432500,432600,432700,432800,432900,8000,7800,8500,2200,18900,24800,4300,111700,219100,148700,431900,431800,431700,431600,431500,431400,431300,431200,431100,431000,10000,10100,1100,5800,4000,6600,2600,1500,8300,19400,439420,426140,8904910,4403576,0,0,0,0,0,
600036.SH,600036,20251209,131751000,432000,12700,548534,52885,0,,,32219330,1388230051,433000,428300,431800,431800,432000,432100,432200,432300,432400,432500,432600,432700,432800,432900,8900,8200,7900,2200,18900,24800,4300,108600,219100,148700,431900,431800,431700,431600,431500,431400,431300,431200,431100,431000,200,2700,1100,6200,4000,6600,2600,1500,8300,19400,439420,426120,8902510,4386476,0,0,0,0,0,
600036.SH,600036,20251209,131754000,431900,2200,95018,52889,0,,,32221530,1388325069,433000,428300,431800,431800,432000,432100,432200,432300,432400,432500,432600,432700,432800,432900,8600,8200,7600,2200,18900,25200,4300,108600,219100,148700,431900,431800,431700,431600,431500,431400,431300,431200,431100,431000,9000,2700,1100,6200,4000,6600,2600,1500,8300,19400,439420,426130,8899710,4394776,0,0,0,0,0,
600036.SH,600036,20251209,131757000,431900,6200,267778,52894,0,,,32227730,1388592847,433000,428300,431800,431800,432000,432100,432200,432300,432400,432500,432600,432700,432800,432900,11800,10200,7600,2100,18900,26300,4300,108600,219100,148700,431900,431800,431700,431600,431500,431400,431300,431200,431100,431000,3200,3300,1100,6200,4000,6600,2600,1500,8300,19400,439420,426120,8907110,4389676,0,0,0,0,0,
600036.SH,600036,20251209,131800000,431900,5300,228915,52910,0,,,32233030,1388821762,433000,428300,431800,431800,432000,432100,432200,432300,432400,432500,432600,432700,432800,432900,11700,10200,7400,2100,18900,36300,4300,108600,219100,148700,431900,431800,431700,431600,431500,431400,431300,431200,431100,431000,200,3300,1400,6200,4000,6600,2600,1500,8300,19500,439410,426120,8916610,4387176,0,0,0,0,0,
600036.SH,600036,20251209,131803000,432000,1700,73434,52916,0,,,32234730,1388895196,433000,428300,431800,431800,432000,432100,432200,432300,432400,432500,432600,432700,432800,432900,10400,10200,7400,2000,18900,36300,4300,108600,219100,148700,431900,431800,431700,431600,431500,431400,431300,431200,431100,431000,300,3300,1400,7100,4000,6600,2600,1500,8300,19500,439410,426120,8915210,4389576,0,0,0,0,0,
600036.SH,600036,20251209,131806000,432000,400,17280,52918,0,,,32235130,1388912476,433000,428300,431800,431800,432000,432100,432200,432300,432400,432500,432600,432700,432800,432900,11400,10200,7400,2000,18900,36300,14300,107500,219200,148700,431900,431800,431700,431600,431500,431400,431300,431200,431100,431000,2200,3300,1500,7100,4000,6600,2600,1500,8300,19500,439400,426120,8925210,4391076,0,0,0,0,0,
600036.SH,600036,20251209,131809000,431900,6300,272112,52946,0,,,32241430,1389184588,433000,428300,431800,431800,432000,432100,432200,432300,432400,432500,432600,432700,432800,432900,13400,10200,7300,2000,18900,36300,14300,107500,219200,148700,431900,431800,431700,431600,431500,431400,431300,431200,431100,431000,3800,4300,1600,7100,4000,6600,2600,1500,8300,19500,439400,426130,8925810,4393776,0,0,0,0,0,
600036.SH,600036,20251209,131812000,431900,5600,241877,52962,0,,,32247030,1389426465,433000,428300,431800,431800,432000,432100,432200,432300,432400,432500,432600,432700,432800,432900,12500,10200,4600,2000,18900,36300,14300,107500,219200,148700,431900,431800,431700,431600,431500,431400,431300,431200,431100,431000,9300,4300,1600,7100,4000,6600,2600,1500,8300,19500,439410,426130,8922410,4399476,0,0,0,0,0,
600036.SH,600036,20251209,131815000,432000,1500,64800,52966,0,,,32248530,1389491265,433000,428300,431800,431800,432000,432100,432200,432300,432400,432500,432600,432700,432800,432900,11000,10200,4600,12000,18900,37100,14300,117500,219200,148700,431900,431800,431700,431600,431500,431400,431300,431200,431100,431000,9400,4300,1600,11100,4000,6600,2600,1500,8300,19500,439390,426140,8939910,4398676,0,0,0,0,0,
600036.SH,600036,20251209,131818000,431900,1000,43193,52969,0,,,32249530,1389534458,433000,428300,431800,431800,432000,432100,432200,432300,432400,432500,432600,432700,432800,432900,17500,10200,4600,12000,18900,37300,14300,117500,219200,148700,431900,431800,431700,431600,431500,431400,431300,431200,431100,431000,18700,4500,1600,11100,4000,6600,2600,1500,8300,19500,439390,426150,8947910,4408176,0,0,0,0,0,
600036.SH,600036,20251209,131821000,432000,10200,440553,52982,0,,,32259730,1389975011,433000,428300,431800,431800,432000,432100,432200,432300,432400,432500,432600,432700,432800,432900,16700,11700,4600,11000,18900,37600,14300,117500,219200,149900,431900,431800,431700,431600,431500,431400,431300,431200,431100,431000,20200,4500,2500,11100,3900,6600,2600,1500,8300,19100,439380,426150,8948310,4409776,0,0,0,0,0,
600036.SH,600036,20251209,131824000,431900,5300,228956,52992,0,,,32265030,1390203967,433000,428300,431800,431800,432000,432100,432200,432300,432400,432500,432600,432700,432800,432900,11900,11700,4600,11000,18900,37600,14300,117500,219200,149900,431900,431800,431700,431600,431500,431400,431300,431200,431100,431000,21300,4600,2500,11600,3900,6600,2600,1500,8300,19100,439390,426150,8946510,4411576,0,0,0,0,0,
600036.SH,600036,20251209,131827000,431900,46600,2012658,53019,0,,,32311630,1392216625,433000,428300,431800,431800,432000,432100,432200,432300,432400,432500,432600,432700,432800,432900,10300,10200,4000,11100,18900,37600,14300,117500,219200,149900,431900,431800,431700,431600,431500,431400,431300,431200,431100,431000,3700,4700,2500,11600,3900,6600,2600,1500,8300,19100,439390,426130,8941310,4394076,0,0,0,0,0,
600036.SH,600036,20251209,131830000,432000,12700,548575,53045,0,,,32324330,1392765200,433000,428300,431800,431800,432000,432100,432200,432300,432400,432500,432600,432700,432800,432900,4100,10200,4100,10800,18900,38000,14300,118100,219200,149900,431900,431800,431700,431600,431500,431400,431300,431200,431100,431000,3400,4700,2500,11600,3900,6600,2600,1500,8300,19100,439390,426130,8936010,4393776,0,0,0,0,0,
600036.SH,600036,20251209,131833000,432100,14800,639415,53077,0,,,32339130,1393404615,433000,428300,431800,431800,432100,432200,432300,432400,432500,432600,432700,432800,432900,433000,2200,4100,10800,18900,37600,14300,118100,219500,149900,304900,431900,431800,431700,431600,431500,431400,431300,431200,431100,431000,7700,5400,2500,11100,3900,6600,2600,1500,8100,19100,439410,426140,8925810,4398176,0,0,0,0,0,
600036.SH,600036,20251209,131836000,432000,200,8640,53079,0,,,32339330,1393413255,433000,428300,431800,431800,432100,432200,432300,432400,432500,432600,432700,432800,432900,433000,2300,3500,10500,18900,37600,18300,118100,219500,149900,304900,432000,431900,431800,431700,431600,431500,431400,431300,431200,431100,100,8300,5400,2500,11100,3900,7100,2600,1500,24000,439400,426160,8929110,4413676,0,0,0,0,0,
600036.SH,600036,20251209,131839000,432000,15000,648138,53113,0,,,32354330,1394061393,433000,428300,431800,431800,432200,432300,432400,432500,432600,432700,432800,432900,433000,433100,1100,9700,19500,38600,18300,118600,219500,149900,304900,36200,432000,431900,431800,431700,431600,431500,431400,431300,431200,431100,2100,13700,5000,2400,10600,3900,7100,2600,1500,24100,439410,426170,8925710,4422476,0,0,0,0,0,
600036.SH,600036,20251209,131842000,432300,4000,172866,53122,0,,,32358330,1394234259,433000,428300,431800,431800,432300,432400,432500,432600,432700,432800,432900,433000,433100,433200,8500,18900,39500,18300,118800,220100,149900,304900,36200,67300,432000,431900,431800,431700,431600,431500,431400,431300,431200,431100,11200,5800,5300,2400,10600,3900,7100,2600,1500,24100,439410,426170,8924610,4423976,0,0,0,0,0,
600036.SH,600036,20251209,131845000,432200,3100,134003,53126,0,,,32361430,1394368262,433000,428300,431800,431800,432200,432300,432400,432500,432600,432700,432800,432900,433000,433100,600,6400,18900,39100,18300,118800,219900,149900,304900,36200,432000,431900,431800,431700,431600,431500,431400,431300,431200,431100,13400,6300,5300,2400,10600,3900,7100,2600,1500,24100,439410,426170,8923710,4426676,0,0,0,0,0,
600036.SH,600036,20251209,131848000,432200,1400,60503,53133,0,,,32362830,1394428765,433000,428300,431800,431800,432200,432300,432400,432500,432600,432700,432800,432900,433000,433100,900,6300,19500,39100,18300,118400,219900,149900,304900,36200,432000,431900,431800,431700,431600,431500,431400,431300,431200,431100,13400,6300,5300,2500,10600,4400,7500,2600,1500,24000,439410,426170,8925110,4426776,0,0,0,0,0,
600036.SH,600036,20251209,131851000,432100,23900,1032679,53182,0,,,32386730,1395461444,433000,428300,431800,431800,432200,432300,432400,432500,432600,432700,432800,432900,433000,433100,7600,6300,19500,39300,18100,118400,220900,149900,303900,36200,432100,432000,431900,431800,431700,431600,431500,431400,431300,431200,300,5300,6300,5300,2400,10600,4400,7500,2600,1500,439410,426160,8937910,4419376,0,0,0,0,0,
600036.SH,600036,20251209,131854000,432200,1900,82093,53191,0,,,32388630,1395543537,433000,428300,431800,431800,432200,432300,432400,432500,432600,432700,432800,432900,433000,433100,8200,6600,19500,39400,18100,117900,220900,149900,306400,36200,432000,431900,431800,431700,431600,431500,431400,431300,431200,431100,4600,6300,5700,2900,10600,3900,7100,2600,1500,24000,439410,426160,8942010,4418376,0,0,0,0,0,
600036.SH,600036,20251209,131857000,432200,700,30250,53194,0,,,32389330,1395573787,433000,428300,431800,431800,432200,432300,432400,432500,432600,432700,432800,432900,433000,433100,8100,400,18900,38400,18100,117900,221400,149900,306400,36200,432000,431900,431800,431700,431600,431500,431400,431300,431200,431100,6200,7300,5500,2900,10600,3900,7100,2600,1500,24000,439410,426160,8936810,4420776,0,0,0,0,0,
600036.SH,600036,20251209,131900000,432000,10300,444971,53213,0,,,32399630,1396018758,433000,428300,431800,431800,432100,432200,432300,432400,432500,432600,432700,432800,432900,433000,700,1300,400,18900,38400,18100,117900,222600,149900,306400,432000,431900,431800,431700,431600,431500,431400,431300,431200,431100,400,9800,5500,2900,10600,4500,7100,2600,1500,24000,439420,426160,8932510,4417376,0,0,0,0,0,
600036.SH,600036,20251209,131903000,432000,6900,298101,53225,0,,,32406530,1396316859,433000,428300,431800,431800,432200,432300,432400,432500,432600,432700,432800,432900,433000,433100,2100,900,18900,38400,18100,118100,222600,149900,306900,36300,432000,431900,431800,431700,431600,431500,431400,431300,431200,431100,7000,9800,5500,2900,10600,4500,7100,2600,1500,24000,439420,426170,8930110,4423676,0,0,0,0,0,
600036.SH,600036,20251209,131906000,432000,200,8640,53226,0,,,32406730,1396325499,433000,428300,431800,431800,432200,432300,432400,432500,432600,432700,432800,432900,433000,433100,2300,900,18900,38400,18100,118100,222600,149900,306900,36300,432000,431900,431800,431700,431600,431500,431400,431300,431200,431100,6900,9800,5500,2900,10600,4500,7600,2600,1500,24000,439420,426170,8929510,4395176,0,0,0,0,0,
600036.SH,600036,20251209,131909000,432000,8800,380171,53238,0,,,32415530,1396705670,433000,428300,431800,431800,432200,432300,432400,432500,432600,432700,432800,432900,433000,433100,2000,1400,19500,38400,18100,118100,222100,150200,307000,36300,432000,431900,431800,431700,431600,431500,431400,431300,431200,431100,800,9800,5600,2900,10600,4500,7600,2600,1500,24000,439420,426160,8930210,4389176,0,0,0,0,0,
600036.SH,600036,20251209,131912000,432000,7300,315394,53259,0,,,32422830,1397021064,433000,428300,431800,431800,432200,432300,432400,432500,432600,432700,432800,432900,433000,433100,1300,1400,20000,38400,18100,118100,222100,150200,307000,36300,432000,431900,431800,431700,431600,431500,431400,431300,431200,431100,100,9800,5600,2900,10600,4500,7600,2600,1500,8100,439420,426140,8929010,4372576,0,0,0,0,0,
600036.SH,600036,20251209,131915000,432000,2400,103683,53265,0,,,32425230,1397124747,433000,428300,431800,431800,432000,432100,432200,432300,432400,432500,432600,432700,432800,432900,4400,200,1800,1400,20000,38500,18100,118100,222100,150200,431900,431800,431700,431600,431500,431400,431300,431200,431100,431000,9900,5600,2900,10600,4500,7600,2600,1500,8100,18700,439410,426140,8935110,4372576,0,0,0,0,0,
600036.SH,600036,20251209,131918000,432000,4400,190080,53273,0,,,32429630,1397314827,433000,428300,431800,431800,432100,432200,432300,432400,432500,432600,432700,432800,432900,433000,1000,800,1500,20000,38500,19100,118100,222100,150200,307000,432000,431900,431800,431700,431600,431500,431400,431300,431200,431100,100,17400,5100,2900,10600,5000,7600,2600,1500,8100,439420,426150,8931610,4380176,0,0,0,0,0,
600036.SH,600036,20251209,131921000,432200,10400,449208,53291,0,,,32440030,1397764035,433000,428300,431800,431800,432200,432300,432400,432500,432600,432700,432800,432900,433000,433100,700,1500,20000,38500,20300,118100,222100,150200,311000,36300,432000,431900,431800,431700,431600,431500,431400,431300,431200,431100,20500,8600,5100,2900,10600,5000,7600,2600,1500,8100,439420,426170,8937510,4391876,0,0,0,0,0,
600036.SH,600036,20251209,131924000,432200,11100,479750,53300,0,,,32451130,1398243785,433000,428300,431800,431800,432300,432400,432500,432600,432700,432800,432900,433000,433100,433200,1200,20000,38500,20300,118100,222100,150200,311000,36300,68100,432200,432100,432000,431900,431800,431700,431600,431500,431400,431300,100,100,21400,1100,6100,2400,10600,4600,7100,2600,439420,426160,8935510,4385676,0,0,0,0,0,
600036.SH,600036,20251209,131927000,432200,3400,146991,53313,0,,,32454530,1398390776,433000,428300,431800,431800,432400,432500,432600,432700,432800,432900,433000,433100,433200,433300,24900,38600,20900,118100,222100,150200,311000,36300,68100,66500,432200,432100,432000,431900,431800,431700,431600,431500,431400,431300,11700,100,22700,1100,6100,2400,10600,4500,7100,2600,439410,426180,8939910,4398476,0,0,0,0,0,
600036.SH,600036,20251209,131930000,432300,19600,847135,53343,0,,,32474130,1399237911,433000,428300,431800,431800,432400,432500,432600,432700,432800,432900,433000,433100,433200,433300,20300,38600,20900,118100,222100,150200,311000,36300,68100,66500,432200,432100,432000,431900,431800,431700,431600,431500,431400,431300,2600,100,22900,1100,6100,2100,10600,4500,7100,2600,439420,426160,8935310,4388976,0,0,0,0,0,
600036.SH,600036,20251209,131933000,432200,4400,190180,53348,0,,,32478530,1399428091,433000,428300,431800,431800,432300,432400,432500,432600,432700,432800,432900,433000,433100,433200,1600,25100,39000,20900,118100,222100,150200,311000,36300,68100,432200,432100,432000,431900,431800,431700,431600,431500,431400,431300,700,100,22900,1100,6100,2100,10600,4500,7100,2600,439410,426160,8942110,4387376,0,0,0,0,0,
600036.SH,600036,20251209,131936000,432200,1000,43220,53353,0,,,32479530,1399471311,433000,428300,431800,431800,432200,432300,432400,432500,432600,432700,432800,432900,433000,433100,2100,1600,26000,39000,20900,118100,222100,150200,311000,35900,432100,432000,431900,431800,431700,431600,431500,431400,431300,431200,300,3300,200,5100,2500,10600,5000,7600,2600,2100,439410,426130,8945210,4363376,0,0,0,0,0,
600036.SH,600036,20251209,131939000,432100,2100,90741,53364,0,,,32481630,1399562052,433000,428300,431800,431800,432100,432200,432300,432400,432500,432600,432700,432800,432900,433000,1700,2400,1700,18200,37900,20900,118100,222100,150200,311000,432000,431900,431800,431700,431600,431500,431400,431300,431200,431100,3100,200,5100,2500,10600,5000,7600,2600,2100,8100,439420,426130,8938210,4362876,0,0,0,0,0,
600036.SH,600036,20251209,131942000,432100,3500,151251,53373,0,,,32485130,1399713303,433000,428300,431800,431800,432200,432300,432400,432500,432600,432700,432800,432900,433000,433100,800,2900,17100,38400,21200,119300,222100,150200,311000,35900,432000,431900,431800,431700,431600,431500,431400,431300,431200,431100,3600,700,5500,2600,10600,4500,7100,2600,2100,8100,439420,426130,8936210,4362776,0,0,0,0,0,
600036.SH,600036,20251209,131945000,432200,1000,43220,53378,0,,,32486130,1399756523,433000,428300,431800,431800,432200,432300,432400,432500,432600,432700,432800,432900,433000,433100,10100,2900,17100,38400,21200,119300,222100,150200,311000,35900,432000,431900,431800,431700,431600,431500,431400,431300,431200,431100,13300,700,5600,2600,10600,4500,7100,2600,2100,8100,439410,426140,8946010,4371576,0,0,0,0,0,
600036.SH,600036,20251209,131948000,432000,100,4320,53379,0,,,32486230,1399760843,433000,428300,431800,431800,432200,432300,432400,432500,432600,432700,432800,432900,433000,433100,11000,3800,17300,38400,21300,119300,220900,150200,311000,35900,432000,431900,431800,431700,431600,431500,431400,431300,431200,431100,13200,800,5600,3100,10600,4500,7100,2600,2100,8100,439410,426140,8946610,4370576,0,0,0,0,0,
600036.SH,600036,20251209,131951000,432000,21900,945968,53412,0,,,32508130,1400706811,433000,428300,431800,431800,432100,432200,432300,432400,432500,432600,432700,432800,432900,433000,100,17500,3800,17300,38500,21300,119300,220900,150200,311000,432000,431800,431700,431600,431500,431400,431300,431200,431100,431000,300,200,3100,10600,4500,7100,2600,2100,8100,18300,439400,426120,8953410,4350976,0,0,0,0,0,
600036.SH,600036,20251209,131954000,432200,4200,181483,53435,0,,,32512330,1400888294,433000,428300,431800,431800,432200,432300,432400,432500,432600,432700,432800,432900,433000,433100,12400,3800,17300,38500,21300,119300,221900,150200,311000,35900,431800,431700,431600,431500,431400,431300,431200,431100,431000,430900,27200,2100,10600,4500,7100,2600,2100,8100,18300,15800,439400,426150,8954710,4377576,0,0,0,0,0,
600036.SH,600036,20251209,131957000,432200,1200,51856,53439,0,,,32513530,1400940150,433000,428300,431800,431800,432200,432300,432400,432500,432600,432700,432800,432900,433000,433100,12000,13800,17300,38500,21500,119300,221900,150200,311000,35900,431900,431800,431700,431600,431500,431400,431300,431200,431100,431000,100,29300,11800,10600,4500,7100,2600,2200,7800,18300,439400,426170,8964610,4393276,0,0,0,0,0,
600036.SH,600036,20251209,132000000,432100,31500,1360399,53484,0,,,32545030,1402300549,433000,428300,431800,431800,432200,432300,432400,432500,432600,432700,432800,432900,433000,433100,11600,12600,17300,38500,21500,119300,221900,150200,310600,37400,431900,431800,431700,431600,431500,431400,431300,431200,431100,431000,2200,27800,11800,10600,4900,7500,3200,2200,7800,18300,439390,426170,8968310,4394376,0,0,0,0,0,
600036.SH,600036,20251209,132003000,432200,4800,207442,53491,0,,,32549830,1402507991,433000,428300,431800,431800,432200,432300,432400,432500,432600,432700,432800,432900,433000,433100,1600,11700,17400,38400,21500,119300,221900,150200,310600,37400,432000,431900,431800,431700,431600,431500,431400,431300,431200,431100,500,4100,27800,2800,10700,4900,7500,3200,2100,7800,439400,426160,8958710,4387176,0,0,0,0,0,
600036.SH,600036,20251209,132006000,432200,19500,842484,53535,0,,,32569330,1403350475,433000,428300,431800,431800,432300,432400,432500,432600,432700,432800,432900,433000,433100,433200,17700,17400,38400,21500,119300,221900,150200,310600,37400,67700,432000,431900,431800,431700,431600,431500,431400,431300,431200,431100,23000,14600,27800,2100,10700,4900,7500,3200,2100,7800,439400,426200,8963110,4419276,0,0,0,0,0,
600036.SH,600036,20251209,132009000,432300,2000,86451,53540,0,,,32571330,1403436926,433000,428300,431800,431800,432200,432300,432400,432500,432600,432700,432800,432900,433000,433100,200,10900,17900,38400,20900,119300,221900,149200,310600,37400,432100,432000,431900,431800,431700,431600,431500,431400,431300,431200,300,34800,14300,27900,2100,10600,4900,7500,3200,2100,439400,426220,8955410,4430076,0,0,0,0,0,
600036.SH,600036,20251209,132012000,432000,35100,1516380,53582,0,,,32606430,1404953306,433000,428300,431800,431800,432100,432200,432300,432400,432500,432600,432700,432800,432900,433000,2000,7700,9400,17300,38400,20900,119300,222500,149200,310800,432000,431900,431800,431700,431600,431500,431400,431300,431200,431100,23500,12400,27900,2100,10600,4900,7500,3200,2100,3700,439400,426200,8965410,4412876,0,0,0,0,0,
600036.SH,600036,20251209,132015000,432000,3700,159849,53589,0,,,32610130,1405113155,433000,428300,431800,431800,432100,432200,432300,432400,432500,432600,432700,432800,432900,433000,1500,14700,9300,17300,38500,20900,119300,222400,149200,310800,432000,431900,431800,431700,431600,431500,431400,431300,431200,431100,23700,12400,27900,2600,10600,4400,7500,3200,2100,3700,439390,426200,8971810,4417876,0,0,0,0,0,
600036.SH,600036,20251209,132018000,432100,9500,410492,53597,0,,,32619630,1405523647,433000,428300,431800,431800,432100,432200,432300,432400,432500,432600,432700,432800,432900,433000,3800,9500,11300,17800,38700,20900,119300,221800,149200,310800,432000,431900,431800,431700,431600,431500,431400,431300,431200,431100,23500,3900,28900,3100,10600,4000,7100,2600,2100,3700,439390,426190,8971210,4408176,0,0,0,0,0,
600036.SH,600036,20251209,132021000,432000,26400,1140480,53625,0,,,32646030,1406664127,433000,428300,431800,431800,432000,432100,432200,432300,432400,432500,432600,432700,432800,432900,10000,3800,9500,9400,17900,38900,21300,119300,221800,149200,431900,431800,431700,431600,431500,431400,431300,431200,431100,431000,3900,28900,8100,10600,4000,7100,2600,2100,3700,18300,439380,426160,8982110,4389676,0,0,0,0,0,
600036.SH,600036,20251209,132024000,431900,200,8638,53626,0,,,32646230,1406672765,433000,428300,431800,431800,432000,432100,432200,432300,432400,432500,432600,432700,432800,432900,10000,3800,9500,9500,17800,39100,21300,119300,221800,149200,431900,431800,431700,431600,431500,431400,431300,431200,431100,431000,12000,28900,8100,10600,4000,7100,2600,2100,3700,18300,439380,426170,8982010,4397676,0,0,0,0,0,
600036.SH,600036,20251209,132027000,431900,5800,250520,53638,0,,,32652030,1406923285,433000,428300,431800,431800,432000,432100,432200,432300,432400,432500,432600,432700,432800,432900,15200,100,9500,9500,17800,39100,21300,119300,221800,149300,431900,431800,431700,431600,431500,431400,431300,431200,431100,431000,8300,28900,8100,10600,4000,7100,2600,2100,3700,18400,439380,426200,8984010,4427676,0,0,0,0,0,
600036.SH,600036,20251209,132030000,431900,8300,358477,53643,0,,,32660330,1407281762,433000,428300,431800,431800,431900,432000,432100,432200,432300,432400,432500,432600,432700,432800,14300,17700,200,7000,9500,17800,39100,22300,119300,221800,431800,431700,431600,431500,431400,431300,431200,431100,431000,430900,17200,8100,10600,4000,7100,2600,2100,3700,18400,47500,439370,426180,8999410,4407676,0,0,0,0,0,
600036.SH,600036,20251209,132033000,431900,1400,60466,53647,0,,,32661730,1407342228,433000,428300,431800,431800,431900,432000,432100,432200,432300,432400,432500,432600,432700,432800,13000,17800,300,7500,9400,17200,39100,22300,119300,221800,431800,431700,431600,431500,431400,431300,431200,431100,431000,430900,4200,7600,10600,4500,7100,2600,2100,3700,18400,47500,439370,426160,8998010,4394676,0,0,0,0,0,
600036.SH,600036,20251209,132036000,431700,6800,293599,53658,0,,,32668530,1407635827,433000,428300,431800,431800,431900,432000,432100,432200,432300,432400,432500,432600,432700,432800,16700,11000,300,7500,9400,17200,39100,22300,119300,221800,431800,431700,431600,431500,431400,431300,431200,431100,431000,430900,100,5100,10600,4500,7100,2600,2100,3700,18400,47500,439370,426150,8994010,4388076,0,0,0,0,0,
600036.SH,600036,20251209,132039000,431800,200,8636,53660,0,,,32668730,1407644463,433000,428300,431800,431800,431800,431900,432000,432100,432200,432300,432400,432500,432600,432700,1000,16800,9400,2000,7000,9400,17200,39100,22300,119300,431700,431600,431500,431400,431300,431200,431100,431000,430900,430800,5300,10600,4500,7100,2600,2100,3700,18400,47500,20400,439380,426150,8992710,4388076,0,0,0,0,0,
600036.SH,600036,20251209,132042000,431800,9000,388620,53676,0,,,32677730,1408033083,433000,428300,431800,431800,431900,432000,432100,432200,432300,432400,432500,432600,432700,432800,16800,9100,2000,7000,9400,17200,39100,22300,119300,221900,431800,431700,431600,431500,431400,431300,431200,431100,431000,430900,4800,5200,10600,5200,7100,2600,2100,3700,18400,47500,439380,426160,8990810,4393176,0,0,0,0,0,
600036.SH,600036,20251209,132045000,431900,2100,90686,53679,0,,,32679830,1408123769,433000,428300,431800,431800,431900,432000,432100,432200,432300,432400,432500,432600,432700,432800,13000,9000,2000,7000,10400,17200,39400,22300,119300,221900,431800,431700,431600,431500,431400,431300,431200,431100,431000,430900,5600,5200,10600,5200,7100,2600,2100,3700,18400,15300,439380,426130,8988410,4361776,0,0,0,0,0,
600036.SH,600036,20251209,132048000,431800,2700,116589,53683,0,,,32682530,1408240358,433000,428300,431800,431800,431900,432000,432100,432200,432300,432400,432500,432600,432700,432800,12700,9000,2000,7000,10400,17200,39400,22300,119300,221900,431800,431700,431600,431500,431400,431300,431200,431100,431000,430900,3200,5400,10600,5200,7100,2600,2100,3700,18400,15300,439380,426120,8987510,4360576,0,0,0,0,0,
600036.SH,600036,20251209,132051000,431800,3200,138176,53690,0,,,32685730,1408378534,433000,428300,431800,431800,431800,431900,432000,432100,432200,432300,432400,432500,432600,432700,6600,12700,9000,2000,7000,10400,17200,39400,22300,118900,431700,431600,431500,431400,431300,431200,431100,431000,430900,430800,5400,10600,5200,7100,2600,2100,3700,18400,15300,20300,439370,426120,8992910,4357376,0,0,0,0,0,
600036.SH,600036,20251209,132054000,431800,5000,215899,53695,0,,,32690730,1408594433,433000,428300,431800,431800,431800,431900,432000,432100,432200,432300,432400,432500,432600,432700,2900,19500,12000,2000,100,10400,17200,39400,22300,118900,431700,431600,431500,431400,431300,431200,431100,431000,430900,430800,10400,10900,5300,7100,2600,2100,3700,18400,15300,20300,439380,426130,8992110,4362776,0,0,0,0,0,
600036.SH,600036,20251209,132057000,431700,3300,142490,53702,0,,,32694030,1408736923,433000,428300,431800,431800,431900,432000,432100,432200,432300,432400,432500,432600,432700,432800,19500,11400,2000,100,10200,17800,40600,22300,118900,221900,431700,431600,431500,431400,431300,431200,431100,431000,430900,430800,20300,10900,4400,6600,2600,2100,4800,18400,15300,52500,439380,426170,8990410,4405176,0,0,0,0,0,
600036.SH,600036,20251209,132100000,431700,19000,820250,53722,0,,,32713030,1409557173,433000,428300,431800,431800,431900,432000,432100,432200,432300,432400,432500,432600,432700,432800,18500,11400,2000,100,10200,17800,40600,22700,118900,221900,431700,431600,431500,431400,431300,431200,431100,431000,430900,430800,15900,11000,4400,6600,2600,2100,4800,18400,15300,52500,439380,426170,8991710,4400576,0,0,0,0,0,
600036.SH,600036,20251209,132103000,431900,3300,142527,53724,0,,,32716330,1409699700,433000,428300,431800,431800,431900,432000,432100,432200,432300,432400,432500,432600,432700,432800,15800,11400,2600,100,10200,17100,40600,22700,118900,221900,431800,431700,431600,431500,431400,431300,431200,431100,431000,430900,3800,15900,11000,5400,6600,2600,1500,4300,15400,15300,439380,426170,8988910,4401276,0,0,0,0,0,
600036.SH,600036,20251209,132106000,431900,3000,129569,53728,0,,,32719330,1409829269,433000,428300,431800,431800,431900,432000,432100,432200,432300,432400,432500,432600,432700,432800,12800,11600,2600,100,10200,17100,40600,22700,118900,221900,431800,431700,431600,431500,431400,431300,431200,431100,431000,430900,5500,16000,11000,5500,6600,2600,1500,4300,15400,15300,439380,426170,8983910,4402376,0,0,0,0,0,
600036.SH,600036,20251209,132109000,431800,5400,233220,53738,0,,,32724730,1410062489,433000,428300,431800,431800,431900,432000,432100,432200,432300,432400,432500,432600,432700,432800,8000,12000,2600,300,10200,17100,40600,22700,118900,221900,431800,431700,431600,431500,431400,431300,431200,431100,431000,430900,7300,16000,11000,5500,6600,2600,1500,4300,16400,15300,439390,426170,8979810,4404576,0,0,0,0,0,
600036.SH,600036,20251209,132112000,431800,17100,738386,53758,0,,,32741830,1410800875,433000,428300,431800,431800,431900,432000,432100,432200,432300,432400,432500,432600,432700,432800,7400,12000,2600,300,10200,17100,40600,22700,118900,221900,431800,431700,431600,431500,431400,431300,431200,431100,431000,430900,14000,7400,11100,5500,6600,2600,1500,4300,16400,15300,439390,426170,8979310,4402776,0,0,0,0,0,
600036.SH,600036,20251209,132115000,431900,3800,164122,53760,0,,,32745630,1410964997,433000,428300,431800,431800,431900,432000,432100,432200,432300,432400,432500,432600,432700,432800,3600,12000,2600,300,10200,17100,41300,22700,118900,222500,431800,431700,431600,431500,431400,431300,431200,431100,431000,430900,14600,7400,11100,5500,6600,2600,1500,4300,16400,15300,439390,426170,8977010,4403676,0,0,0,0,0,
600036.SH,600036,20251209,132118000,431800,800,34551,53762,0,,,32746430,1410999548,433000,428300,431800,431800,431900,432000,432100,432200,432300,432400,432500,432600,432700,432800,2900,12000,2600,300,10200,17100,41300,22700,118900,222500,431800,431700,431600,431500,431400,431300,431200,431100,431000,430900,17100,7400,11100,5500,6600,2600,1400,4300,16500,15300,439390,426180,8976110,4405676,0,0,0,0,0,
600036.SH,600036,20251209,132121000,431800,17800,768604,53772,0,,,32764230,1411768152,433000,428300,431800,431800,431900,432000,432100,432200,432300,432400,432500,432600,432700,432800,3900,12000,2600,300,10200,17100,41300,23200,118900,222500,431700,431600,431500,431400,431300,431200,431100,431000,430900,430800,11600,11400,5500,6600,2600,1400,4300,16500,15300,52600,439390,426160,8977610,4393976,0,0,0,0,0,
600036.SH,600036,20251209,132124000,431800,1300,56144,53776,0,,,32765530,1411824296,433000,428300,431800,431800,431800,431900,432000,432100,432200,432300,432400,432500,432600,432700,19700,3000,12000,2600,300,10200,17100,40100,23200,119200,431700,431600,431500,431400,431300,431200,431100,431000,430900,430800,14000,11400,5100,6600,2600,1400,5200,16500,15300,52600,439370,426170,8994510,4396776,0,0,0,0,0,
600036.SH,600036,20251209,132127000,431900,21000,906792,53788,0,,,32786530,1412731088,433000,428300,431800,431800,431900,432000,432100,432200,432300,432400,432500,432600,432700,432800,1900,12000,2600,300,10200,17100,40100,23200,119200,222500,431800,431700,431600,431500,431400,431300,431200,431100,431000,430900,6300,26300,11700,5100,6600,2600,2400,5200,16500,15300,439390,426190,8973410,4416776,0,0,0,0,0,
600036.SH,600036,20251209,132130000,431900,12900,557154,53806,0,,,32799430,1413288242,433000,428300,431800,431800,432000,432100,432200,432300,432400,432500,432600,432700,432800,432900,11600,2500,300,10200,17100,40100,23200,119200,222500,148800,431900,431800,431700,431600,431500,431400,431300,431200,431100,431000,8400,11900,26600,11400,5100,6600,2600,2400,5200,16500,439390,426210,8971310,4432076,0,0,0,0,0,
600036.SH,600036,20251209,132133000,431900,27500,1187720,53828,0,,,32826930,1414475962,433000,428300,431800,431800,432000,432100,432200,432300,432400,432500,432600,432700,432800,432900,11100,2200,300,10200,17800,40100,23200,119200,222500,148800,431800,431700,431600,431500,431400,431300,431200,431100,431000,430900,7600,17300,11400,5100,6600,2600,2400,5200,16500,15300,439390,426180,8971210,4410376,0,0,0,0,0,
600036.SH,600036,20251209,132136000,431900,6200,267830,53840,0,,,32833130,1414743792,433000,428300,431800,431800,432000,432100,432200,432300,432400,432500,432600,432700,432800,432900,5600,2200,300,10200,17800,40300,23200,119200,222500,148800,431900,431800,431700,431600,431500,431400,431300,431200,431100,431000,200,7500,17400,11800,5100,6600,2600,3000,4300,16500,439400,426180,8966310,4409676,0,0,0,0,0,
600036.SH,600036,20251209,132139000,432000,600,25918,53843,0,,,32833730,1414769710,433000,428300,431800,431800,432000,432100,432200,432300,432400,432500,432600,432700,432800,432900,5400,2200,2700,10300,17100,23900,23200,119200,222500,149100,431900,431800,431700,431600,431500,431400,431300,431200,431100,431000,12300,7800,17400,11800,5000,6600,2600,3000,4300,16500,439410,426200,8951810,4421876,0,0,0,0,0,
600036.SH,600036,20251209,132142000,432000,18300,790435,53869,0,,,32852030,1415560145,433000,428300,431800,431800,432000,432100,432200,432300,432400,432500,432600,432700,432800,432900,1300,2200,2700,10300,17100,23900,23200,119200,222500,148600,431900,431800,431700,431600,431500,431400,431300,431200,431100,431000,11200,7900,18900,11800,5000,6600,2600,3000,4300,16500,439420,426200,8940610,4422976,0,0,0,0,0,
600036.SH,600036,20251209,132145000,432000,0,0,53869,0,,,32852030,1415560145,433000,428300,431800,431800,432000,432100,432200,432300,432400,432500,432600,432700,432800,432900,3300,2200,2700,10200,17100,23900,23200,119400,222500,148600,431900,431800,431700,431600,431500,431400,431300,431200,431100,431000,11200,8000,18900,11800,5000,6600,2600,3000,4300,16500,439410,426200,8943710,4423076,0,0,0,0,0,
600036.SH,600036,20251209,132148000,431900,13100,565808,53877,0,,,32865130,1416125953,433000,428300,431800,431800,431900,432000,432100,432200,432300,432400,432500,432600,432700,432800,600,1400,2200,2700,10200,17100,23900,23100,119400,222500,431800,431700,431600,431500,431400,431300,431200,431100,431000,430900,8000,16900,11800,4900,6600,2600,3000,4300,16500,15300,439410,426180,8942310,4409776,0,0,0,0,0,
600036.SH,600036,20251209,132151000,431800,18700,807470,53905,0,,,32883830,1416933423,433000,428300,431800,431800,431900,432000,432100,432200,432300,432400,432500,432600,432700,432800,400,2200,2300,2000,10200,2400,23900,23100,119400,222500,431800,431700,431600,431500,431400,431300,431200,431100,431000,430900,800,17200,11900,4900,6400,2600,3000,4300,16500,15300,439420,426170,8928510,4402276,0,0,0,0,0,
600036.SH,600036,20251209,132154000,432000,1600,69106,53911,0,,,32885430,1417002529,433000,428300,431800,431800,432000,432100,432200,432300,432400,432500,432600,432700,432800,432900,2100,2300,2000,10200,2400,24000,23500,119400,222500,148600,431800,431700,431600,431500,431400,431300,431200,431100,431000,430900,11500,17200,11900,4900,6400,2600,3000,4300,16500,15300,439420,426190,8929010,4412976,0,0,0,0,0,
600036.SH,600036,20251209,132157000,431800,100,4318,53912,0,,,32885530,1417006847,433000,428300,431800,431800,432000,432100,432200,432300,432400,432500,432600,432700,432800,432900,2800,3200,2000,10200,2400,24000,23500,119900,222500,148600,431800,431700,431600,431500,431400,431300,431200,431100,431000,430900,14100,16200,12400,4900,6400,3600,3400,4300,16500,15300,439420,426190,8930810,4415976,0,0,0,0,0,
600036.SH,600036,20251209,132200000,432000,21800,941334,53931,0,,,32907330,1417948181,433000,428300,431800,431800,432000,432100,432200,432300,432400,432500,432600,432700,432800,432900,2500,3200,2000,10200,2400,24000,23500,119900,222500,148600,431800,431700,431600,431500,431400,431300,431200,431100,431000,430900,200,16000,12400,4900,6400,3000,3400,4300,16500,15300,439420,426170,8930210,4401276,0,0,0,0,0,
600036.SH,600036,20251209,132203000,431900,600,25914,53935,0,,,32907930,1417974095,433000,428300,431800,431800,431900,432000,432100,432200,432300,432400,432500,432600,432700,432800,200,2700,3200,2000,10500,2400,24000,23500,119900,222500,431800,431700,431600,431500,431400,431300,431200,431100,431000,430900,1200,16500,12800,5600,6400,2600,3000,4300,16500,15300,439420,426180,8929010,4392576,0,0,0,0,0,
600036.SH,600036,20251209,132206000,432000,5200,224638,53949,0,,,32913130,1418198733,433000,428300,431800,431800,432000,432100,432200,432300,432400,432500,432600,432700,432800,432900,900,3300,2000,10500,2400,24000,23500,119900,222500,148600,431800,431700,431600,431500,431400,431300,431200,431100,431000,430900,4900,16000,12400,5600,6400,3200,3400,4300,17500,15300,439430,426180,8927210,4397476,0,0,0,0,0,
600036.SH,600036,20251209,132209000,431900,800,34551,53953,0,,,32913930,1418233284,433000,428300,431800,431800,432000,432100,432200,432300,432400,432500,432600,432700,432800,432900,900,3300,4000,10500,2400,24000,23500,119900,222500,148600,431800,431700,431600,431500,431400,431300,431200,431100,431000,430900,13500,16000,12400,5600,6400,3200,3400,4300,17500,15300,439420,426190,8928210,4406876,0,0,0,0,0,
600036.SH,600036,20251209,132212000,431800,16600,716791,53971,0,,,32930530,1418950075,433000,428300,431800,431800,432000,432100,432200,432300,432400,432500,432600,432700,432800,432900,4600,3300,4000,10500,2400,24000,23500,119900,222500,148600,431700,431600,431500,431400,431300,431200,431100,431000,430900,430800,16000,12400,5600,6400,3200,3400,4300,17500,15300,52600,439420,426180,8932710,4399276,0,0,0,0,0,
600036.SH,600036,20251209,132215000,431900,800,34553,53974,0,,,32931330,1418984628,433000,428300,431800,431800,431800,432000,432100,432200,432300,432400,432500,432600,432700,432800,300,4500,3300,4000,10500,2400,24000,23500,119900,222500,431700,431600,431500,431400,431300,431200,431100,431000,430900,430800,16000,12400,5600,6400,3200,3400,4300,17500,15300,52600,439420,426180,8933610,4399776,0,0,0,0,0,
600036.SH,600036,20251209,132218000,431800,7400,319600,53991,0,,,32938730,1419304228,433000,428300,431800,431800,432000,432100,432200,432300,432400,432500,432600,432700,432800,432900,1100,3700,4000,10500,2400,25000,23500,119900,222300,148600,431800,431700,431600,431500,431400,431300,431200,431100,431000,430900,10800,16400,12400,5600,6400,3200,3400,4300,17500,15300,439420,426190,8931110,4406776,0,0,0,0,0,
600036.SH,600036,20251209,132221000,431900,22000,950011,54031,0,,,32960730,1420254239,433000,428300,431800,431800,432000,432100,432200,432300,432400,432500,432600,432700,432800,432900,6500,3000,4000,11100,2400,25000,23900,119900,222300,149600,431900,431800,431700,431600,431500,431400,431300,431200,431100,431000,200,42800,16400,12400,6300,6800,2600,3000,4500,17500,439420,426230,8937810,4444276,0,0,0,0,0,
600036.SH,600036,20251209,132224000,431900,300,12957,54034,0,,,32961030,1420267196,433000,428300,431800,431800,432000,432100,432200,432300,432400,432500,432600,432700,432800,432900,6500,2600,4000,11500,2400,26200,23900,119900,222300,149600,431900,431800,431700,431600,431500,431400,431300,431200,431100,431000,14100,33800,17100,13900,5600,6800,2600,3000,4500,17500,439420,426230,8940410,4450776,0,0,0,0,0,
600036.SH,600036,20251209,132227000,431900,500,21599,54036,0,,,32961530,1420288795,433000,428300,431800,431800,432000,432100,432200,432300,432400,432500,432600,432700,432800,432900,6100,2600,4000,11500,2400,26200,23900,119900,222300,149600,431900,431800,431700,431600,431500,431400,431300,431200,431100,431000,14000,33800,17800,14300,4900,6400,2600,3000,4500,17600,439420,426230,8940010,4450276,0,0,0,0,0,
600036.SH,600036,20251209,132230000,431900,16300,704011,54050,0,,,32977830,1420992806,433000,428300,431800,431800,431900,432000,432100,432200,432300,432400,432500,432600,432700,432800,7100,4800,2600,4000,11500,2400,26200,24100,119900,222300,431800,431700,431600,431500,431400,431300,431200,431100,431000,430900,33100,17600,14300,4900,6400,2600,3000,4000,17600,15300,439410,426210,8946010,4434176,0,0,0,0,0,
600036.SH,600036,20251209,132233000,431800,300,12954,54051,0,,,32978130,1421005760,433000,428300,431800,431800,431900,432000,432100,432200,432300,432400,432500,432600,432700,432800,7100,4800,2300,4000,11500,2400,26200,24100,119900,222800,431800,431700,431600,431500,431400,431300,431200,431100,431000,430900,32800,17600,14300,4900,6400,2600,3000,4000,17600,15300,439410,426210,8946310,4433876,0,0,0,0,0,
600036.SH,600036,20251209,132236000,431900,1500,64785,54053,0,,,32979630,1421070545,433000,428300,431800,431800,431900,432000,432100,432200,432300,432400,432500,432600,432700,432800,5600,4800,2300,4000,11500,2400,26200,24100,119900,222800,431800,431700,431600,431500,431400,431300,431200,431100,431000,430900,35700,18100,14300,4900,6400,2600,3000,4000,17600,15300,439410,426220,8940410,4437776,0,0,0,0,0,
600036.SH,600036,20251209,132239000,431800,400,17272,54055,0,,,32980030,1421087817,433000,428300,431800,431800,431900,432000,432100,432200,432300,432400,432500,432600,432700,432800,6300,4800,2300,4000,11500,2400,26000,24100,119900,222800,431800,431700,431600,431500,431400,431300,431200,431100,431000,430900,35600,18100,14300,5300,6400,2600,3000,4000,17600,15300,439410,426220,8940410,4443676,0,0,0,0,0,
600036.SH,600036,20251209,132242000,431800,1700,73416,54059,0,,,32981730,1421161233,433000,428300,431800,431800,431900,432000,432100,432200,432300,432400,432500,432600,432700,432800,5900,4800,2300,4000,11500,2400,26000,24100,119900,222800,431800,431700,431600,431500,431400,431300,431200,431100,431000,430900,35400,18100,14300,5300,6400,2600,3000,4000,17600,15300,439410,426220,8949110,4443476,0,0,0,0,0,
600036.SH,600036,20251209,132245000,431900,6200,267778,54067,0,,,32987930,1421429011,433000,428300,431800,431800,432000,432100,432200,432300,432400,432500,432600,432700,432800,432900,11000,2300,4000,11500,2400,26000,24100,119900,222800,149600,431900,431800,431700,431600,431500,431400,431300,431200,431100,431000,2200,35400,18100,14400,5300,6400,2600,3000,4000,17700,439410,426220,8949410,4445876,0,0,0,0,0,
600036.SH,600036,20251209,132248000,431900,13700,591849,54076,0,,,33001630,1422020860,433000,428300,431800,431800,432100,432200,432300,432400,432500,432600,432700,432800,432900,433000,1300,4000,11100,2400,26000,24300,119900,222800,149600,308900,431900,431800,431700,431600,431500,431400,431300,431200,431100,431000,5300,35600,18400,14400,5300,6400,2600,3000,4000,17700,439420,426220,8937510,4449576,0,0,0,0,0,
600036.SH,600036,20251209,132251000,432200,2600,112354,54085,0,,,33004230,1422133214,433000,428300,431800,431800,432200,432300,432400,432500,432600,432700,432800,432900,433000,433100,3000,11600,3500,26400,24300,119900,223300,149600,308800,36900,432000,431900,431800,431700,431600,431500,431400,431300,431200,431100,300,16600,35600,16600,14400,5300,6400,2600,3000,4000,439420,426240,8937610,4459376,0,0,0,0,0,
600036.SH,600036,20251209,132254000,432100,3700,159893,54092,0,,,33007930,1422293107,433000,428300,431800,431800,432200,432300,432400,432500,432600,432700,432800,432900,433000,433100,1500,11600,3500,26400,24300,119900,223300,149600,308800,36900,432000,431900,431800,431700,431600,431500,431400,431300,431200,431100,2900,16900,35600,16300,14400,5300,6400,2600,3000,4000,439430,426240,8936110,4461976,0,0,0,0,0,
600036.SH,600036,20251209,132257000,432000,2100,90740,54094,0,,,33010030,1422383847,433000,428300,431800,431800,432200,432300,432400,432500,432600,432700,432800,432900,433000,433100,2200,11600,3600,25100,24300,119900,223300,149600,308800,36900,432000,431900,431800,431700,431600,431500,431400,431300,431200,431100,14000,6300,35600,17800,14400,5000,6400,2600,3000,4000,439420,426240,8934610,4463676,0,0,0,0,0,
600036.SH,600036,20251209,132300000,432100,7000,302415,54099,0,,,33017030,1422686262,433000,428300,431800,431800,432100,432200,432300,432400,432500,432600,432700,432800,432900,433000,4300,2300,12000,3600,25100,26300,119900,223300,149600,308800,432000,431900,431800,431700,431600,431500,431400,431300,431200,431100,11800,5700,35900,17800,14400,5000,6400,2600,3000,4000,439420,426240,8941410,4461076,0,0,0,0,0,
600036.SH,600036,20251209,132303000,432000,32900,1421511,54130,0,,,33049930,1424107773,433000,428300,431800,431800,432000,432100,432200,432300,432400,432500,432600,432700,432800,432900,7800,700,43000,15900,3500,25100,26300,119900,222800,149600,431900,431800,431700,431600,431500,431400,431300,431200,431100,431000,4600,35900,17800,14400,5000,6400,2600,3000,4000,17600,439380,426230,8989610,4453176,0,0,0,0,0,
600036.SH,600036,20251209,132306000,432200,9300,401781,54137,0,,,33059230,1424509554,433000,428300,431800,431800,432200,432300,432400,432500,432600,432700,432800,432900,433000,433100,41700,15900,3500,25100,26300,119900,222800,149600,310800,36900,431900,431800,431700,431600,431500,431400,431300,431200,431100,431000,6300,35900,17800,14400,5000,6400,2600,3000,4000,17600,439390,426230,8979710,4454876,0,0,0,0,0,
600036.SH,600036,20251209,132309000,432000,15500,669506,54157,0,,,33074730,1425179060,433000,428300,431800,431800,432100,432200,432300,432400,432500,432600,432700,432800,432900,433000,500,40400,15400,3500,25300,26300,120400,222800,149600,310800,431900,431800,431700,431600,431500,431400,431300,431200,431100,431000,11100,35900,17800,14400,5000,6400,2600,3000,4000,17600,439390,426230,8979310,4459676,0,0,0,0,0,
600036.SH,600036,20251209,132312000,432000,0,0,54157,0,,,33074730,1425179060,433000,428300,431800,431800,432100,432200,432300,432400,432500,432600,432700,432800,432900,433000,600,40100,15400,3500,25300,26300,120400,222800,149600,310800,432000,431900,431800,431700,431600,431500,431400,431300,431200,431100,500,14100,37100,16800,13900,4600,6400,2600,3000,4000,439390,426240,8979110,4462476,0,0,0,0,0,
600036.SH,600036,20251209,132315000,432000,200,8640,54159,0,,,33074930,1425187700,433000,428300,431800,431800,432100,432200,432300,432400,432500,432600,432700,432800,432900,433000,800,40100,15400,4100,25300,26300,119900,222800,149600,310800,432000,431900,431800,431700,431600,431500,431400,431300,431200,431100,1200,14100,36500,16800,13900,4600,6400,2600,3000,4000,439390,426240,8979410,4462576,0,0,0,0,0,
600036.SH,600036,20251209,132318000,432000,500,21600,54162,0,,,33075430,1425209300,433000,428300,431800,431800,432100,432200,432300,432400,432500,432600,432700,432800,432900,433000,3800,40100,15400,4100,25300,26300,119900,222800,149600,310800,432000,431900,431800,431700,431600,431500,431400,431300,431200,431100,20100,5400,36500,16800,13900,4600,6400,2600,3000,4000,439380,426250,8983110,4472476,0,0,0,0,0,
600036.SH,600036,20251209,132321000,432100,9600,414741,54174,0,,,33085030,1425624041,433000,428300,431800,431800,432100,432200,432300,432400,432500,432600,432700,432800,432900,433000,1800,40100,15400,4100,25300,26300,119900,222800,149700,314900,432000,431900,431800,431700,431600,431500,431400,431300,431200,431100,12600,5400,36500,17300,12900,4700,6400,2600,3000,4000,439380,426240,8985310,4464576,0,0,0,0,0,
600036.SH,600036,20251209,132324000,432000,1400,60492,54178,0,,,33086430,1425684533,433000,428300,431800,431800,432100,432200,432300,432400,432500,432600,432700,432800,432900,433000,44600,40600,15400,4100,25300,26300,119900,222800,149700,314900,432000,431900,431800,431700,431600,431500,431400,431300,431200,431100,12700,4500,36500,17300,12900,4700,6400,2600,3000,4000,439340,426240,9035410,4466676,0,0,0,0,0,
600036.SH,600036,20251209,132327000,432000,1800,77765,54181,0,,,33088230,1425762298,433000,428300,431800,431800,432100,432200,432300,432400,432500,432600,432700,432800,432900,433000,44300,43300,15400,4100,25300,26300,119900,222800,149700,314900,432000,431900,431800,431700,431600,431500,431400,431300,431200,431100,11600,4500,36500,17300,12900,4700,6400,2600,3000,4000,439340,426240,9037810,4465576,0,0,0,0,0,
600036.SH,600036,20251209,132330000,432100,4200,181482,54186,0,,,33092430,1425943780,433000,428300,431800,431800,432100,432200,432300,432400,432500,432600,432700,432800,432900,433000,40100,43300,15400,4100,25300,26300,119900,222900,149700,314900,432000,431900,431800,431700,431600,431500,431400,431300,431200,431100,11600,4500,36500,17300,12900,4700,6400,2600,3000,4000,439340,426240,9033710,4460576,0,0,0,0,0,
600036.SH,600036,20251209,132333000,432200,41300,1784581,54198,0,,,33133730,1427728361,433000,428300,431800,431800,432200,432300,432400,432500,432600,432700,432800,432900,433000,433100,4800,15400,4100,25300,26300,119900,222900,149700,314400,36900,432000,431900,431800,431700,431600,431500,431400,431300,431200,431100,21300,4500,36500,17700,11900,4700,6400,2600,3000,4000,439410,426250,8953810,4469976,0,0,0,0,0,
600036.SH,600036,20251209,132336000,432200,7200,311097,54208,0,,,33140930,1428039458,433000,428300,431800,431800,432200,432300,432400,432500,432600,432700,432800,432900,433000,433100,200,15400,3500,25300,26400,119900,223400,149700,314400,36900,432000,431900,431800,431700,431600,431500,431400,431300,431200,431100,17800,4500,36500,17700,11900,4700,6400,2600,3000,4000,439410,426240,8949210,4466576,0,0,0,0,0,
600036.SH,600036,20251209,132339000,432100,800,34561,54211,0,,,33141730,1428074019,433000,428300,431800,431800,432100,432200,432300,432400,432500,432600,432700,432800,432900,433000,200,300,15600,3500,25400,26447,119900,223400,149700,314400,432000,431900,431800,431700,431600,431500,431400,431300,431200,431100,17200,4500,36600,17700,11900,4700,6400,2600,3000,4000,439410,426240,8949857,4466076,0,0,0,0,0,
600036.SH,600036,20251209,132342000,432300,2500,108066,54217,0,,,33144230,1428182085,433000,428300,431800,431800,432300,432400,432500,432600,432700,432800,432900,433000,433100,433200,9400,4000,25400,26447,119900,223700,149700,314400,36900,68500,432200,432000,431900,431800,431700,431600,431500,431400,431300,431200,200,17100,3700,36600,17700,11900,4700,6400,2600,2400,439420,426240,8945057,4464176,0,0,0,0,0,
600036.SH,600036,20251209,132345000,432300,5000,216119,54225,0,,,33149230,1428398204,433000,428300,431800,431800,432300,432400,432500,432600,432700,432800,432900,433000,433100,433200,7100,4000,25300,26547,119900,223600,149700,314400,36900,68500,432000,431900,431800,431700,431600,431500,431400,431300,431200,431100,17200,3700,36400,17800,12500,4700,6400,2600,2400,3400,439420,426240,8942657,4464476,0,0,0,0,0,
600036.SH,600036,20251209,132348000,432300,2100,90776,54228,0,,,33151330,1428488980,433000,428300,431800,431800,432300,432400,432500,432600,432700,432800,432900,433000,433100,433200,6400,3500,25400,26447,119900,223600,149700,314500,36900,68900,432000,431900,431800,431700,431600,431500,431400,431300,431200,431100,17100,3700,36400,17200,12500,4700,6400,2600,2400,3500,439420,426240,8941957,4464576,0,0,0,0,0,
600036.SH,600036,20251209,132351000,432000,600,25935,54230,0,,,33151930,1428514915,433000,428300,431800,431800,432300,432400,432500,432600,432700,432800,432900,433000,433100,433200,6100,3500,25400,26447,119900,223600,149700,314500,36900,68900,432200,432000,431900,431800,431700,431600,431500,431400,431300,431200,200,17000,12400,35900,16400,12500,5300,6400,2600,2900,439420,426250,8939957,4472876,0,0,0,0,0,
600036.SH,600036,20251209,132354000,432200,13400,579242,54249,0,,,33165330,1429094157,433000,428300,431800,431800,432300,432400,432500,432600,432700,432800,432900,433000,433100,433200,9300,5300,25400,26447,119900,223600,149700,314500,36900,68900,432200,432000,431900,431800,431700,431600,431500,431400,431300,431200,1500,17000,12400,35900,16900,12500,5800,6400,2600,2900,439420,426250,8944857,4474676,0,0,0,0,0,
600036.SH,600036,20251209,132357000,432200,5100,220451,54259,0,,,33170430,1429314608,433000,428300,431800,431800,432200,432300,432400,432500,432600,432700,432800,432900,433000,433100,200,1600,5300,25800,27847,119900,223600,149700,314400,36900,432100,432000,431900,431800,431700,431600,431500,431400,431300,431200,600,3400,3800,35900,17000,12500,5200,6400,2600,2400,439420,426220,8937457,4449776,0,0,0,0,0,
600036.SH,600036,20251209,132400000,432100,400,17285,54261,0,,,33170830,1429331893,433000,428300,431800,431800,432200,432300,432400,432500,432600,432700,432800,432900,433000,433100,600,1900,5300,26000,27947,120200,223600,149700,314400,36900,432100,432000,431900,431800,431700,431600,431500,431400,431300,431200,1600,3200,3800,35900,17000,14500,5200,6400,2600,2400,439420,426230,8939757,4452576,0,0,0,0,0,
600036.SH,600036,20251209,132403000,432200,800,34576,54266,0,,,33171630,1429366469,433000,428300,431800,431800,432300,432400,432500,432600,432700,432800,432900,433000,433100,433200,2000,5700,26100,27947,120200,223600,150700,314400,36900,68500,432200,432100,432000,431900,431800,431700,431600,431500,431400,431300,10100,23600,3200,3800,35900,16900,14500,5200,6400,2600,439420,426270,8940257,4484776,0,0,0,0,0,
600036.SH,600036,20251209,132406000,432200,1400,60521,54273,0,,,33173030,1429426990,433000,428300,431800,431800,432300,432400,432500,432600,432700,432800,432900,433000,433100,433200,8900,5700,27100,27947,120200,223600,150700,314800,36900,68500,432200,432100,432000,431900,431800,431700,431600,431500,431400,431300,10500,22700,3300,3800,35900,17200,14500,5200,6400,2600,439410,426270,8949057,4484676,0,0,0,0,0,
600036.SH,600036,20251209,132409000,432300,12300,531699,54285,0,,,33185330,1429958689,433000,428300,431800,431800,432400,432500,432600,432700,432800,432900,433000,433100,433200,433300,3900,26800,27947,120200,223600,150700,314800,36900,68500,66000,432300,432200,432100,432000,431900,431800,431700,431600,431500,431400,1300,19900,1500,3300,3800,35900,17200,14500,5200,6400,439420,426250,8936057,4473176,0,0,0,0,0,
600036.SH,600036,20251209,132412000,432300,300,12969,54286,0,,,33185630,1429971658,433000,428300,431800,431800,432400,432500,432600,432700,432800,432900,433000,433100,433200,433300,3900,26800,27947,120200,223600,150700,314800,36900,68500,66000,432300,432200,432100,432000,431900,431800,431700,431600,431500,431400,2100,19700,1900,3800,3400,35900,17200,14500,5200,6400,439420,426250,8937057,4475776,0,0,0,0,0,
600036.SH,600036,20251209,132415000,432000,9000,388937,54314,0,,,33194630,1430360595,433000,428300,431800,431800,432400,432500,432600,432700,432800,432900,433000,433100,433200,433300,8300,26800,27947,120200,223600,150200,314800,36900,68500,66000,432000,431900,431800,431700,431600,431500,431400,431300,431200,431100,1200,3400,35600,14600,14500,5200,6500,2600,2400,3500,439420,426220,8940457,4445476,0,0,0,0,0,
600036.SH,600036,20251209,132418000,432000,4700,203138,54326,0,,,33199330,1430563733,433000,428300,431800,431800,432400,432500,432600,432700,432800,432900,433000,433100,433200,433300,4200,27100,27847,120200,223600,150200,314800,36900,68500,66000,432000,431900,431800,431700,431600,431500,431400,431300,431200,431100,1500,3600,35600,14600,14500,5200,6500,2600,2400,3900,439420,426220,8936657,4446576,0,0,0,0,0,
600036.SH,600036,20251209,132421000,432400,17100,739023,54354,0,,,33216430,1431302756,433000,428300,431800,431800,432500,432600,432700,432800,432900,433000,433100,433200,433300,433400,26700,27447,119200,223600,150200,314800,36900,68500,66000,98600,432400,432100,432000,431900,431800,431700,431600,431500,431400,431300,500,300,31500,9100,39700,14600,14500,5200,6500,2600,439430,426270,8931657,4486476,0,0,0,0,0,
600036.SH,600036,20251209,132424000,432500,5100,220513,54370,0,,,33221530,1431523269,433000,428300,431800,431800,432500,432600,432700,432800,432900,433000,433100,433200,433300,433400,28700,27547,119200,223600,150200,314500,37400,69300,66000,98600,432100,432000,431900,431800,431700,431600,431500,431400,431300,431200,500,30700,9100,39700,14900,14500,5200,6500,2600,2400,439420,426270,8935557,4487676,0,0,0,0,0,
600036.SH,600036,20251209,132427000,432100,400,17295,54374,0,,,33221930,1431540564,433000,428300,431800,431800,432400,432500,432600,432700,432800,432900,433000,433100,433200,433300,200,23300,27547,119200,223600,150200,316500,37400,69300,66100,432100,432000,431900,431800,431700,431600,431500,431400,431300,431200,3200,32700,9100,39700,14900,14500,5200,6500,2600,2400,439430,426280,8932457,4492976,0,0,0,0,0,
600036.SH,600036,20251209,132430000,432400,3600,155574,54386,0,,,33225530,1431696138,433000,428300,431800,431800,432500,432600,432700,432800,432900,433000,433100,433200,433300,433400,23300,27547,119600,224100,150200,316500,37400,69800,66100,97800,432400,432200,432100,432000,431900,431800,431700,431600,431500,431400,7700,8800,10200,13500,9100,39700,14900,14900,5200,6500,439420,426280,8933057,4496376,0,0,0,0,0,
600036.SH,600036,20251209,132433000,432400,400,17296,54389,0,,,33225930,1431713434,433000,428300,431800,431800,432500,432600,432700,432800,432900,433000,433100,433200,433300,433400,23000,26247,121400,224100,150100,316500,36900,69400,66100,97800,432400,432200,432100,432000,431900,431800,431700,431600,431500,431400,7900,8800,10200,13600,9100,39700,14900,14900,5300,6600,439430,426280,8932457,4496676,0,0,0,0,0,
600036.SH,600036,20251209,132436000,432400,2100,90819,54393,0,,,33228030,1431804253,433000,428300,431800,431800,432500,432600,432700,432800,432900,433000,433100,433200,433300,433400,21500,26247,121400,224100,150100,316500,36900,69400,66100,97800,432400,432200,432100,432000,431900,431800,431700,431600,431500,431400,9200,600,700,13700,9100,36800,14900,14900,5300,6600,439430,426260,8931657,4477576,0,0,0,0,0,
600036.SH,600036,20251209,132439000,432400,9200,397808,54404,0,,,33237230,1432202061,433000,428300,431800,431800,432400,432500,432600,432700,432800,432900,433000,433100,433200,433300,200,21700,26347,121400,227100,151100,311800,36900,69400,66100,432200,432100,432000,431900,431800,431700,431600,431500,431400,431300,800,700,13600,9100,36800,14900,14900,5300,6600,2600,439430,426250,8931257,4471476,0,0,0,0,0,
600036.SH,600036,20251209,132442000,432400,200,8648,54405,0,,,33237430,1432210709,433000,428300,431800,431800,432400,432500,432600,432700,432800,432900,433000,433100,433200,433300,400,24400,25847,121900,227100,151100,311800,37700,69400,66100,432300,432200,432100,432000,431900,431800,431700,431600,431500,431400,10600,12300,700,13600,9100,36800,14900,14900,5300,6600,439420,426280,8936457,4493576,0,0,0,0,0,
600036.SH,600036,20251209,132445000,432300,2100,90818,54415,0,,,33239530,1432301527,433000,428300,431800,431800,432400,432500,432600,432700,432800,432900,433000,433100,433200,433300,300,23100,25747,122400,227100,151100,310800,37700,69500,66100,432300,432200,432100,432000,431900,431800,431700,431600,431500,431400,10700,12300,700,13700,9100,37800,14900,14900,5300,6600,439420,426280,8935557,4492376,0,0,0,0,0,
600036.SH,600036,20251209,132448000,432300,100,4323,54416,0,,,33239630,1432305850,433000,428300,431800,431800,432400,432500,432600,432700,432800,432900,433000,433100,433200,433300,300,23700,26247,122800,227100,150700,310200,37700,69500,66300,432300,432200,432100,432000,431900,431800,431700,431600,431500,431400,14200,11700,700,13700,9100,37800,14900,14900,5300,6600,439420,426280,8935857,4491376,0,0,0,0,0,
600036.SH,600036,20251209,132451000,432400,1600,69184,54419,0,,,33241230,1432375034,433000,428300,431800,431800,432500,432600,432700,432800,432900,433000,433100,433200,433300,433400,25000,28547,122400,227100,150700,310500,37800,69500,66300,97800,432400,432300,432200,432100,432000,431900,431800,431700,431600,431500,17100,15400,1500,700,13700,9100,37800,14900,14900,5300,439420,426290,8939157,4499476,0,0,0,0,0,
600036.SH,600036,20251209,132454000,432400,100,4324,54420,0,,,33241330,1432379358,433000,428300,431800,431800,432500,432600,432700,432800,432900,433000,433100,433200,433300,433400,25700,26247,122400,227100,150700,310500,37700,69500,66300,97800,432400,432300,432200,432100,432000,431900,431800,431700,431600,431500,20400,15400,2500,1200,13700,9100,37800,14900,14900,5300,439420,426300,8938957,4504376,0,0,0,0,0,
600036.SH,600036,20251209,132457000,432400,11500,497366,54425,0,,,33252830,1432876724,433000,428300,431800,431800,432500,432600,432700,432800,432900,433000,433100,433200,433300,433400,15500,26247,122400,227100,149000,310600,37700,69500,66300,97800,432400,432300,432200,432100,432000,431900,431800,431700,431600,431500,19800,5000,2500,1200,13700,9100,37800,14900,14900,5300,439430,426280,8927157,4493376,0,0,0,0,0,
600036.SH,600036,20251209,132500000,432500,500,21625,54427,0,,,33253330,1432898349,433000,428300,431800,431800,432500,432600,432700,432800,432900,433000,433100,433200,433300,433400,16400,26247,122400,227200,149000,310600,37700,69500,66300,97800,432400,432300,432200,432100,432000,431900,431800,431700,431600,431500,19800,4800,2500,2200,13700,9100,37800,13400,13400,5300,439430,426280,8925757,4491176,0,0,0,0,0,
600036.SH,600036,20251209,132503000,432500,26400,1141806,54486,0,,,33279730,1434040155,433000,428300,431800,431800,432600,432700,432800,432900,433000,433100,433200,433300,433400,433500,27447,122000,227200,149500,310600,37700,69500,66300,97800,115875,432500,432400,432300,432200,432100,432000,431900,431800,431700,431600,400,29200,4200,2500,2200,13700,9100,37800,13400,13400,439440,426290,8910857,4499776,0,0,0,0,0,
600036.SH,600036,20251209,132506000,432500,6500,281182,54501,0,,,33286230,1434321337,433000,428300,431800,431800,432600,432700,432800,432900,433000,433100,433200,433300,433400,433500,23347,122200,226800,149500,310700,37700,69500,66300,97800,115875,432500,432400,432300,432200,432100,432000,431900,431800,431700,431600,4400,28700,4200,2500,2200,14200,9100,37800,13400,12800,439450,426300,8906657,4507276,0,0,0,0,0,
600036.SH,600036,20251209,132509000,432500,400,17300,54504,0,,,33286630,1434338637,433000,428300,431800,431800,432600,432700,432800,432900,433000,433100,433200,433300,433400,433500,23947,122200,226800,150000,310700,37700,69500,66300,97800,115875,432500,432400,432300,432200,432100,432000,431900,431800,431700,431600,10900,12800,4600,2400,1800,14200,9100,37800,13400,12800,439450,426280,8907757,4497776,0,0,0,0,0,
600036.SH,600036,20251209,132512000,432600,22900,990643,54534,0,,,33309530,1435329280,433000,428300,431800,431800,432600,432700,432800,432900,433000,433100,433200,433300,433400,433500,5247,122200,226800,150500,311700,38200,69500,66300,97800,115875,432500,432400,432300,432200,432100,432000,431900,431800,431700,431600,29000,3900,4600,2400,2600,14200,9100,37800,13400,12800,439460,426300,8895357,4507776,0,0,0,0,0,
600036.SH,600036,20251209,132515000,432600,2099,90791,54545,0,,,33311629,1435420071,433000,428300,431800,431800,432600,432700,432800,432900,433000,433100,433200,433300,433400,433500,4347,122400,226800,150900,311700,38200,69500,66300,97800,115875,432500,432400,432300,432200,432100,432000,431900,431800,431700,431600,29501,3900,4600,2400,2600,14200,9100,37800,13400,12800,439460,426300,8895057,4508177,0,0,0,0,0,
600036.SH,600036,20251209,132518000,432500,9900,428208,54558,0,,,33321529,1435848279,433000,428300,431800,431800,432600,432700,432800,432900,433000,433100,433200,433300,433400,433500,1947,122500,226700,150900,311600,38300,69500,66300,97800,115875,432500,432400,432300,432200,432100,432000,431900,431800,431700,431600,23501,4100,4000,2400,2600,14200,9100,37800,13400,12800,439460,426290,8892657,4501477,0,0,0,0,0,
600036.SH,600036,20251209,132521000,432600,8600,371956,54566,0,,,33330129,1436220235,433000,428300,431800,431800,432600,432700,432800,432900,433000,433100,433200,433300,433400,433500,2047,123000,226700,150900,311500,38300,69500,66300,97800,115875,432500,432400,432300,432200,432100,432000,431900,431800,431700,431600,15501,3700,4000,2400,2600,14200,9100,37800,13400,12800,439460,426280,8895157,4493177,0,0,0,0,0,
600036.SH,600036,20251209,132524000,432600,7547,326483,54583,0,,,33337676,1436546718,433000,428300,431800,431800,432700,432800,432900,433000,433100,433200,433300,433400,433500,433600,121900,227500,150900,311500,38400,69500,66300,97800,118575,47700,432600,432500,432400,432300,432200,432100,432000,431900,431800,431700,4753,17701,3700,4000,2400,2600,14200,9100,37800,13400,439460,426290,8896110,4500130,0,0,0,0,0,
600036.SH,600036,20251209,132527000,432600,3100,134106,54589,0,,,33340776,1436680824,433000,428300,431800,431800,432700,432800,432900,433000,433100,433200,433300,433400,433500,433600,121600,226900,152100,311300,38300,69500,66300,97800,118575,47700,432600,432500,432400,432300,432200,432100,432000,431900,431800,431700,1753,17701,4200,4400,2000,2100,14700,9100,37800,13400,439460,426280,8897110,4497230,0,0,0,0,0,
600036.SH,600036,20251209,132530000,432700,3600,155757,54592,0,,,33344376,1436836581,433000,428300,431800,431800,432700,432800,432900,433000,433100,433200,433300,433400,433500,433600,119500,226800,152200,311400,38300,69500,66300,97800,118575,47700,432600,432500,432400,432300,432200,432100,432000,431900,431800,431700,3953,17701,4200,4400,2000,2100,14700,9200,37800,13400,439460,426290,8894810,4498930,0,0,0,0,0,
600036.SH,600036,20251209,132533000,432600,100,4326,54593,0,,,33344476,1436840907,433000,428300,431800,431800,432700,432800,432900,433000,433100,433200,433300,433400,433500,433600,120300,226300,152200,313300,38300,69500,66300,97800,119075,47700,432600,432500,432400,432300,432200,432100,432000,431900,431800,431700,3853,17701,4200,4400,2000,2100,14700,9200,37800,13600,439460,426290,8897210,4499030,0,0,0,0,0,
600036.SH,600036,20251209,132536000,432600,37853,1637829,54608,0,,,33382329,1438478736,433000,428300,431800,431800,432600,432700,432800,432900,433000,433100,433200,433300,433400,433500,4547,89200,226300,152200,313300,38300,69500,66300,97800,119075,432500,432400,432300,432200,432100,432000,431900,431800,431700,431600,17901,4200,4400,2000,2100,14700,9200,37800,13600,12400,439480,426280,8870857,4495377,0,0,0,0,0,
600036.SH,600036,20251209,132539000,432600,7047,304852,54615,0,,,33389376,1438783588,433000,428300,431800,431800,432700,432800,432900,433000,433100,433200,433300,433400,433500,433600,88500,226900,152200,315400,38300,69500,66300,97800,119175,48300,432600,432500,432400,432300,432200,432100,432000,431900,431800,431700,4453,18701,4200,4400,2500,2100,14700,9200,37800,13400,439480,426290,8869510,4501330,0,0,0,0,0,
600036.SH,600036,20251209,132542000,432700,4500,194681,54621,0,,,33393876,1438978269,433000,428300,431800,431800,432700,432800,432900,433000,433100,433200,433300,433400,433500,433600,91000,226900,152100,315500,38300,69500,66300,97800,119175,48300,432600,432500,432400,432300,432200,432100,432000,431900,431800,431700,3453,18701,4200,4400,2500,2100,14700,9200,37800,13400,439480,426290,8875110,4497330,0,0,0,0,0,
600036.SH,600036,20251209,132545000,432700,0,0,54621,0,,,33393876,1438978269,433000,428300,431800,431800,432700,432800,432900,433000,433100,433200,433300,433400,433500,433600,91500,226900,152200,315700,38300,69500,66300,97800,119175,48300,432600,432500,432400,432300,432200,432100,432000,431900,431800,431700,3453,18801,4200,4400,2500,2100,14700,9200,37800,13400,439480,426290,8877210,4497430,0,0,0,0,0,
600036.SH,600036,20251209,132548000,432600,600,25956,54623,0,,,33394476,1439004225,433000,428300,431800,431800,432700,432800,432900,433000,433100,433200,433300,433400,433500,433600,91900,227400,152600,315900,38300,68500,66300,97800,119175,48300,432600,432500,432400,432300,432200,432100,432000,431900,431800,431700,2853,18801,4200,4400,2500,2100,14700,9200,37800,13400,439480,426290,8878410,4496830,0,0,0,0,0,
600036.SH,600036,20251209,132551000,432500,6700,289804,54632,0,,,33401176,1439294029,433000,428300,431800,431800,432700,432800,432900,433000,433100,433200,433300,433400,433500,433600,94600,228100,152600,315800,38300,68500,66300,97800,119175,47900,432600,432500,432400,432300,432200,432100,432000,431900,431800,431700,10500,14954,4200,4400,2500,2100,14700,9200,37800,13400,439480,426290,8882010,4500130,0,0,0,0,0,
600036.SH,600036,20251209,132554000,432700,5500,237974,54637,0,,,33406676,1439532003,433000,428300,431800,431800,432700,432800,432900,433000,433100,433200,433300,433400,433500,433600,95900,217600,152600,315800,38300,68500,66300,97800,119175,47900,432600,432500,432400,432300,432200,432100,432000,431900,431800,431700,13800,14354,4200,4400,2500,2100,14700,9200,37800,13400,439480,426300,8876810,4502830,0,0,0,0,0,
600036.SH,600036,20251209,132557000,432600,1700,73557,54640,0,,,33408376,1439605560,433000,428300,431800,431800,432700,432800,432900,433000,433100,433200,433300,433400,433500,433600,97400,218100,153100,316100,38300,68500,66300,97800,119175,47900,432600,432500,432400,432300,432200,432100,432000,431900,431800,431700,14200,14354,4200,5200,2500,2100,14700,9200,37800,13400,439480,426300,8879610,4503930,0,0,0,0,0,
600036.SH,600036,20251209,132600000,432600,0,0,54640,0,,,33408376,1439605560,433000,428300,431800,431800,432700,432800,432900,433000,433100,433200,433300,433400,433500,433600,97700,218000,152900,316400,38300,68500,66300,97800,119175,47900,432600,432500,432400,432300,432200,432100,432000,431900,431800,431700,14200,14354,4200,5200,2500,2100,14100,9200,37800,13400,439480,426300,8879910,4503330,0,0,0,0,0,
600036.SH,600036,20251209,132603000,432700,12000,519162,54658,0,,,33420376,1440124722,433000,428300,431800,431800,432700,432800,432900,433000,433100,433200,433300,433400,433500,433600,99900,218200,152900,319400,38300,67600,66300,97800,119175,48400,432600,432500,432400,432300,432200,432100,432000,431900,431800,431700,7000,14354,4200,5200,2500,2100,17300,9200,37800,13400,439480,426290,8883010,4499330,0,0,0,0,0,
600036.SH,600036,20251209,132606000,432600,7700,333110,54670,0,,,33428076,1440457832,433000,428300,431800,431800,432700,432800,432900,433000,433100,433200,433300,433400,433500,433600,102600,218200,151400,320600,38300,67500,66300,97800,119175,48400,432600,432500,432400,432300,432200,432100,432000,431900,431800,431700,8700,14454,4200,5200,2500,2100,17300,9200,37800,13400,439470,426290,8885410,4500530,0,0,0,0,0,
600036.SH,600036,20251209,132609000,432600,1600,69222,54678,0,,,33429676,1440527054,433000,428300,431800,431800,432700,432800,432900,433000,433100,433200,433300,433400,433500,433600,102000,218100,151400,320500,38300,67500,66300,97800,119175,48400,432600,432500,432400,432300,432200,432100,432000,431900,431800,431700,7700,14454,4200,5200,2500,2100,17300,9200,37800,13400,439470,426290,8885610,4499430,0,0,0,0,0,
600036.SH,600036,20251209,132612000,432600,8600,372036,54684,0,,,33438276,1440899090,433000,428300,431800,431800,432700,432800,432900,433000,433100,433200,433300,433400,433500,433600,102000,219100,151400,320900,38300,67500,66300,97800,119175,48400,432600,432500,432400,432300,432200,432100,432000,431900,431800,431700,2500,14454,4200,5200,2500,2100,17300,9200,37800,13400,439470,426290,8888710,4494230,0,0,0,0,0,
600036.SH,600036,20251209,132615000,432600,9700,419622,54698,0,,,33447976,1441318712,433000,428300,431800,431800,432600,432700,432800,432900,433000,433100,433200,433300,433400,433500,14300,103100,219200,151600,320900,38300,67500,66300,97800,119175,432500,432400,432300,432200,432100,432000,431900,431800,431700,431600,14454,4200,5200,2500,2100,17300,9200,37800,13400,12400,439460,426280,8904510,4490730,0,0,0,0,0,
600036.SH,600036,20251209,132618000,432500,3300,142742,54702,0,,,33451276,1441461454,433000,428300,431800,431800,432600,432700,432800,432900,433000,433100,433200,433300,433400,433500,59500,102800,220800,151100,320500,38300,67500,66300,97800,119175,432500,432400,432300,432200,432100,432000,431900,431800,431700,431600,21654,4200,5200,2500,2100,20100,9200,37800,13400,12400,439420,426290,8951310,4500730,0,0,0,0,0,
600036.SH,600036,20251209,132621000,432500,9500,410880,54711,0,,,33460776,1441872334,433000,428300,431800,431800,432600,432700,432800,432900,433000,433100,433200,433300,433400,433500,60100,106000,220800,151200,320400,38300,68400,66300,97800,119175,432500,432400,432300,432200,432100,432000,431900,431800,431700,431600,12754,4200,5300,2500,2100,20100,9200,37800,13400,12400,439420,426280,8961510,4491930,0,0,0,0,0,
600036.SH,600036,20251209,132624000,432600,3900,168712,54716,0,,,33464676,1442041046,433000,428300,431800,431800,432600,432700,432800,432900,433000,433100,433200,433300,433400,433500,56800,104300,221100,151500,319300,38500,68400,66300,97800,119175,432500,432400,432300,432200,432100,432000,431900,431800,431700,431600,12554,4200,5300,2500,2100,20100,9200,37800,13400,12400,439420,426280,8956210,4492830,0,0,0,0,0,
600036.SH,600036,20251209,132627000,432500,2500,108141,54720,0,,,33467176,1442149187,433000,428300,431800,431800,432600,432700,432800,432900,433000,433100,433200,433300,433400,433500,56300,103900,220100,152900,322500,38500,68400,66300,97800,119175,432500,432400,432300,432200,432100,432000,431900,431800,431700,431600,11654,4200,5300,2500,2100,20100,9200,37800,13400,12400,439420,426280,8958910,4491630,0,0,0,0,0,
600036.SH,600036,20251209,132630000,432500,600,25950,54722,0,,,33467776,1442175137,433000,428300,431800,431800,432600,432700,432800,432900,433000,433100,433200,433300,433400,433500,56300,104100,220400,152900,322200,38500,68400,66300,97800,119175,432500,432400,432300,432200,432100,432000,431900,431800,431700,431600,11054,4200,5300,2500,2100,20100,9200,37800,13400,12400,439420,426280,8959110,4491030,0,0,0,0,0,
600036.SH,600036,20251209,132633000,432500,1500,64889,54724,0,,,33469276,1442240026,433000,428300,431800,431800,432600,432700,432800,432900,433000,433100,433200,433300,433400,433500,55100,105300,220400,152900,322200,38500,68400,66300,97800,119175,432500,432400,432300,432200,432100,432000,431900,431800,431700,431600,12254,4200,5300,2500,2100,20100,9200,37800,13400,12400,439420,426280,8959110,4492230,0,0,0,0,0,
600036.SH,600036,20251209,132636000,432500,0,0,54724,0,,,33469276,1442240026,433000,428300,431800,431800,432600,432700,432800,432900,433000,433100,433200,433300,433400,433500,58800,110800,220600,153400,322200,38500,68400,66300,97800,118675,432500,432400,432300,432200,432100,432000,431900,431800,431700,431600,22554,4200,5300,2500,2100,20100,9200,37800,13400,12400,439410,426300,8968510,4500430,0,0,0,0,0,
600036.SH,600036,20251209,132639000,432500,900,38925,54728,0,,,33470176,1442278951,433000,428300,431800,431800,432600,432700,432800,432900,433000,433100,433200,433300,433400,433500,59100,111300,220600,154000,322200,38500,68400,66300,97800,117775,432500,432400,432300,432200,432100,432000,431900,431800,431700,431600,21654,4200,5300,2500,2100,20200,9200,37800,13400,12400,439420,426290,8954110,4499630,0,0,0,0,0,
600036.SH,600036,20251209,132642000,432500,46100,1994243,54745,0,,,33516276,1444273194,433000,428300,431800,431800,432600,432700,432800,432900,433000,433100,433200,433300,433400,433500,17300,121200,221100,156300,322200,38500,68400,65300,97800,117775,432500,432400,432300,432200,432100,432000,431900,431800,431700,431600,22554,4200,5300,2500,1100,20200,9200,37800,13400,12400,439440,426290,8923710,4499630,0,0,0,0,0,
600036.SH,600036,20251209,132645000,432600,6900,298444,54748,0,,,33523176,1444571638,433000,428300,431800,431800,432600,432700,432800,432900,433000,433100,433200,433300,433400,433500,17400,123200,221100,157000,322600,38500,68400,65300,97800,114075,432500,432400,432300,432200,432100,432000,431900,431800,431700,431600,17454,4200,5300,2500,1100,20200,9200,37800,13400,12400,439440,426290,8923310,4494030,0,0,0,0,0,
600036.SH,600036,20251209,132648000,432500,2100,90835,54756,0,,,33525276,1444662473,433000,428300,431800,431800,432600,432700,432800,432900,433000,433100,433200,433300,433400,433500,18000,123200,220800,157000,322600,38500,68400,65300,97800,114475,432500,432400,432300,432200,432100,432000,431900,431800,431700,431600,16354,4200,5200,2500,1100,20200,9200,37800,13400,12400,439440,426290,8925410,4492830,0,0,0,0,0,
600036.SH,600036,20251209,132651000,432500,1900,82175,54758,0,,,33527176,1444744648,433000,428300,431800,431800,432600,432700,432800,432900,433000,433100,433200,433300,433400,433500,18400,120800,220800,157700,322800,38500,68400,65300,97800,114475,432500,432400,432300,432200,432100,432000,431900,431800,431700,431600,14754,4200,5200,2500,1100,20200,9200,37800,13400,12400,439440,426280,8923910,4491630,0,0,0,0,0,
600036.SH,600036,20251209,132654000,432500,8900,384940,54766,0,,,33536076,1445129588,433000,428300,431800,431800,432600,432700,432800,432900,433000,433100,433200,433300,433400,433500,34400,120500,220700,157700,322800,38500,68400,65300,97800,114475,432500,432400,432300,432200,432100,432000,431900,431800,431700,431600,7354,4400,5200,2500,1100,20200,9200,37800,13400,12400,439430,426270,8939510,4482330,0,0,0,0,0,
600036.SH,600036,20251209,132657000,432500,1800,77850,54769,0,,,33537876,1445207438,433000,428300,431800,431800,432600,432700,432800,432900,433000,433100,433200,433300,433400,433500,41500,121300,220900,156700,323400,38500,68400,65300,97800,114475,432500,432400,432300,432200,432100,432000,431900,431800,431700,431600,16754,4300,5200,2500,1100,20200,9200,37800,13400,12400,439420,426290,8949810,4491630,0,0,0,0,0,
600036.SH,600036,20251209,132700000,432600,2000,86517,54772,0,,,33539876,1445293955,433000,428300,431800,431800,432600,432700,432800,432900,433000,433100,433200,433300,433400,433500,41700,133100,221200,156400,323000,38500,68400,65300,97800,115075,432500,432400,432300,432200,432100,432000,431900,431800,431700,431600,16754,4300,5200,2500,1100,20200,9200,37800,13400,12400,439410,426290,8963210,4495030,0,0,0,0,0,
600036.SH,600036,20251209,132703000,432500,4100,177337,54782,0,,,33543976,1445471292,433000,428300,431800,431800,432600,432700,432800,432900,433000,433100,433200,433300,433400,433500,40900,132600,222000,156400,321500,37500,68400,65300,97800,115075,432500,432400,432300,432200,432100,432000,431900,431800,431700,431600,14354,4300,5200,2500,1100,20200,9200,37800,13400,12400,439410,426290,8967110,4492630,0,0,0,0,0,
600036.SH,600036,20251209,132706000,432500,1300,56235,54785,0,,,33545276,1445527527,433000,428300,431800,431800,432600,432700,432800,432900,433000,433100,433200,433300,433400,433500,41100,133400,222000,155900,320900,37500,68400,65300,97800,115075,432500,432400,432300,432200,432100,432000,431900,431800,431700,431600,14054,4300,5200,2500,1100,20200,9200,37800,13400,12400,439410,426290,8969510,4492130,0,0,0,0,0,
600036.SH,600036,20251209,132709000,432500,6300,272487,54824,0,,,33551576,1445800014,433000,428300,431800,431800,432600,432700,432800,432900,433000,433100,433200,433300,433400,433500,75500,133400,222000,157400,320900,37500,68400,65300,97800,115075,432500,432400,432300,432200,432100,432000,431900,431800,431700,431600,18054,4300,5200,2500,1100,20200,9200,37800,13400,12400,439380,426290,9005810,4492730,0,0,0,0,0,
600036.SH,600036,20251209,132712000,432500,20800,899625,54845,0,,,33572376,1446699639,433000,428300,431800,431800,432600,432700,432800,432900,433000,433100,433200,433300,433400,433500,73800,133500,222100,167300,320900,37500,68400,65300,97800,115075,432500,432400,432300,432200,432100,432000,431900,431800,431700,431600,3454,4300,5200,2500,1100,20200,9200,37800,13400,12400,439380,426270,9014710,4478130,0,0,0,0,0,
600036.SH,600036,20251209,132715000,432500,2700,116776,54855,0,,,33575076,1446816415,433000,428300,431800,431800,432600,432700,432800,432900,433000,433100,433200,433300,433400,433500,78100,133500,222100,166600,321200,37000,68400,65300,97800,115075,432500,432400,432300,432200,432100,432000,431900,431800,431700,431600,854,4400,5200,2500,1100,21200,9200,37800,13400,12400,439370,426270,9018310,4476630,0,0,0,0,0,
600036.SH,600036,20251209,132718000,432500,2100,90825,54863,0,,,33577176,1446907240,433000,428300,431800,431800,432600,432700,432800,432900,433000,433100,433200,433300,433400,433500,79000,130400,223100,166000,321200,37000,68400,65300,97800,115075,432400,432300,432200,432100,432000,431900,431800,431700,431600,431500,4354,5200,3200,1100,21200,9200,37800,13400,12400,5300,439370,426270,9016510,4476330,0,0,0,0,0,
600036.SH,600036,20251209,132721000,432600,3200,138430,54868,0,,,33580376,1447045670,433000,428300,431800,431800,432500,432600,432700,432800,432900,433000,433100,433200,433300,433400,5200,76000,129600,222700,167400,321200,37400,67600,65700,97800,432400,432300,432200,432100,432000,431900,431800,431700,431600,431500,6754,4400,2700,1100,21200,9200,38200,13800,12800,5300,439370,426270,9019510,4478630,0,0,0,0,0,
600036.SH,600036,20251209,132724000,432500,1200,51900,54870,0,,,33581576,1447097570,433000,428300,431800,431800,432500,432600,432700,432800,432900,433000,433100,433200,433300,433400,54500,43900,131800,222900,165800,321200,37000,67600,68300,97800,432400,432300,432200,432100,432000,431900,431800,431700,431600,431500,19854,4400,2700,1900,21400,9200,37800,13400,12400,5300,439360,426290,9039010,4491530,0,0,0,0,0,
600036.SH,600036,20251209,132727000,432400,200,8648,54872,0,,,33581776,1447106218,433000,428300,431800,431800,432500,432600,432700,432800,432900,433000,433100,433200,433300,433400,57000,46400,132300,224600,165800,321300,37000,67600,68300,97800,432400,432300,432200,432100,432000,431900,431800,431700,431600,431500,20754,4500,2700,1900,21400,9200,37800,13400,12400,5300,439350,426290,9046010,4492530,0,0,0,0,0,
600036.SH,600036,20251209,132730000,432400,300,12972,54873,0,,,33582076,1447119190,433000,428300,431800,431800,432500,432600,432700,432800,432900,433000,433100,433200,433300,433400,57000,46500,132300,224600,165800,321300,37000,67600,68300,97800,432400,432300,432200,432100,432000,431900,431800,431700,431600,431500,20454,4900,2700,1900,21400,9200,37800,13400,12400,5300,439350,426290,9046010,4489630,0,0,0,0,0,
600036.SH,600036,20251209,132733000,432400,800,34599,54877,0,,,33582876,1447153789,433000,428300,431800,431800,432500,432600,432700,432800,432900,433000,433100,433200,433300,433400,58800,46500,133500,224600,164800,321300,37000,67600,68300,97800,432400,432300,432200,432100,432000,431900,431800,431700,431600,431500,20154,5100,2700,1900,21400,9200,37800,13400,12400,5300,439350,426290,9049010,4487730,0,0,0,0,0,
600036.SH,600036,20251209,132736000,432500,600,25950,54879,0,,,33583476,1447179739,433000,428300,431800,431800,432500,432600,432700,432800,432900,433000,433100,433200,433300,433400,59300,47000,132500,224600,164800,321300,37000,67600,68300,97800,432400,432300,432200,432100,432000,431900,431800,431700,431600,431500,24054,5100,2700,1900,21300,9200,37800,13400,12400,5300,439350,426290,9049210,4492030,0,0,0,0,0,
600036.SH,600036,20251209,132739000,432400,300,12972,54881,0,,,33583776,1447192711,433000,428300,431800,431800,432500,432600,432700,432800,432900,433000,433100,433200,433300,433400,59400,32600,132000,224000,164800,321300,37000,67600,68300,97800,432400,432300,432200,432100,432000,431900,431800,431700,431600,431500,33554,5100,2700,1100,21300,9200,37800,13400,12400,5300,439360,426300,9034010,4500730,0,0,0,0,0,
600036.SH,600036,20251209,132742000,432500,300,12975,54882,0,,,33584076,1447205686,433000,428300,431800,431800,432500,432600,432700,432800,432900,433000,433100,433200,433300,433400,58100,29600,132100,224000,164800,323300,37000,67600,68300,97800,432400,432300,432200,432100,432000,431900,431800,431700,431600,431500,34254,5100,2700,1100,21300,9200,37800,13400,12400,5300,439360,426300,9031310,4501330,0,0,0,0,0,
600036.SH,600036,20251209,132745000,432500,500,21625,54886,0,,,33584576,1447227311,433000,428300,431800,431800,432500,432600,432700,432800,432900,433000,433100,433200,433300,433400,58300,29500,131600,226400,164800,323300,37000,67600,68300,97800,432400,432300,432200,432100,432000,431900,431800,431700,431600,431500,34254,5100,2700,1100,41200,9200,37800,13400,12400,5300,439360,426330,9033210,4519730,0,0,0,0,0,
600036.SH,600036,20251209,132748000,432500,1900,82173,54891,0,,,33586476,1447309484,433000,428300,431800,431800,432500,432600,432700,432800,432900,433000,433100,433200,433300,433400,64200,29500,125000,226400,164800,323200,37000,67600,68300,97800,432400,432300,432200,432100,432000,431900,431800,431700,431600,431500,34654,5100,2700,1100,41200,9200,37800,13400,12400,5300,439360,426330,9032410,4520130,0,0,0,0,0,
600036.SH,600036,20251209,132751000,432500,11500,497355,54898,0,,,33597976,1447806839,433000,428300,431800,431800,432500,432600,432700,432800,432900,433000,433100,433200,433300,433400,54700,29900,125400,226900,164300,322500,37000,67600,68300,97800,432400,432300,432200,432100,432000,431900,431800,431700,431600,431500,31154,5100,2700,1100,41200,9200,37800,13400,12400,5300,439370,426330,9023010,4518130,0,0,0,0,0,
600036.SH,600036,20251209,132754000,432500,200,8649,54900,0,,,33598176,1447815488,433000,428300,431800,431800,432500,432600,432700,432800,432900,433000,433100,433200,433300,433400,69600,30600,126900,226900,164300,323000,37000,67600,68300,97800,432400,432300,432200,432100,432000,431900,431800,431700,431600,431500,31054,5100,2700,1100,41200,9200,37800,13400,12400,5300,439360,426330,9040210,4518030,0,0,0,0,0,
600036.SH,600036,20251209,132757000,432500,3300,142717,54908,0,,,33601476,1447958205,433000,428300,431800,431800,432500,432600,432700,432800,432900,433000,433100,433200,433300,433400,67400,26900,126900,226900,164300,323200,37000,67600,68300,97800,432400,432300,432200,432100,432000,431900,431800,431700,431600,431500,30954,5100,2700,1100,41200,9200,37800,13400,12400,5300,439360,426330,9034710,4517930,0,0,0,0,0,
600036.SH,600036,20251209,132800000,432400,600,25945,54912,0,,,33602076,1447984150,433000,428300,431800,431800,432500,432600,432700,432800,432900,433000,433100,433200,433300,433400,67700,26900,126900,226900,164300,323200,37000,67600,68300,97800,432400,432300,432200,432100,432000,431900,431800,431700,431600,431500,34154,5100,2700,1100,41200,9200,37800,13400,12400,5300,439360,426330,9033910,4521130,0,0,0,0,0,
600036.SH,600036,20251209,132803000,432500,10900,471425,54915,0,,,33612976,1448455575,433000,428300,431800,431800,432500,432600,432700,432800,432900,433000,433100,433200,433300,433400,58100,26400,126900,226900,164300,323200,37000,67600,68300,97800,432400,432300,432200,432100,432000,431900,431800,431700,431600,431500,26354,5100,2700,1100,41200,9200,37800,13400,12400,5300,439370,426300,9024010,4489930,0,0,0,0,0,
600036.SH,600036,20251209,132806000,432500,6700,289767,54927,0,,,33619676,1448745342,433000,428300,431800,431800,432500,432600,432700,432800,432900,433000,433100,433200,433300,433400,51900,26400,126900,226900,164300,323200,37000,67600,68300,97800,432400,432300,432200,432100,432000,431900,431800,431700,431600,431500,25654,6200,2700,1100,41000,9200,37800,13400,12400,5300,439370,426310,9017710,4490130,0,0,0,0,0,
600036.SH,600036,20251209,132809000,432500,56500,2443616,54979,0,,,33676176,1451188958,433000,428300,431800,431800,432500,432600,432700,432800,432900,433000,433100,433200,433300,433400,300,25600,125000,227100,164700,323600,37000,67600,68300,97800,432400,432300,432200,432100,432000,431900,431800,431700,431600,431500,36054,6700,3100,700,40600,9200,37800,13400,12400,5300,439410,426320,8964510,4500630,0,0,0,0,0,
600036.SH,600036,20251209,132812000,432600,11600,501725,55001,0,,,33687776,1451690683,433000,428300,431800,431800,432600,432700,432800,432900,433000,433100,433200,433300,433400,433500,23100,125200,227100,164700,322700,37000,67600,68300,97800,114475,432400,432300,432200,432100,432000,431900,431800,431700,431600,431500,34654,6700,3100,700,40500,9200,37800,13400,12400,5300,439420,426320,8961010,4500530,0,0,0,0,0,
600036.SH,600036,20251209,132815000,432600,1400,60556,55005,0,,,33689176,1451751239,433000,428300,431800,431800,432600,432700,432800,432900,433000,433100,433200,433300,433400,433500,23100,125200,226600,164700,322700,37000,67600,68300,97800,114475,432500,432400,432300,432200,432100,432000,431900,431800,431700,431600,1500,35354,6700,3100,700,40500,9200,37800,13400,12400,439420,426320,8961010,4502730,0,0,0,0,0,
600036.SH,600036,20251209,132818000,432600,1300,56232,55009,0,,,33690476,1451807471,433000,428300,431800,431800,432600,432700,432800,432900,433000,433100,433200,433300,433400,433500,22400,125200,226600,164700,322700,37000,67600,68300,98100,114475,432500,432400,432300,432200,432100,432000,431900,431800,431700,431600,3300,34654,6700,3100,700,40500,9200,37800,13400,12400,439420,426340,8960610,4526930,0,0,0,0,0,
600036.SH,600036,20251209,132821000,432500,2000,86500,55017,0,,,33692476,1451893971,433000,428300,431800,431800,432600,432700,432800,432900,433000,433100,433200,433300,433400,433500,33600,125200,226600,164400,322700,37000,67600,68300,98100,114475,432500,432400,432300,432200,432100,432000,431900,431800,431700,431600,2800,33654,6700,3100,700,40500,9200,37800,13400,12400,439410,426340,8971510,4527330,0,0,0,0,0,
600036.SH,600036,20251209,132824000,432500,5300,229225,55033,0,,,33697776,1452123196,433000,428300,431800,431800,432500,432600,432700,432800,432900,433000,433100,433200,433300,433400,5400,34800,125000,226600,164400,322700,37000,67600,68300,98100,432400,432300,432200,432100,432000,431900,431800,431700,431600,431500,29854,6700,3100,700,40500,9200,37800,13400,12400,5300,439400,426330,8979710,4520730,0,0,0,0,0,
600036.SH,600036,20251209,132827000,432400,10300,445472,55044,0,,,33708076,1452568668,433000,428300,431800,431800,432500,432600,432700,432800,432900,433000,433100,433200,433300,433400,500,38800,125000,226600,164700,320100,37000,67600,68300,98100,432400,432300,432200,432100,432000,431900,431800,431700,431600,431500,29554,6700,3100,700,40500,9200,37800,13400,12400,5300,439400,426330,8978910,4520430,0,0,0,0,0,
600036.SH,600036,20251209,132830000,432400,200,8648,55045,0,,,33708276,1452577316,433000,428300,431800,431800,432500,432600,432700,432800,432900,433000,433100,433200,433300,433400,2000,39300,125000,226600,163700,320600,37000,67600,68300,98100,432400,432300,432200,432100,432000,431900,431800,431700,431600,431500,29754,6700,3100,700,40500,9200,37800,13400,12400,5300,439400,426330,8980710,4520130,0,0,0,0,0,
600036.SH,600036,20251209,132833000,432500,1600,69192,55050,0,,,33709876,1452646508,433000,428300,431800,431800,432500,432600,432700,432800,432900,433000,433100,433200,433300,433400,6000,39600,125000,226600,163700,320600,37000,67600,68300,98100,432400,432300,432200,432100,432000,431900,431800,431700,431600,431500,28954,6700,3100,700,40500,9200,39000,13400,12400,5300,439400,426330,8985010,4520530,0,0,0,0,0,
600036.SH,600036,20251209,132836000,432500,0,0,55050,0,,,33709876,1452646508,433000,428300,431800,431800,432500,432600,432700,432800,432900,433000,433100,433200,433300,433400,6800,45600,124500,226600,163800,321100,37000,67600,68300,98100,432400,432300,432200,432100,432000,431900,431800,431700,431600,431500,29654,6700,3100,700,40500,9200,39000,13400,12400,5800,439390,426330,8992910,4521730,0,0,0,0,0,
600036.SH,600036,20251209,132839000,432500,10200,441150,55064,0,,,33720076,1453087658,433000,428300,431800,431800,432600,432700,432800,432900,433000,433100,433200,433300,433400,433500,46500,124500,226900,163800,321200,37000,67600,68300,98100,114675,432500,432400,432300,432200,432100,432000,431900,431800,431700,431600,900,30254,7800,3100,700,40500,9200,39000,13400,12400,439400,426330,8987310,4524330,0,0,0,0,0,
600036.SH,600036,20251209,132842000,432400,5200,224918,55079,0,,,33725276,1453312576,433000,428300,431800,431800,432500,432600,432700,432800,432900,433000,433100,433200,433300,433400,400,45500,124500,226900,163900,321200,37000,67800,68300,98100,432400,432300,432200,432100,432000,431900,431800,431700,431600,431500,29254,7400,3100,700,41000,9200,39000,13400,12400,5800,439400,426330,8989310,4522330,0,0,0,0,0,
600036.SH,600036,20251209,132845000,432600,5000,216284,55088,0,,,33730276,1453528860,433000,428300,431800,431800,432500,432600,432700,432800,432900,433000,433100,433200,433300,433400,6200,42800,121400,225200,163400,322300,38300,68700,69100,98100,432400,432300,432200,432100,432000,431900,431800,431700,431600,431500,29754,7400,3100,700,41000,9200,39000,13400,12400,5800,439390,426330,8992210,4522530,0,0,0,0,0,
600036.SH,600036,20251209,132848000,432500,1600,69199,55092,0,,,33731876,1453598059,433000,428300,431800,431800,432500,432600,432700,432800,432900,433000,433100,433200,433300,433400,5000,44800,123000,226600,162400,322600,37000,68300,68700,98100,432400,432300,432200,432100,432000,431900,431800,431700,431600,431500,29654,7400,3100,700,35000,9200,39000,13400,12400,5800,439390,426320,8993210,4516430,0,0,0,0,0,
600036.SH,600036,20251209,132851000,432500,3600,155697,55096,0,,,33735476,1453753756,433000,428300,431800,431800,432500,432600,432700,432800,432900,433000,433100,433200,433300,433400,3900,53100,123200,227500,162900,322200,37000,67900,68300,98100,432400,432300,432200,432100,432000,431900,431800,431700,431600,431500,30054,7400,3100,700,35000,9200,39000,13400,12400,5800,439390,426320,8999910,4515630,0,0,0,0,0,
600036.SH,600036,20251209,132854000,432500,7600,328688,55114,0,,,33743076,1454082444,433000,428300,431800,431800,432600,432700,432800,432900,433000,433100,433200,433300,433400,433500,57600,121400,227000,162900,321600,37100,67900,68300,98100,114675,432500,432400,432300,432200,432100,432000,431900,431800,431700,431600,2800,28454,7400,3100,700,35000,9200,39000,13400,12400,439390,426330,8997710,4516730,0,0,0,0,0,
600036.SH,600036,20251209,132857000,432500,3500,151375,55123,0,,,33746576,1454233819,433000,428300,431800,431800,432500,432600,432700,432800,432900,433000,433100,433200,433300,433400,4100,59600,171400,227000,162900,321600,37000,67900,67800,98100,432400,432300,432200,432100,432000,431900,431800,431700,431600,431500,30554,7400,3100,700,35000,9200,39000,13400,12400,5800,439350,426330,9053210,4516030,0,0,0,0,0,
600036.SH,600036,20251209,132900000,432500,1000,43250,55124,0,,,33747576,1454277069,433000,428300,431800,431800,432500,432600,432700,432800,432900,433000,433100,433200,433300,433400,11100,59400,171600,226000,162900,321700,37000,67900,67800,98100,432400,432300,432200,432100,432000,431900,431800,431700,431600,431500,30754,7400,3100,700,35000,9200,39000,13400,12400,5800,439340,426330,9059810,4516330,0,0,0,0,0,
600036.SH,600036,20251209,132903000,432500,70600,3053409,55212,0,,,33818176,1457330478,433000,428300,431800,431800,432500,432600,432700,432800,432900,433000,433100,433200,433300,433400,300,29600,170500,225100,162900,322100,37800,68900,67800,98100,432200,432100,432000,431900,431800,431700,431600,431500,431400,431300,3100,700,35000,9200,39000,13400,12400,5800,6500,5600,439370,426270,9023410,4478176,0,0,0,0,0,
600036.SH,600036,20251209,132906000,432500,300,12975,55215,0,,,33818476,1457343453,433000,428300,431800,431800,432400,432500,432600,432700,432800,432900,433000,433100,433200,433300,500,8700,30100,170200,225100,162900,322000,37800,68900,68200,432200,432100,432000,431900,431800,431700,431600,431500,431400,431300,2900,1000,33500,9200,39100,13900,13000,5800,6500,5600,439370,426270,9033310,4478976,0,0,0,0,0,
600036.SH,600036,20251209,132909000,432200,300,12967,55218,0,,,33818776,1457356420,433000,428300,431800,431800,432400,432500,432600,432700,432800,432900,433000,433100,433200,433300,600,10500,30200,171000,225100,162900,322000,37900,68900,68200,432200,432100,432000,431900,431800,431700,431600,431500,431400,431300,5800,400,33500,9100,39100,13900,13000,5800,6500,5600,439360,426280,9035710,4481276,0,0,0,0,0,
600036.SH,600036,20251209,132912000,432200,3700,159914,55226,0,,,33822476,1457516334,433000,428300,431800,431800,432400,432500,432600,432700,432800,432900,433000,433100,433200,433300,600,10600,30400,171000,225100,163300,322000,38500,68900,67800,432200,432100,432000,431900,431800,431700,431600,431500,431400,431300,2100,400,33500,9100,39100,13900,13000,5800,6500,5600,439360,426270,9036710,4477276,0,0,0,0,0,
600036.SH,600036,20251209,132915000,432400,600,25944,55228,0,,,33823076,1457542278,433000,428300,431800,431800,432400,432500,432600,432700,432800,432900,433000,433100,433200,433300,700,11100,31000,171300,225100,163300,322200,38500,68900,67800,432200,432100,432000,431900,431800,431700,431600,431500,431400,431300,2800,400,33600,9100,39000,13900,13000,5800,6500,5600,439360,426270,9039010,4476676,0,0,0,0,0,
600036.SH,600036,20251209,132918000,432200,100,4322,55229,0,,,33823176,1457546600,433000,428300,431800,431800,432400,432500,432600,432700,432800,432900,433000,433100,433200,433300,800,11100,31000,171300,225100,163300,321700,38500,68900,67800,432200,432100,432000,431900,431800,431700,431600,431500,431400,431300,3400,300,33600,9100,39000,13900,13000,5800,6500,5600,439360,426270,9038410,4477176,0,0,0,0,0,
600036.SH,600036,20251209,132921000,432200,1700,73500,55236,0,,,33824876,1457620100,433000,428300,431800,431800,432400,432500,432600,432700,432800,432900,433000,433100,433200,433300,3000,11100,41000,171300,225100,163300,321700,38300,69400,67800,432200,432100,432000,431900,431800,431700,431600,431500,431400,431300,3100,1600,33800,9100,39000,13900,13000,5800,6500,5600,439350,426270,9049010,4478476,0,0,0,0,0,
600036.SH,600036,20251209,132924000,432400,3900,168636,55246,0,,,33828776,1457788736,433000,428300,431800,431800,432400,432500,432600,432700,432800,432900,433000,433100,433200,433300,33800,11900,41000,171800,225100,163400,321800,38300,69400,67800,432200,432100,432000,431900,431800,431700,431600,431500,431400,431300,1500,1600,33800,9100,38000,13400,13000,5800,6500,5600,439330,426270,9081310,4475376,0,0,0,0,0,
600036.SH,600036,20251209,132927000,432400,4500,194580,55249,0,,,33833276,1457983316,433000,428300,431800,431800,432400,432500,432600,432700,432800,432900,433000,433100,433200,433300,30400,12900,43000,171700,225100,163400,319800,38300,69400,67800,432200,432100,432000,431900,431800,431700,431600,431500,431400,431300,2200,1600,33800,9100,38000,13100,13000,5800,6500,5600,439330,426270,9076810,4476776,0,0,0,0,0,
600036.SH,600036,20251209,132930000,432400,3000,129700,55253,0,,,33836276,1458113016,433000,428300,431800,431800,432300,432400,432500,432600,432700,432800,432900,433000,433100,433200,300,30100,13000,42900,171700,225100,163400,319800,38300,69400,432200,432100,432000,431900,431800,431700,431600,431500,431400,431300,1300,1600,33700,9100,38000,12800,13000,5800,6500,5600,439330,426270,9076810,4474476,0,0,0,0,0,
600036.SH,600036,20251209,132933000,432200,1900,82123,55263,0,,,33838176,1458195139,433000,428300,431800,431800,432200,432300,432400,432500,432600,432700,432800,432900,433000,433100,700,5000,32900,13500,46300,173500,225200,163000,318300,37700,432100,432000,431900,431800,431700,431600,431500,431400,431300,431200,1800,31600,9500,38500,12300,12400,5800,6500,5600,4500,439320,426270,9088510,4471076,0,0,0,0,0,
600036.SH,600036,20251209,132936000,432200,3500,151247,55281,0,,,33841676,1458346386,433000,428300,431800,431800,432200,432300,432400,432500,432600,432700,432800,432900,433000,433100,100,5600,33600,13800,46700,173000,223400,162400,318400,37700,432100,432000,431900,431800,431700,431600,431500,431400,431300,431200,1000,29500,9800,38500,11800,12400,5800,6500,5600,4500,439320,426260,9086610,4467976,0,0,0,0,0,
600036.SH,600036,20251209,132939000,432100,3500,151264,55292,0,,,33845176,1458497650,433000,428300,431800,431800,432200,432300,432400,432500,432600,432700,432800,432900,433000,433100,6800,5500,34400,15600,45800,172200,223800,162800,318700,36900,432000,431900,431800,431700,431600,431500,431400,431300,431200,431100,29500,9800,39000,11800,12400,5800,6500,4600,4500,3500,439330,426260,9097610,4467576,0,0,0,0,0,
600036.SH,600036,20251209,132942000,432200,1400,60499,55300,0,,,33846576,1458558149,433000,428300,431800,431800,432100,432200,432300,432400,432500,432600,432700,432800,432900,433000,100,13700,5500,7100,16000,45900,172200,225400,163600,318600,432000,431900,431800,431700,431600,431500,431400,431300,431200,431100,32300,9800,38200,11800,12400,5800,6500,4600,4500,3500,439340,426260,9080310,4469576,0,0,0,0,0,
600036.SH,600036,20251209,132945000,432100,2500,108046,55308,0,,,33849076,1458666195,433000,428300,431800,431800,432100,432200,432300,432400,432500,432600,432700,432800,432900,433000,800,12100,5100,7600,17600,47800,172300,225000,163200,318200,432000,431900,431800,431700,431600,431500,431400,431300,431200,431100,33000,5900,38200,11800,12400,5800,6500,4600,4500,3500,439340,426260,9081910,4465876,0,0,0,0,0,
600036.SH,600036,20251209,132948000,432100,1400,60482,55318,0,,,33850476,1458726677,433000,428300,431800,431800,432100,432200,432300,432400,432500,432600,432700,432800,432900,433000,1000,12900,6400,8000,16300,47100,172300,224400,163100,325900,432000,431900,431800,431700,431600,431500,431400,431300,431200,431100,31800,700,38200,11800,12400,5800,6500,4600,4500,3500,439330,426250,9089810,4459476,0,0,0,0,0,
600036.SH,600036,20251209,132951000,432100,1000,43208,55323,0,,,33851476,1458769885,433000,428300,431800,431800,432100,432200,432300,432400,432500,432600,432700,432800,432900,433000,200,12900,6400,8000,16300,47100,172300,224400,163100,325900,432000,431900,431800,431700,431600,431500,431400,431300,431200,431100,33100,700,37000,11800,12400,5800,6500,4600,4500,3500,439330,426250,9089510,4459576,0,0,0,0,0,
600036.SH,600036,20251209,132954000,432100,1600,69129,55330,0,,,33853076,1458839014,433000,428300,431800,431800,432100,432200,432300,432400,432500,432600,432700,432800,432900,433000,1400,13700,6400,7900,16800,49100,172300,224800,163100,330600,432000,431900,431800,431700,431600,431500,431400,431300,431200,431100,34200,700,37200,11800,8400,5800,6400,4600,4500,3500,439320,426250,9099610,4456476,0,0,0,0,0,
600036.SH,600036,20251209,132957000,432000,1400,60493,55333,0,,,33854476,1458899507,433000,428300,431800,431800,432100,432200,432300,432400,432500,432600,432700,432800,432900,433000,400,14400,6400,7900,17200,48500,172300,224800,163100,330200,432000,431900,431800,431700,431600,431500,431400,431300,431200,431100,34100,1800,37200,11800,8400,5800,9400,4600,4500,3500,439330,426250,9098710,4460476,0,0,0,0,0,
600036.SH,600036,20251209,133000000,432000,1200,51843,55341,0,,,33855676,1458951350,433000,428300,431800,431800,432100,432200,432300,432400,432500,432600,432700,432800,432900,433000,2400,14400,6400,7900,17200,48500,172300,224800,163100,305200,432000,431900,431800,431700,431600,431500,431400,431300,431200,431100,33800,1800,37200,11800,8400,6100,9400,4600,4500,3500,439340,426250,9076010,4460676,0,0,0,0,0,
600036.SH,600036,20251209,133003000,432100,3800,164190,55352,0,,,33859476,1459115540,433000,428300,431800,431800,432100,432200,432300,432400,432500,432600,432700,432800,432900,433000,200,14400,6400,7900,17200,48500,172300,224800,163100,305400,432000,431900,431800,431700,431600,431500,431400,431300,431200,431100,33600,1800,37200,11800,8400,6100,9400,4600,4500,3500,439340,426250,9074510,4460276,0,0,0,0,0,
600036.SH,600036,20251209,133006000,432100,3700,159874,55360,0,,,33863176,1459275414,433000,428300,431800,431800,432100,432200,432300,432400,432500,432600,432700,432800,432900,433000,5100,11900,6400,9900,18200,48500,172300,224800,163100,308600,432000,431900,431800,431700,431600,431500,431400,431300,431200,431100,33300,1800,37200,11800,8400,6100,9400,4600,4500,3500,439340,426250,9083110,4459576,0,0,0,0,0,
600036.SH,600036,20251209,133009000,432100,1900,82084,55368,0,,,33865076,1459357498,433000,428300,431800,431800,432100,432200,432300,432400,432500,432600,432700,432800,432900,433000,4900,11900,6400,8400,18400,48500,172300,224800,163100,308800,432000,431900,431800,431700,431600,431500,431400,431300,431200,431100,32500,1800,37200,11800,8400,6100,9400,4600,4500,3500,439340,426250,9081810,4459076,0,0,0,0,0,
600036.SH,600036,20251209,133012000,432100,6100,263562,55381,0,,,33871176,1459621060,433000,428300,431800,431800,432100,432200,432300,432400,432500,432600,432700,432800,432900,433000,2000,13100,6400,8400,18400,48500,172200,224800,163100,309600,432000,431900,431800,431700,431600,431500,431400,431300,431200,431100,30700,1800,37500,11800,8400,6100,9400,4600,4500,3500,439340,426250,9081010,4451876,0,0,0,0,0,
600036.SH,600036,20251209,133015000,432000,1100,47525,55384,0,,,33872276,1459668585,433000,428300,431800,431800,432100,432200,432300,432400,432500,432600,432700,432800,432900,433000,1600,13600,6900,7900,18000,48800,172200,224800,163100,309600,432000,431900,431800,431700,431600,431500,431400,431300,431200,431100,30700,1800,37500,11800,8400,6100,9400,4600,4500,3500,439340,426250,9081410,4451876,0,0,0,0,0,
600036.SH,600036,20251209,133018000,432000,1200,51847,55390,0,,,33873476,1459720432,433000,428300,431800,431800,432100,432200,432300,432400,432500,432600,432700,432800,432900,433000,900,13600,6900,7900,11000,48800,196200,224800,162800,309600,432000,431900,431800,431700,431600,431500,431400,431300,431200,431100,30300,1800,37500,11800,8400,6100,8600,4600,4500,3500,439330,426250,9097410,4450676,0,0,0,0,0,
600036.SH,600036,20251209,133021000,432100,600,25926,55393,0,,,33874076,1459746358,433000,428300,431800,431800,432100,432200,432300,432400,432500,432600,432700,432800,432900,433000,400,13100,6400,7900,10500,49300,196600,224800,162800,309600,432000,431900,431800,431700,431600,431500,431400,431300,431200,431100,31000,1800,37500,11800,8400,6100,8600,4600,4500,3500,439330,426250,9095910,4450976,0,0,0,0,0,
600036.SH,600036,20251209,133024000,432000,1500,64812,55405,0,,,33875576,1459811170,433000,428300,431800,431800,432200,432300,432400,432500,432600,432700,432800,432900,433000,433100,13200,6400,7900,10500,49300,196600,224800,162800,309600,37200,432000,431900,431800,431700,431600,431500,431400,431300,431200,431100,31100,2100,37500,12300,8400,5600,8600,4200,4500,3500,439330,426250,9095310,4450976,0,0,0,0,0,
600036.SH,600036,20251209,133027000,432000,2000,86412,55409,0,,,33877576,1459897582,433000,428300,431800,431800,432100,432200,432300,432400,432500,432600,432700,432800,432900,433000,4900,13500,5200,7300,10900,50100,196800,225500,163300,309800,432000,431900,431800,431700,431600,431500,431400,431300,431200,431100,31000,2100,37500,12300,8400,5600,8200,4200,4500,3500,439330,426250,9095310,4450576,0,0,0,0,0,
600036.SH,600036,20251209,133030000,431900,34700,1499023,55437,0,,,33912276,1461396605,433000,428300,431800,431800,431900,432000,432100,432200,432300,432400,432500,432600,432700,432800,6800,91600,600,13500,6500,7700,11000,49300,196800,225000,431800,431700,431600,431500,431400,431300,431200,431100,431000,430900,2800,10300,8400,6100,8200,4200,4500,3500,17700,15400,439250,426160,9189910,4381276,0,0,0,0,0,
600036.SH,600036,20251209,133033000,431800,1400,60462,55440,0,,,33913676,1461457067,433000,428300,431800,431800,431900,432000,432100,432200,432300,432400,432500,432600,432700,432800,12400,93400,1200,6100,5700,7000,11100,49300,196700,224800,431800,431700,431600,431500,431400,431300,431200,431100,431000,430900,3500,10300,8400,6000,8200,4200,4500,3500,17800,15400,439250,426160,9190010,4381976,0,0,0,0,0,
600036.SH,600036,20251209,133036000,431800,0,0,55440,0,,,33913676,1461457067,433000,428300,431800,431800,431900,432000,432100,432200,432300,432400,432500,432600,432700,432800,13100,94100,3500,5000,4400,5900,11100,49300,196700,224800,431800,431700,431600,431500,431400,431300,431200,431100,431000,430900,4200,10400,8400,6000,8200,4200,4500,3500,17800,15400,439250,426160,9190210,4382776,0,0,0,0,0,
600036.SH,600036,20251209,133039000,431800,700,30229,55445,0,,,33914376,1461487296,433000,428300,431800,431800,431900,432000,432100,432200,432300,432400,432500,432600,432700,432800,12900,94100,3700,5000,4400,5900,11100,49300,196700,224800,431800,431700,431600,431500,431400,431300,431200,431100,431000,430900,5400,10200,8400,5800,8200,4200,4500,3500,17800,15400,439250,426160,9190210,4383676,0,0,0,0,0,
600036.SH,600036,20251209,133042000,431700,31600,1364227,55484,0,,,33945976,1462851523,433000,428300,431800,431800,431700,431900,432000,432100,432200,432300,432400,432500,432600,432700,35600,7400,80200,3400,5000,4400,5900,11100,49300,196700,431600,431500,431400,431300,431200,431100,431000,430900,430800,430700,14200,5800,8200,4200,4500,3500,17800,15400,51500,4700,439240,426150,9207510,4373876,0,0,0,0,0,
600036.SH,600036,20251209,133045000,431900,39900,1722523,55516,0,,,33985876,1464574046,433000,428300,431800,431800,431900,432000,432100,432200,432300,432400,432500,432600,432700,432800,6600,78500,2900,5000,4400,5900,11100,48800,196500,224300,431800,431700,431600,431500,431400,431300,431200,431100,431000,430900,500,29700,17400,5800,8100,4200,4500,3500,17800,15400,439270,426190,9168310,4407276,0,0,0,0,0,
600036.SH,600036,20251209,133048000,431700,15900,686631,55550,0,,,34001776,1465260677,433000,428300,431800,431800,431900,432000,432100,432200,432300,432400,432500,432600,432700,432800,300,76100,2900,5000,4400,5900,11100,48800,196800,224300,431700,431600,431500,431400,431300,431200,431100,431000,430900,430800,26900,17100,5800,8100,4200,4500,3500,17800,15400,51500,439280,426180,9160310,4398076,0,0,0,0,0,
600036.SH,600036,20251209,133051000,431800,5300,228927,55560,0,,,34007076,1465489604,433000,428300,431800,431800,431800,432000,432100,432200,432300,432400,432500,432600,432700,432800,500,73000,3000,5000,4400,5900,11100,28800,196800,224300,431700,431600,431500,431400,431300,431200,431100,431000,430900,430800,30300,17600,6800,8100,4200,4500,3500,17800,15400,51500,439290,426190,9137510,4402976,0,0,0,0,0,
600036.SH,600036,20251209,133054000,431900,5000,215944,55570,0,,,34012076,1465705548,433000,428300,431800,431800,431900,432000,432100,432200,432300,432400,432500,432600,432700,432800,5300,73000,3000,5000,4400,5900,12200,28800,196700,224300,431800,431700,431600,431500,431400,431300,431200,431100,431000,430900,13100,34700,17700,6700,8100,4200,4500,3500,17800,15400,439290,426210,9142610,4420476,0,0,0,0,0,
600036.SH,600036,20251209,133057000,431900,7300,315299,55581,0,,,34019376,1466020847,433000,428300,431800,431800,432000,432100,432200,432300,432400,432500,432600,432700,432800,432900,71800,3000,5000,4400,5900,13200,28800,196700,224300,163700,431800,431700,431600,431500,431400,431300,431200,431100,431000,430900,17400,33800,18100,6700,8100,4200,4500,3500,17800,15400,439290,426210,9137210,4423176,0,0,0,0,0,
600036.SH,600036,20251209,133100000,431800,6500,280776,55591,0,,,34025876,1466301623,433000,428300,431800,431800,432000,432100,432200,432300,432400,432500,432600,432700,432800,432900,66400,2400,5000,4400,5900,13200,28800,197200,224300,163700,431800,431700,431600,431500,431400,431300,431200,431100,431000,430900,20400,30100,18100,6700,8100,5200,4500,3500,18300,15400,439300,426220,9123310,4423876,0,0,0,0,0,
600036.SH,600036,20251209,133103000,432000,60300,2604960,55649,0,,,34086176,1468906583,433000,428300,431800,431800,432000,432100,432200,432300,432400,432500,432600,432700,432800,432900,6200,1100,5300,4900,6600,13600,27800,197500,224300,163700,431900,431800,431700,431600,431500,431400,431300,431200,431100,431000,1900,22700,30000,19100,6700,8100,5200,4500,3500,18300,439370,426220,9032910,4428976,0,0,0,0,0,
600036.SH,600036,20251209,133106000,431900,33400,1442609,55682,0,,,34119576,1470349192,433000,428300,431800,431800,431900,432100,432200,432300,432400,432500,432600,432700,432800,432900,39500,1200,5300,4900,6600,13600,27800,187500,224300,163700,431800,431700,431600,431500,431400,431300,431200,431100,431000,430900,25000,30000,19200,6700,8100,7600,4500,3500,18300,15400,439350,426220,9057210,4429276,0,0,0,0,0,
600036.SH,600036,20251209,133109000,431900,5500,237543,55701,0,,,34125076,1470586735,433000,428300,431800,431800,431900,432100,432200,432300,432400,432500,432600,432700,432800,432900,34400,1200,5300,4900,6900,13600,27800,187500,224200,163700,431800,431700,431600,431500,431400,431300,431200,431100,431000,430900,28200,29500,19200,6700,8300,7600,4500,3500,18300,15400,439370,426230,9021310,4431876,0,0,0,0,0,
600036.SH,600036,20251209,133112000,431900,34200,1477081,55745,0,,,34159276,1472063816,433000,428300,431800,431800,431900,432000,432100,432200,432300,432400,432500,432600,432700,432800,1900,100,1200,5400,4900,6900,13600,27800,187500,224200,431800,431700,431600,431500,431400,431300,431200,431100,431000,430900,26200,29900,20700,6700,8300,7600,4500,3500,18300,15400,439390,426230,8988810,4431076,0,0,0,0,0,
600036.SH,600036,20251209,133115000,431900,6100,263443,55754,0,,,34165376,1472327259,433000,428300,431800,431800,432000,432100,432200,432300,432400,432500,432600,432700,432800,432900,100,1000,5400,4900,6900,17600,27800,187500,224200,163700,431900,431800,431700,431600,431500,431400,431300,431200,431100,431000,9600,24900,29900,17700,6500,8300,7600,4500,3500,18300,439410,426240,8960510,4438976,0,0,0,0,0,
600036.SH,600036,20251209,133118000,432000,900,38882,55760,0,,,34166276,1472366141,433000,428300,431800,431800,432000,432100,432200,432300,432400,432500,432600,432700,432800,432900,4800,700,5000,4400,6200,17600,27900,187500,224600,164200,431900,431800,431700,431600,431500,431400,431300,431200,431100,431000,15700,21300,29900,17700,7500,8300,7600,4500,3500,18300,439400,426240,8965010,4442676,0,0,0,0,0,
600036.SH,600036,20251209,133121000,431900,1600,69105,55764,0,,,34167876,1472435246,433000,428300,431800,431800,432000,432100,432200,432300,432400,432500,432600,432700,432800,432900,4800,700,5000,4800,7300,17600,33600,187500,224200,163700,431900,431800,431700,431600,431500,431400,431300,431200,431100,431000,14600,20100,29900,17700,7400,8300,7600,4500,3500,18300,439400,426240,8970110,4440376,0,0,0,0,0,
600036.SH,600036,20251209,133124000,432000,3400,146878,55768,0,,,34171276,1472582124,433000,428300,431800,431800,432000,432100,432200,432300,432400,432500,432600,432700,432800,432900,1700,700,5000,4800,7300,17600,35000,187500,224200,163700,431900,431800,431700,431600,431500,431400,431300,431200,431100,431000,16100,18300,29900,17700,7400,8300,7600,4500,3500,18300,439420,426240,8940310,4439876,0,0,0,0,0,
600036.SH,600036,20251209,133127000,431900,100,4319,55769,0,,,34171376,1472586443,433000,428300,431800,431800,432000,432100,432200,432300,432400,432500,432600,432700,432800,432900,1700,8700,5000,4800,7300,17600,35300,187500,224200,163700,431900,431800,431700,431600,431500,431400,431300,431200,431100,431000,19000,19400,30400,17700,6900,8300,7600,4500,3500,18300,439410,426240,8948610,4443876,0,0,0,0,0,
600036.SH,600036,20251209,133130000,431900,20900,902670,55790,0,,,34192276,1473489113,433000,428300,431800,431800,431900,432000,432100,432200,432300,432400,432500,432600,432700,432800,47700,2000,9100,5400,4800,7300,17600,35300,187800,224200,431800,431700,431600,431500,431400,431300,431200,431100,431000,430900,17500,30400,17700,6900,8300,7600,4500,3500,18300,15400,439370,426210,8997510,4422976,0,0,0,0,0,
600036.SH,600036,20251209,133133000,431900,300,12957,55791,0,,,34192576,1473502070,433000,428300,431800,431800,431900,432000,432100,432200,432300,432400,432500,432600,432700,432800,52500,2100,9100,5800,4800,6800,17600,35300,187800,224200,431800,431700,431600,431500,431400,431300,431200,431100,431000,430900,17300,31400,17700,6900,8300,7600,4500,3500,18300,15400,439370,426220,9001910,4423776,0,0,0,0,0,
600036.SH,600036,20251209,133136000,431800,4000,172759,55793,0,,,34196576,1473674829,433000,428300,431800,431800,431900,432000,432100,432200,432300,432400,432500,432600,432700,432800,48600,2100,9100,5800,4800,6800,17600,35200,187800,224200,431800,431700,431600,431500,431400,431300,431200,431100,431000,430900,17200,31400,17700,6900,8300,7600,4500,3500,18300,15400,439370,426220,8998110,4423576,0,0,0,0,0,
600036.SH,600036,20251209,133139000,431800,100,4318,55794,0,,,34196676,1473679147,433000,428300,431800,431800,431900,432000,432100,432200,432300,432400,432500,432600,432700,432800,48700,2100,9100,5800,4800,6800,17600,35200,187800,224200,431800,431700,431600,431500,431400,431300,431200,431100,431000,430900,17100,31400,17700,7300,8300,7600,4500,3500,18300,15400,439370,426220,8998210,4422876,0,0,0,0,0,
600036.SH,600036,20251209,133142000,431800,0,0,55794,0,,,34196676,1473679147,433000,428300,431800,431800,431900,432000,432100,432200,432300,432400,432500,432600,432700,432800,49000,2000,9100,5700,4800,6800,17600,35400,187800,224200,431800,431700,431600,431500,431400,431300,431200,431100,431000,430900,18200,31400,17700,7300,8300,7600,4500,3500,18300,15400,439350,426220,9028510,4423976,0,0,0,0,0,
600036.SH,600036,20251209,133145000,431900,4200,181397,55799,0,,,34200876,1473860544,433000,428300,431800,431800,431900,432000,432100,432200,432300,432400,432500,432600,432700,432800,45400,2000,11600,5700,4800,6800,17600,35400,187800,224200,431800,431700,431600,431500,431400,431300,431200,431100,431000,430900,19300,31400,17700,7300,8300,7600,4500,4500,18300,15400,439350,426220,9027410,4426076,0,0,0,0,0,
600036.SH,600036,20251209,133148000,431900,0,0,55799,0,,,34200876,1473860544,433000,428300,431800,431800,431900,432000,432100,432200,432300,432400,432500,432600,432700,432800,52800,4000,11600,5700,4800,6800,17600,35400,187800,224200,431800,431700,431600,431500,431400,431300,431200,431100,431000,430900,20000,31400,17700,7300,8300,7600,4500,4500,18300,15400,439320,426220,9065610,4426476,0,0,0,0,0,
600036.SH,600036,20251209,133151000,431800,2400,103650,55804,0,,,34203276,1473964194,433000,428300,431800,431800,431900,432000,432100,432200,432300,432400,432500,432600,432700,432800,51000,4000,11600,5700,4800,6800,18100,35400,187800,224200,431800,431700,431600,431500,431400,431300,431200,431100,431000,430900,28500,31400,17700,7300,8300,7600,4500,4500,18300,15400,439320,426230,9064310,4434976,0,0,0,0,0,
600036.SH,600036,20251209,133154000,431900,2000,86377,55806,0,,,34205276,1474050571,433000,428300,431800,431800,431900,432000,432100,432200,432300,432400,432500,432600,432700,432800,49300,4000,11600,5700,4800,6800,18100,35400,187800,224200,431800,431700,431600,431500,431400,431300,431200,431100,431000,430900,24900,31400,17700,7300,8300,7600,4500,4500,18300,15400,439320,426230,9061610,4432576,0,0,0,0,0,
600036.SH,600036,20251209,133157000,431800,100,4318,55807,0,,,34205376,1474054889,433000,428300,431800,431800,431900,432000,432100,432200,432300,432400,432500,432600,432700,432800,44300,4100,11600,6200,4800,6800,18100,35400,187800,224200,431800,431700,431600,431500,431400,431300,431200,431100,431000,430900,40900,33900,17700,7300,8300,7600,4500,4500,18300,15400,439300,426250,9098210,4451376,0,0,0,0,0,
600036.SH,600036,20251209,133200000,431900,1000,43189,55811,0,,,34206376,1474098078,433000,428300,431800,431800,431900,432000,432100,432200,432300,432400,432500,432600,432700,432800,43400,4100,11600,6200,4800,6800,18100,35400,187800,224200,431800,431700,431600,431500,431400,431300,431200,431100,431000,430900,42300,33900,17700,7300,8300,7600,4500,4500,18300,15400,439300,426250,9097910,4452776,0,0,0,0,0,
600036.SH,600036,20251209,133203000,431800,9200,397291,55822,0,,,34215576,1474495369,433000,428300,431800,431800,431900,432000,432100,432200,432300,432400,432500,432600,432700,432800,39900,4600,11600,6200,4800,6800,18100,35400,187800,224200,431800,431700,431600,431500,431400,431300,431200,431100,431000,430900,36800,33900,17700,7300,8300,7600,4500,4500,18300,15400,439280,426250,9124910,4446276,0,0,0,0,0,
600036.SH,600036,20251209,133206000,431900,5500,237545,55830,0,,,34221076,1474732914,433000,428300,431800,431800,431900,432000,432100,432200,432300,432400,432500,432600,432700,432800,35200,4600,11200,6300,4800,6800,18100,35400,188800,224200,431800,431700,431600,431500,431400,431300,431200,431100,431000,430900,46700,33900,17700,7300,8300,7600,4500,4500,18300,15400,439290,426260,9120910,4456276,0,0,0,0,0,
600036.SH,600036,20251209,133209000,431900,400,17275,55834,0,,,34221476,1474750189,433000,428300,431800,431800,431900,432000,432100,432200,432300,432400,432500,432600,432700,432800,35000,4600,11200,6300,4800,6800,18200,36000,188800,224200,431800,431700,431600,431500,431400,431300,431200,431100,431000,430900,47600,33900,17700,7300,8300,7600,4500,4500,18300,15400,439290,426260,9121410,4463876,0,0,0,0,0,
600036.SH,600036,20251209,133212000,431900,2200,95018,55839,0,,,34223676,1474845207,433000,428300,431800,431800,431900,432000,432100,432200,432300,432400,432500,432600,432700,432800,32800,4400,11200,6300,4800,6800,18200,36000,188800,224200,431800,431700,431600,431500,431400,431300,431200,431100,431000,430900,46600,33900,17700,7300,8300,7600,4500,4500,18300,15400,439290,426260,9118210,4462876,0,0,0,0,0,
600036.SH,600036,20251209,133215000,431900,3900,168441,55842,0,,,34227576,1475013648,433000,428300,431800,431800,431900,432000,432100,432200,432300,432400,432500,432600,432700,432800,28900,4400,11200,6300,4800,6800,18200,37000,188800,224200,431800,431700,431600,431500,431400,431300,431200,431100,431000,430900,47500,33900,17700,7300,8300,7600,4500,4500,18300,15400,439290,426260,9115310,4463776,0,0,0,0,0,
600036.SH,600036,20251209,133218000,431900,29000,1252509,55892,0,,,34256576,1476266157,433000,428300,431800,431800,432000,432100,432200,432300,432400,432500,432600,432700,432800,432900,4500,11200,6300,4800,6800,18200,37000,188800,224200,193700,431800,431700,431600,431500,431400,431300,431200,431100,431000,430900,52600,33900,17700,7300,8300,7600,4500,4500,18300,15400,439310,426270,9086810,4468876,0,0,0,0,0,
600036.SH,600036,20251209,133221000,431900,4900,211631,55902,0,,,34261476,1476477788,433000,428300,431800,431800,432000,432100,432200,432300,432400,432500,432600,432700,432800,432900,4400,11200,6300,4800,6800,18300,30800,188300,224600,193800,431800,431700,431600,431500,431400,431300,431200,431100,431000,430900,53300,33900,17700,7300,8300,7600,4500,4500,18300,15400,439320,426270,9082210,4469276,0,0,0,0,0,
600036.SH,600036,20251209,133224000,432000,13600,587485,55925,0,,,34275076,1477065273,433000,428300,431800,431800,432000,432100,432200,432300,432400,432500,432600,432700,432800,432900,1400,11000,6300,4800,6800,20800,32600,187900,224600,193800,431900,431800,431700,431600,431500,431400,431300,431200,431100,431000,6300,48100,33900,18200,7300,8300,7600,4500,4500,18300,439320,426270,9082910,4470876,0,0,0,0,0,
600036.SH,600036,20251209,133227000,432100,11600,501222,55941,0,,,34286676,1477566495,433000,428300,431800,431800,432100,432200,432300,432400,432500,432600,432700,432800,432900,433000,800,5900,4800,6800,20900,33000,187900,224600,193800,343000,431900,431800,431700,431600,431500,431400,431300,431200,431100,431000,21000,44600,32200,18200,7300,8300,7600,4500,4500,18300,439330,426280,9072710,4479876,0,0,0,0,0,
600036.SH,600036,20251209,133230000,432100,600,25926,55943,0,,,34287276,1477592421,433000,428300,431800,431800,432000,432100,432200,432300,432400,432500,432600,432700,432800,432900,5500,300,5900,4800,6800,21000,33000,187900,224600,193800,431900,431800,431700,431600,431500,431400,431300,431200,431100,431000,24300,41400,32200,18200,7300,8300,7600,4500,4500,18300,439320,426290,9078910,4481976,0,0,0,0,0,
600036.SH,600036,20251209,133233000,432000,2400,103680,55948,0,,,34289676,1477696101,433000,428300,431800,431800,432000,432100,432200,432300,432400,432500,432600,432700,432800,432900,3400,1000,5900,4800,6800,19500,33400,187900,224600,193800,431900,431800,431700,431600,431500,431400,431300,431200,431100,431000,24500,41400,32200,18200,7300,8300,7600,4500,4500,21300,439320,426290,9077110,4484876,0,0,0,0,0,
600036.SH,600036,20251209,133236000,432000,9900,427680,55962,0,,,34299576,1478123781,433000,428300,431800,431800,432000,432100,432200,432300,432400,432500,432600,432700,432800,432900,300,1000,5900,4800,4800,19400,33400,187900,224200,193800,431900,431800,431700,431600,431500,431400,431300,431200,431100,431000,24500,41400,32200,18200,7300,8300,7600,4500,4500,21300,439330,426290,9072010,4484776,0,0,0,0,0,
600036.SH,600036,20251209,133239000,431900,2200,95065,55969,0,,,34301776,1478218846,433000,428300,431800,431800,432200,432300,432400,432500,432600,432700,432800,432900,433000,433100,6100,4800,4800,19000,33400,187900,224200,193800,343100,69300,432000,431900,431800,431700,431600,431500,431400,431300,431200,431100,200,26000,41400,32200,18200,7300,8300,7600,4500,4500,439330,426290,9069410,4486476,0,0,0,0,0,
600036.SH,600036,20251209,133242000,432100,10300,444986,56013,0,,,34312076,1478663832,433000,428300,431800,431800,432200,432300,432400,432500,432600,432700,432800,432900,433000,433100,9900,4800,4800,19000,33400,187900,224200,193800,343200,69300,432000,431900,431800,431700,431600,431500,431400,431300,431200,431100,100,24300,41400,32200,17700,7300,8300,7600,4500,4500,439330,426290,9073310,4484076,0,0,0,0,0,
600036.SH,600036,20251209,133245000,432100,4400,190148,56020,0,,,34316476,1478853980,433000,428300,431800,431800,432200,432300,432400,432500,432600,432700,432800,432900,433000,433100,4000,4800,5400,19000,33300,188400,224200,193800,343200,69300,432000,431900,431800,431700,431600,431500,431400,431300,431200,431100,4000,23000,41400,31700,17700,7300,8300,7600,4500,5000,439350,426290,9038610,4486176,0,0,0,0,0,
600036.SH,600036,20251209,133248000,432000,100,4320,56021,0,,,34316576,1478858300,433000,428300,431800,431800,432200,432300,432400,432500,432600,432700,432800,432900,433000,433100,4500,4800,5700,19000,33300,189200,224200,193800,343200,69300,432000,431900,431800,431700,431600,431500,431400,431300,431200,431100,5300,20300,41400,31700,17700,7300,8300,7600,4500,5000,439360,426290,9010210,4484676,0,0,0,0,0,
600036.SH,600036,20251209,133251000,432300,7200,311209,56052,0,,,34323776,1479169509,433000,428300,431800,431800,432200,432300,432400,432500,432600,432700,432800,432900,433000,433100,300,2300,5000,19100,32900,189700,224800,193800,343200,69300,432000,431900,431800,431700,431600,431500,431400,431300,431200,431100,7000,19900,41400,32100,17700,7300,8300,7600,4500,5000,439380,426290,8974610,4486276,0,0,0,0,0,
600036.SH,600036,20251209,133254000,432400,3100,134009,56062,0,,,34326876,1479303518,433000,428300,431800,431800,432400,432500,432600,432700,432800,432900,433000,433100,433200,433300,4700,19100,32900,189700,224800,193800,343200,69300,96800,70000,432100,432000,431900,431800,431700,431600,431500,431400,431300,431200,50300,6900,21000,41300,32100,17700,7300,8300,7600,4500,439400,426360,8941710,4537176,0,0,0,0,0,
600036.SH,600036,20251209,133257000,432200,2700,116746,56066,0,,,34329576,1479420264,433000,428300,431800,431800,432200,432400,432500,432600,432700,432800,432900,433000,433100,433200,300,25700,19500,33000,189700,224800,193800,342600,69300,96800,432100,432000,431900,431800,431700,431600,431500,431400,431300,431200,58800,7400,21400,40200,31700,17700,7300,8300,7600,4500,439380,426370,8962910,4545076,0,0,0,0,0,
600036.SH,600036,20251209,133300000,432200,1400,60502,56073,0,,,34330976,1479480766,433000,428300,431800,431800,432400,432500,432600,432700,432800,432900,433000,433100,433200,433300,35000,20100,31600,190200,224200,195800,342600,69400,96800,69000,432100,432000,431900,431800,431700,431600,431500,431400,431300,431200,58900,7400,22400,40600,31700,17300,6900,8300,7600,4500,439380,426370,8973410,4545176,0,0,0,0,0,
600036.SH,600036,20251209,133303000,432400,4600,198882,56090,0,,,34335576,1479679648,433000,428300,431800,431800,432400,432500,432600,432700,432800,432900,433000,433100,433200,433300,32800,19800,31600,189300,224200,195800,342000,69400,96800,69800,432100,432000,431900,431800,431700,431600,431500,431400,431300,431200,60000,7400,21400,40200,31700,17200,7500,8300,8100,4500,439380,426370,8971210,4546376,0,0,0,0,0,
600036.SH,600036,20251209,133306000,432400,6000,259403,56098,0,,,34341576,1479939051,433000,428300,431800,431800,432400,432500,432600,432700,432800,432900,433000,433100,433200,433300,22600,19700,36600,189300,224000,225800,342000,69300,96800,69800,432100,432000,431900,431800,431700,431600,431500,431400,431300,431200,58900,7400,21400,40200,31700,17200,7500,8300,8100,4500,439360,426370,8995610,4544976,0,0,0,0,0,
600036.SH,600036,20251209,133309000,432300,2202,95182,56104,0,,,34343778,1480034233,433000,428300,431800,431800,432300,432400,432500,432600,432700,432800,432900,433000,433100,433200,2000,22800,21100,36900,189300,224000,226400,341700,69300,96800,432100,432000,431900,431800,431700,431600,431500,431400,431300,431200,58898,6200,21000,40200,32500,17200,8000,8300,8100,4500,439360,426370,8999810,4544974,0,0,0,0,0,
600036.SH,600036,20251209,133312000,432300,5300,229130,56115,0,,,34349078,1480263363,433000,428300,431800,431800,432400,432500,432600,432700,432800,432900,433000,433100,433200,433300,25600,20500,36900,189300,224800,226400,341500,69300,95800,69000,432100,432000,431900,431800,431700,431600,431500,431400,431300,431200,59098,6200,21000,40800,32500,17200,7500,8300,8100,4500,439360,426370,8995810,4545274,0,0,0,0,0,
600036.SH,600036,20251209,133315000,432300,1000,43239,56118,0,,,34350078,1480306602,433000,428300,431800,431800,432300,432400,432500,432600,432700,432800,432900,433000,433100,433200,3000,20300,20500,36900,189300,224800,226400,371500,69300,95800,432100,432000,431900,431800,431700,431600,431500,431400,431300,431200,59098,5400,21000,40800,32500,17200,7500,8300,8100,4500,439340,426370,9023510,4544474,0,0,0,0,0,
600036.SH,600036,20251209,133318000,432300,3100,134005,56126,0,,,34353178,1480440607,433000,428300,431800,431800,432300,432400,432500,432600,432700,432800,432900,433000,433100,433200,4100,22400,22400,37700,189300,224800,226400,371500,69400,95800,432100,432000,431900,431800,431700,431600,431500,431400,431300,431200,59098,6000,11000,40200,30000,17200,8000,8300,8100,4500,439340,426350,9028610,4531974,0,0,0,0,0,
600036.SH,600036,20251209,133321000,432300,1500,64838,56130,0,,,34354678,1480505445,433000,428300,431800,431800,432300,432400,432500,432600,432700,432800,432900,433000,433100,433200,9900,23000,22400,35700,188300,224800,226400,372000,99400,95800,432100,432000,431900,431800,431700,431600,431500,431400,431300,431200,59098,6000,11000,40200,30000,17200,8000,8300,8100,4500,439310,426350,9060910,4531974,0,0,0,0,0,
600036.SH,600036,20251209,133324000,432000,66898,2890687,56245,0,,,34421576,1483396132,433000,428300,431800,431800,432100,432300,432400,432500,432600,432700,432800,432900,433000,433100,8302,18900,23300,22700,35700,189100,224000,226400,372000,99300,432000,431900,431800,431700,431600,431500,431400,431300,431200,431100,6400,11400,40700,30000,17200,6900,8300,7600,4500,4500,439300,426280,9080012,4472776,0,0,0,0,0,
600036.SH,600036,20251209,133327000,432000,3200,138250,56270,0,,,34424776,1483534382,433000,428300,431800,431800,432100,432300,432400,432500,432600,432700,432800,432900,433000,433100,1300,19600,23200,25200,38700,189600,230500,226400,372000,99200,432000,431900,431800,431700,431600,431500,431400,431300,431200,431100,4000,11400,40700,30000,17200,6900,8300,7600,4500,4500,439290,426270,9086310,4471376,0,0,0,0,0,
600036.SH,600036,20251209,133330000,432000,1000,43200,56277,0,,,34425776,1483577582,433000,428300,431800,431800,432100,432300,432400,432500,432600,432700,432800,432900,433000,433100,3000,19600,23200,25200,38700,190600,230500,226400,371900,99200,432000,431900,431800,431700,431600,431500,431400,431300,431200,431100,3500,11000,40700,30400,17200,6900,8300,7600,4500,4500,439270,426270,9118510,4470876,0,0,0,0,0,
600036.SH,600036,20251209,133333000,432000,4100,177120,56300,0,,,34429876,1483754702,433000,428300,431800,431800,432000,432100,432200,432300,432400,432500,432600,432700,432800,432900,300,3200,500,20000,23600,25200,39100,190800,230500,226400,431900,431800,431700,431600,431500,431400,431300,431200,431100,431000,11000,27700,30400,17200,6900,8300,7600,4500,4500,21300,439270,426250,9119910,4454176,0,0,0,0,0,
600036.SH,600036,20251209,133336000,432000,0,0,56300,0,,,34429876,1483754702,433000,428300,431800,431800,432000,432100,432200,432300,432400,432500,432600,432700,432800,432900,1900,3200,1300,15500,22300,25300,39100,190800,230500,226400,431900,431800,431700,431600,431500,431400,431300,431200,431100,431000,11500,27700,30400,17200,6900,8300,7600,4500,4500,21300,439270,426250,9116610,4453976,0,0,0,0,0,
600036.SH,600036,20251209,133339000,431900,12600,544194,56309,0,,,34442476,1484298896,433000,428300,431800,431800,432000,432100,432200,432300,432400,432500,432600,432700,432800,432900,3700,3200,1800,15600,27300,25300,39100,190800,230500,226300,431900,431800,431700,431600,431500,431400,431300,431200,431100,431000,500,27700,30000,17200,6900,8300,7600,4500,4900,21300,439270,426240,9121610,4442976,0,0,0,0,0,
600036.SH,600036,20251209,133342000,431900,1300,56148,56321,0,,,34443776,1484355044,433000,428300,431800,431800,432000,432100,432200,432300,432400,432500,432600,432700,432800,432900,4100,3700,1800,11000,26900,26300,39100,190800,230500,226300,431800,431700,431600,431500,431400,431300,431200,431100,431000,430900,27800,30000,17200,6900,8300,7600,4500,4900,21300,15400,439270,426240,9118510,4440476,0,0,0,0,0,
600036.SH,600036,20251209,133345000,432000,500,21600,56324,0,,,34444276,1484376644,433000,428300,431800,431800,432000,432100,432200,432300,432400,432500,432600,432700,432800,432900,3600,3600,1800,11000,26700,26100,39100,192000,230500,226300,431800,431700,431600,431500,431400,431300,431200,431100,431000,430900,29200,30000,17200,6900,8300,7600,4500,4900,21300,15400,439270,426240,9118310,4440376,0,0,0,0,0,
600036.SH,600036,20251209,133348000,431800,200,8637,56326,0,,,34444476,1484385281,433000,428300,431800,431800,431900,432000,432100,432200,432300,432400,432500,432600,432700,432800,1100,3600,3600,1800,11400,26700,28800,39100,192000,230100,431800,431700,431600,431500,431400,431300,431200,431100,431000,430900,29100,10700,17200,6900,8300,7600,4500,4900,21300,15400,439270,426210,9123610,4420776,0,0,0,0,0,
600036.SH,600036,20251209,133351000,431900,400,17275,56329,0,,,34444876,1484402556,433000,428300,431800,431800,431900,432000,432100,432200,432300,432400,432500,432600,432700,432800,900,3600,5000,3300,10800,26300,27000,39100,193000,230100,431800,431700,431600,431500,431400,431300,431200,431100,431000,430900,30200,10700,12800,7300,8300,7600,4500,4500,21300,15400,439270,426210,9124510,4417876,0,0,0,0,0,
600036.SH,600036,20251209,133354000,431900,1500,64785,56335,0,,,34446376,1484467341,433000,428300,431800,431800,431900,432000,432100,432200,432300,432400,432500,432600,432700,432800,5500,3600,3600,2200,4300,26800,28000,40300,193400,230100,431800,431700,431600,431500,431400,431300,431200,431100,431000,430900,30400,10700,12800,7300,8300,7600,4500,4500,21300,15400,439270,426210,9123410,4418076,0,0,0,0,0,
600036.SH,600036,20251209,133357000,431800,2500,107974,56339,0,,,34448876,1484575315,433000,428300,431800,431800,431900,432000,432100,432200,432300,432400,432500,432600,432700,432800,3600,3600,3600,2200,4100,26800,28500,40600,195400,230100,431800,431700,431600,431500,431400,431300,431200,431100,431000,430900,30300,10700,12800,7300,8300,7600,4500,4500,21300,15400,439270,426210,9124210,4416776,0,0,0,0,0,
600036.SH,600036,20251209,133400000,431900,3800,164122,56342,0,,,34452676,1484739437,433000,428300,431800,431800,432000,432100,432200,432300,432400,432500,432600,432700,432800,432900,3700,3600,3700,5600,26300,27500,43500,195000,230100,225500,431900,431800,431700,431600,431500,431400,431300,431200,431100,431000,80900,30100,10700,12800,7300,8300,7600,4500,4500,21300,439260,426310,9144710,4497476,0,0,0,0,0,
600036.SH,600036,20251209,133403000,432000,3400,146859,56346,0,,,34456076,1484886296,433000,428300,431800,431800,432000,432100,432200,432300,432400,432500,432600,432700,432800,432900,3000,2600,3300,5100,26300,27000,43800,195400,230100,225500,431900,431800,431700,431600,431500,431400,431300,431200,431100,431000,80000,29500,10700,12800,7300,8300,7600,4500,4500,21300,439260,426310,9142310,4496076,0,0,0,0,0,
600036.SH,600036,20251209,133406000,432000,2000,86399,56352,0,,,34458076,1484972695,433000,428300,431800,431800,432000,432100,432200,432300,432400,432500,432600,432700,432800,432900,1700,2600,3400,5100,26300,27000,43800,194400,230100,225500,431900,431800,431700,431600,431500,431400,431300,431200,431100,431000,87800,28900,10700,13200,7300,8300,7600,4500,4500,21300,439270,426320,9139610,4502776,0,0,0,0,0,
600036.SH,600036,20251209,133409000,431900,1600,69109,56356,0,,,34459676,1485041804,433000,428300,431800,431800,432000,432100,432200,432300,432400,432500,432600,432700,432800,432900,1800,2600,3400,5100,26200,27000,43800,194400,230100,225500,431900,431800,431700,431600,431500,431400,431300,431200,431100,431000,88000,28900,10700,13700,7900,8300,7600,3900,4500,21300,439270,426320,9139610,4503476,0,0,0,0,0,
600036.SH,600036,20251209,133412000,432000,1300,56160,56363,0,,,34460976,1485097964,433000,428300,431800,431800,432000,432100,432200,432300,432400,432500,432600,432700,432800,432900,700,2600,3400,5100,26300,27100,42000,194400,230000,225500,431900,431800,431700,431600,431500,431400,431300,431200,431100,431000,88000,29300,10700,13700,7900,8300,7600,3900,4500,21300,439270,426320,9137110,4503676,0,0,0,0,0,
600036.SH,600036,20251209,133415000,432000,2600,112335,56384,0,,,34463576,1485210299,433000,428300,431800,431800,432100,432200,432300,432400,432500,432600,432700,432800,432900,433000,1100,3300,5500,26400,27100,42800,194400,230000,225500,372100,432000,431900,431800,431700,431600,431500,431400,431300,431200,431100,100,88100,29300,10700,13700,7900,8300,7600,3900,4500,439270,426320,9136710,4503876,0,0,0,0,0,
600036.SH,600036,20251209,133418000,432000,2600,112319,56391,0,,,34466176,1485322618,433000,428300,431800,431800,432000,432100,432200,432300,432400,432500,432600,432700,432800,432900,7800,1200,3300,5900,26400,26100,42800,194400,230000,225500,431900,431800,431700,431600,431500,431400,431300,431200,431100,431000,87500,29300,10700,13700,7900,8300,7600,3900,4500,21300,439260,426320,9143610,4503076,0,0,0,0,0,
600036.SH,600036,20251209,133421000,432000,900,38880,56394,0,,,34467076,1485361498,433000,428300,431800,431800,432000,432100,432200,432300,432400,432500,432600,432700,432800,432900,7400,1300,3300,6900,26300,29100,42800,194400,230000,225500,431900,431800,431700,431600,431500,431400,431300,431200,431100,431000,88100,29500,10700,13700,7900,8300,7600,3900,4500,21300,439260,426320,9147310,4500876,0,0,0,0,0,
600036.SH,600036,20251209,133424000,431900,1700,73439,56397,0,,,34468776,1485434937,433000,428300,431800,431800,432000,432100,432200,432300,432400,432500,432600,432700,432800,432900,6700,1300,3300,8500,26300,29100,42800,194400,230000,225500,431900,431800,431700,431600,431500,431400,431300,431200,431100,431000,88000,29400,10800,13700,7900,9600,7600,3900,4500,21300,439260,426320,9148810,4500576,0,0,0,0,0,
600036.SH,600036,20251209,133427000,431900,5300,228959,56402,0,,,34474076,1485663896,433000,428300,431800,431800,432000,432100,432200,432300,432400,432500,432600,432700,432800,432900,1800,1300,3300,8500,26300,29100,42800,194400,230000,225500,431900,431800,431700,431600,431500,431400,431300,431200,431100,431000,87900,29400,10800,13700,7900,9600,7600,3900,4500,21300,439260,426320,9144010,4499276,0,0,0,0,0,
600036.SH,600036,20251209,133430000,431900,1400,60471,56405,0,,,34475476,1485724367,433000,428300,431800,431800,432000,432100,432200,432300,432400,432500,432600,432700,432800,432900,1300,1300,3300,8500,26300,29100,42800,194400,230000,225500,431900,431800,431700,431600,431500,431400,431300,431200,431100,431000,87300,29400,10800,13700,7900,9600,7600,3900,4500,21300,439270,426320,9137910,4498676,0,0,0,0,0,
600036.SH,600036,20251209,133433000,431900,2300,99344,56410,0,,,34477776,1485823711,433000,428300,431800,431800,432000,432100,432200,432300,432400,432500,432600,432700,432800,432900,3300,1300,3400,8100,26200,29100,42800,194400,244400,225500,431900,431800,431700,431600,431500,431400,431300,431200,431100,431000,86000,29400,10800,13700,7900,9600,7600,3900,4500,21300,439260,426320,9153910,4497376,0,0,0,0,0,
600036.SH,600036,20251209,133436000,432100,22300,963177,56425,0,,,34500076,1486786888,433000,428300,431800,431800,432100,432200,432300,432400,432500,432600,432700,432800,432900,433000,1000,3400,8100,26200,29100,42800,194400,244400,225500,368200,431900,431800,431700,431600,431500,431400,431300,431200,431100,431000,67600,29200,10800,16000,7900,9600,7600,3900,4500,21300,439260,426300,9150310,4481876,0,0,0,0,0,
600036.SH,600036,20251209,133439000,432000,2800,120943,56430,0,,,34502876,1486907831,433000,428300,431800,431800,432000,432100,432200,432300,432400,432500,432600,432700,432800,432900,1500,1500,3300,8100,26200,29000,42800,194400,244400,225500,431900,431800,431700,431600,431500,431400,431300,431200,431100,431000,65300,29200,10800,16000,7900,9600,7600,3900,4500,21300,439260,426290,9153910,4479576,0,0,0,0,0,
600036.SH,600036,20251209,133442000,431900,15200,656533,56510,0,,,34518076,1487564364,433000,428300,431800,431800,432100,432200,432300,432400,432500,432600,432700,432800,432900,433000,6500,39300,7800,25700,29000,45800,194400,244400,225500,368200,431900,431800,431700,431600,431500,431400,431300,431200,431100,431000,53300,29200,10800,16000,7900,9600,7600,3900,4500,21300,439220,426280,9195810,4457576,0,0,0,0,0,
600036.SH,600036,20251209,133445000,432000,54900,2371139,56545,0,,,34572976,1489935503,433000,428300,431800,431800,432000,432100,432200,432300,432400,432500,432600,432700,432800,432900,1400,7800,39000,7800,25700,29000,45800,194400,244400,222500,431800,431700,431600,431500,431400,431300,431200,431100,431000,430900,29200,10800,14700,7900,9600,7600,3900,4500,21300,15400,439220,426210,9195310,4402976,0,0,0,0,0,
600036.SH,600036,20251209,133448000,432000,1300,56160,56548,0,,,34574276,1489991663,433000,428300,431800,431800,432000,432100,432200,432300,432400,432500,432600,432700,432800,432900,700,7800,26000,7800,25700,29000,46100,194400,244400,222500,431900,431800,431700,431600,431500,431400,431300,431200,431100,431000,200,29200,10800,14200,7900,9600,7600,4400,4500,21300,439230,426210,9181910,4403476,0,0,0,0,0,
600036.SH,600036,20251209,133451000,431900,3500,151198,56563,0,,,34577776,1490142861,433000,428300,431800,431800,432000,432100,432200,432300,432400,432500,432600,432700,432800,432900,7000,7500,24000,6300,25700,29500,46100,194800,244400,223000,431800,431700,431600,431500,431400,431300,431200,431100,431000,430900,29100,10000,14200,7900,9600,7600,4400,5100,21600,15400,439230,426210,9186210,4402976,0,0,0,0,0,
600036.SH,600036,20251209,133454000,431900,0,0,56563,0,,,34577776,1490142861,433000,428300,431800,431800,432000,432100,432200,432300,432400,432500,432600,432700,432800,432900,7000,7500,24400,6300,28800,30200,46300,195000,244400,223000,431800,431700,431600,431500,431400,431300,431200,431100,431000,430900,30400,10000,14200,7300,9600,7600,4400,5100,22200,15400,439230,426210,9188710,4404276,0,0,0,0,0,
600036.SH,600036,20251209,133457000,431900,600,25919,56565,0,,,34578376,1490168780,433000,428300,431800,431800,432000,432100,432200,432300,432400,432500,432600,432700,432800,432900,6500,7300,26100,6700,28800,29700,46300,194100,244400,222500,431900,431800,431700,431600,431500,431400,431300,431200,431100,431000,900,31800,10400,14200,7300,9600,7600,4400,5100,22200,439230,426210,9187810,4406976,0,0,0,0,0,
600036.SH,600036,20251209,133500000,431900,0,0,56565,0,,,34578376,1490168780,433000,428300,431800,431800,432000,432100,432200,432300,432400,432500,432600,432700,432800,432900,6600,7300,26000,6700,28800,29700,46300,194100,244400,222300,431900,431800,431700,431600,431500,431400,431300,431200,431100,431000,1200,31700,10400,15100,7800,10100,7600,3500,4700,22200,439230,426210,9187710,4407776,0,0,0,0,0,
600036.SH,600036,20251209,133503000,431900,2100,90700,56579,0,,,34580476,1490259480,433000,428300,431800,431800,432000,432100,432200,432300,432400,432500,432600,432700,432800,432900,8000,7300,25500,6700,28800,29700,46300,193500,244400,222300,431900,431800,431700,431600,431500,431400,431300,431200,431100,431000,700,31700,10400,15100,7800,10100,7600,3500,4700,22200,439230,426210,9186610,4407276,0,0,0,0,0,
600036.SH,600036,20251209,133506000,432000,5500,237599,56583,0,,,34585976,1490497079,433000,428300,431800,431800,432000,432100,432200,432300,432400,432500,432600,432700,432800,432900,9500,7300,25500,6700,28800,29700,46300,193500,244400,222300,431900,431800,431700,431600,431500,431400,431300,431200,431100,431000,1300,31700,10400,14700,7800,10100,7600,3500,4700,22200,439230,426210,9188110,4407476,0,0,0,0,0,
600036.SH,600036,20251209,133509000,431900,2800,120932,56594,0,,,34588776,1490618011,433000,428300,431800,431800,431900,432000,432100,432200,432300,432400,432500,432600,432700,432800,1000,10300,7300,25500,6700,28800,29700,46300,193500,244400,431800,431700,431600,431500,431400,431300,431200,431100,431000,430900,31700,10400,14700,7800,10100,7600,3500,4700,22200,15400,439230,426220,9189910,4414976,0,0,0,0,0,
600036.SH,600036,20251209,133512000,431800,600,25908,56597,0,,,34589376,1490643919,433000,428300,431800,431800,431900,432000,432100,432200,432300,432400,432500,432600,432700,432800,1700,10400,7300,25500,6700,28800,33800,46300,193500,244400,431800,431700,431600,431500,431400,431300,431200,431100,431000,430900,31100,10400,14700,7800,10100,7600,3500,4700,22200,15400,439220,426210,9195810,4413976,0,0,0,0,0,
600036.SH,600036,20251209,133515000,431900,12700,548509,56678,0,,,34602076,1491192428,433000,428300,431800,431800,432000,432100,432200,432300,432400,432500,432600,432700,432800,432900,11700,7300,25500,7200,29300,33800,46300,193500,244400,222300,431900,431800,431700,431600,431500,431400,431300,431200,431100,431000,71700,30800,10400,14700,7800,10100,7600,3500,4700,22200,439220,426300,9196410,4485376,0,0,0,0,0,
600036.SH,600036,20251209,133518000,431900,73200,3161512,56796,0,,,34675276,1494353940,433000,428300,431800,431800,431900,432000,432100,432200,432300,432400,432500,432600,432700,432800,600,17300,1100,13700,7200,29300,33800,46300,193500,244400,431800,431700,431600,431500,431400,431300,431200,431100,431000,430900,31500,12900,14700,7800,10100,7600,3500,4700,22200,15400,439230,426220,9184610,4416476,0,0,0,0,0,
600036.SH,600036,20251209,133521000,432000,9900,427672,56807,0,,,34685176,1494781612,433000,428300,431800,431800,432000,432100,432200,432300,432400,432500,432600,432700,432800,432900,2100,1100,10200,7200,29300,34300,46300,193500,244400,222300,431800,431700,431600,431500,431400,431300,431200,431100,431000,430900,31600,12900,14700,7800,10100,7600,3500,4700,22200,15400,439250,426220,9164910,4415776,0,0,0,0,0,
600036.SH,600036,20251209,133524000,431900,2800,120920,56810,0,,,34687976,1494902532,433000,428300,431800,431800,431900,432000,432100,432200,432300,432400,432500,432600,432700,432800,1000,2800,1100,9800,7200,29300,34300,46700,193500,244400,431800,431700,431600,431500,431400,431300,431200,431100,431000,430900,30500,12900,14700,6800,10100,7600,3500,4700,22600,15400,439250,426220,9166810,4414076,0,0,0,0,0,
600036.SH,600036,20251209,133527000,431800,4900,211613,56820,0,,,34692876,1495114145,433000,428300,431800,431800,431900,432000,432100,432200,432300,432400,432500,432600,432700,432800,200,2200,1100,9800,7200,29300,34300,46700,193500,244400,431800,431700,431600,431500,431400,431300,431200,431100,431000,430900,28500,12900,14700,6800,10100,7600,3500,4700,22600,15400,439250,426220,9166410,4412476,0,0,0,0,0,
600036.SH,600036,20251209,133530000,431900,1600,69093,56829,0,,,34694476,1495183238,433000,428300,431800,431800,432000,432100,432200,432300,432400,432500,432600,432700,432800,432900,2500,1300,9700,7200,29300,34300,46700,193500,244400,222300,431800,431700,431600,431500,431400,431300,431200,431100,431000,430900,27400,12900,14700,7200,10100,7600,3500,4700,22600,15400,439250,426210,9166610,4411776,0,0,0,0,0,
600036.SH,600036,20251209,133533000,431800,4000,172757,56838,0,,,34698476,1495355995,433000,428300,431800,431800,432000,432100,432200,432300,432400,432500,432600,432700,432800,432900,7300,1300,9700,7200,29300,34400,44700,193500,244400,222300,431800,431700,431600,431500,431400,431300,431200,431100,431000,430900,26400,12900,14700,7200,10100,7600,3500,4700,22600,15400,439240,426210,9171510,4410776,0,0,0,0,0,
600036.SH,600036,20251209,133536000,431800,3100,133880,56858,0,,,34701576,1495489875,433000,428300,431800,431800,432000,432100,432200,432300,432400,432500,432600,432700,432800,432900,6900,600,9300,6800,29800,34400,44700,193900,244800,222300,431800,431700,431600,431500,431400,431300,431200,431100,431000,430900,24800,12900,14300,7200,10100,7600,3900,4700,22600,15400,439250,426210,9172210,4409176,0,0,0,0,0,
600036.SH,600036,20251209,133539000,431800,2200,95032,56863,0,,,34703776,1495584907,433000,428300,431800,431800,432000,432100,432200,432300,432400,432500,432600,432700,432800,432900,5100,1000,9300,6800,29800,34400,44700,193900,245800,222300,431800,431700,431600,431500,431400,431300,431200,431100,431000,430900,24400,12900,14300,7200,10100,7600,3900,4700,22600,15400,439250,426210,9172310,4408776,0,0,0,0,0,
600036.SH,600036,20251209,133542000,431800,500,21590,56865,0,,,34704276,1495606497,433000,428300,431800,431800,431900,432000,432100,432200,432300,432400,432500,432600,432700,432800,400,5200,1000,9300,6800,29800,34400,44700,193900,245800,431800,431700,431600,431500,431400,431300,431200,431100,431000,430900,23900,12900,14700,7600,10100,7600,3500,4700,22600,15400,439250,426210,9174610,4408676,0,0,0,0,0,
600036.SH,600036,20251209,133545000,431800,3000,129566,56874,0,,,34707276,1495736063,433000,428300,431800,431800,432000,432100,432200,432300,432400,432500,432600,432700,432800,432900,5500,900,9700,6800,29800,34400,44700,194300,245800,222300,431800,431700,431600,431500,431400,431300,431200,431100,431000,430900,22400,12900,14700,7600,10100,7600,3900,4700,22600,15400,439240,426210,9175210,4406976,0,0,0,0,0,
600036.SH,600036,20251209,133548000,432000,4100,177066,56883,0,,,34711376,1495913129,433000,428300,431800,431800,432000,432100,432200,432300,432400,432500,432600,432700,432800,432900,4000,900,9700,6800,29800,34400,44700,194300,245800,222300,431800,431700,431600,431500,431400,431300,431200,431100,431000,430900,20800,12900,14700,7600,10100,7600,4200,4700,22600,15400,439250,426210,9172210,4405676,0,0,0,0,0,
600036.SH,600036,20251209,133551000,431800,1600,69101,56890,0,,,34712976,1495982230,433000,428300,431800,431800,432000,432100,432200,432300,432400,432500,432600,432700,432800,432900,4800,900,9700,6800,29800,34400,44700,194300,245800,222300,431800,431700,431600,431500,431400,431300,431200,431100,431000,430900,20400,12900,14700,7600,10100,7600,4200,4700,19600,15400,439250,426200,9173810,4402276,0,0,0,0,0,
600036.SH,600036,20251209,133554000,432000,1200,51827,56895,0,,,34714176,1496034057,433000,428300,431800,431800,431900,432000,432100,432200,432300,432400,432500,432600,432700,432800,500,11000,1000,10100,7600,29300,34400,44300,193900,245400,431800,431700,431600,431500,431400,431300,431200,431100,431000,430900,20500,12900,14700,7600,10100,7600,4200,4700,19600,15400,439240,426200,9180410,4402376,0,0,0,0,0,
600036.SH,600036,20251209,133557000,431800,4400,190053,56909,0,,,34718576,1496224110,433000,428300,431800,431800,431900,432000,432100,432200,432300,432400,432500,432600,432700,432800,100,8300,400,9700,7200,29700,34400,44700,193900,245800,431800,431700,431600,431500,431400,431300,431200,431100,431000,430900,19700,12900,14700,7600,10100,7600,4200,4700,19600,15400,439240,426200,9176810,4400576,0,0,0,0,0,
600036.SH,600036,20251209,133600000,431800,5800,250464,56925,0,,,34724376,1496474574,433000,428300,431800,431800,432000,432100,432200,432300,432400,432500,432600,432700,432800,432900,9200,400,9700,7200,29700,34400,44600,193900,245800,222600,431800,431700,431600,431500,431400,431300,431200,431100,431000,430900,15100,12900,14700,7200,13100,7600,3900,4700,20000,15400,439240,426200,9178710,4398676,0,0,0,0,0,
600036.SH,600036,20251209,133603000,431800,1600,69102,56934,0,,,34725976,1496543676,433000,428300,431800,431800,432000,432100,432200,432300,432400,432500,432600,432700,432800,432900,8600,700,9700,7300,29700,34400,44600,193900,245800,222600,431800,431700,431600,431500,431400,431300,431200,431100,431000,430900,14800,12900,14700,7200,13100,7600,3900,4700,20000,15400,439240,426200,9179110,4398376,0,0,0,0,0,
600036.SH,600036,20251209,133606000,431800,3900,168476,56939,0,,,34729876,1496712152,433000,428300,431800,431800,432000,432200,432300,432400,432500,432600,432700,432800,432900,433000,5400,9700,7300,29700,34400,44600,193900,245800,222600,370200,431800,431700,431600,431500,431400,431300,431200,431100,431000,430900,14300,13700,14700,7600,13100,7600,3900,4700,20000,15400,439250,426200,9175210,4398776,0,0,0,0,0,
600036.SH,600036,20251209,133609000,431800,200,8636,56941,0,,,34730076,1496720788,433000,428300,431800,431800,431900,432000,432200,432300,432400,432500,432600,432700,432800,432900,1300,6500,10500,8600,29000,34400,44500,193900,245400,222600,431800,431700,431600,431500,431400,431300,431200,431100,431000,430900,14300,13700,14700,7600,13100,7600,3900,4700,20000,15400,439240,426200,9178810,4398776,0,0,0,0,0,
600036.SH,600036,20251209,133612000,431800,100,4318,56942,0,,,34730176,1496725106,433000,428300,431800,431800,431900,432000,432100,432200,432300,432400,432500,432600,432700,432800,1300,6000,300,10500,8700,28900,34400,44200,193900,245400,431800,431700,431600,431500,431400,431300,431200,431100,431000,430900,14200,13700,14700,8000,13100,7600,3900,4700,19300,15400,439240,426200,9177110,4398376,0,0,0,0,0,
600036.SH,600036,20251209,133615000,432000,10800,466445,56966,0,,,34740976,1497191551,433000,428300,431800,431800,432000,432200,432300,432400,432500,432600,432700,432800,432900,433000,2100,10500,8700,28900,34700,44700,194100,245400,222600,369000,431800,431700,431600,431500,431400,431300,431200,431100,431000,430900,9500,13700,14700,11000,13100,7600,3900,4700,19300,15400,439250,426200,9172310,4396576,0,0,0,0,0,
600036.SH,600036,20251209,133618000,431800,4500,194329,56982,0,,,34745476,1497385880,433000,428300,431800,431800,432000,432200,432300,432400,432500,432600,432700,432800,432900,433000,1000,10100,8800,29000,34700,44700,194500,245800,223000,368400,431800,431700,431600,431500,431400,431300,431200,431100,431000,430900,6200,13700,14700,11000,13100,7600,3900,4700,19300,15400,439250,426190,9171710,4392276,0,0,0,0,0,
600036.SH,600036,20251209,133621000,431800,500,21592,56986,0,,,34745976,1497407472,433000,428300,431800,431800,431900,432000,432100,432200,432300,432400,432500,432600,432700,432800,300,1200,700,10100,9500,29000,34400,44700,194500,245800,431800,431700,431600,431500,431400,431300,431200,431100,431000,430900,8600,13700,14700,10000,13100,7600,3900,4700,19300,15400,439250,426190,9173410,4393376,0,0,0,0,0,
600036.SH,600036,20251209,133624000,431800,0,0,56986,0,,,34745976,1497407472,433000,428300,431800,431800,431900,432000,432100,432200,432300,432400,432500,432600,432700,432800,500,11800,700,10500,9300,28900,34400,44700,194100,246400,431800,431700,431600,431500,431400,431300,431200,431100,431000,430900,8900,13900,14700,10000,13100,7600,3900,4700,19300,15400,439240,426190,9184810,4393876,0,0,0,0,0,
600036.SH,600036,20251209,133627000,431800,800,34544,56989,0,,,34746776,1497442016,433000,428300,431800,431800,431900,432000,432100,432200,432300,432400,432500,432600,432700,432800,500,14300,1600,10900,9300,28900,33600,44300,194000,246400,431800,431700,431600,431500,431400,431300,431200,431100,431000,430900,10900,13900,14700,10000,13100,7600,3900,4700,19300,15400,439240,426200,9187510,4395276,0,0,0,0,0,
600036.SH,600036,20251209,133630000,431900,17000,734219,57011,0,,,34763776,1498176235,433000,428300,431800,431800,432000,432100,432200,432300,432400,432500,432600,432700,432800,432900,14400,1700,10900,9800,28900,33600,44300,194000,246400,222800,431900,431800,431700,431600,431500,431400,431300,431200,431100,431000,67200,10800,13900,13300,10000,13100,7600,3900,4700,19300,439240,426290,9187410,4460976,0,0,0,0,0,
600036.SH,600036,20251209,133633000,431900,64000,2764165,57047,0,,,34827776,1500940400,433000,428300,431800,431800,432000,432100,432200,432300,432400,432500,432600,432700,432800,432900,15300,1700,10900,9800,29300,34200,44300,194000,246400,222800,431900,431800,431700,431600,431500,431400,431300,431200,431100,431000,16800,9700,13900,13800,10000,12600,7600,3900,4700,19300,439230,426220,9189310,4408976,0,0,0,0,0,
600036.SH,600036,20251209,133636000,431900,10300,444857,57067,0,,,34838076,1501385257,433000,428300,431800,431800,432000,432100,432200,432300,432400,432500,432600,432700,432800,432900,23200,800,10900,11000,29300,34200,44300,194000,246400,222800,431900,431800,431700,431600,431500,431400,431300,431200,431100,431000,9900,7700,13900,13800,10000,12600,7600,3900,4700,19300,439230,426210,9197510,4400076,0,0,0,0,0,
600036.SH,600036,20251209,133639000,431900,4400,190036,57088,0,,,34842476,1501575293,433000,428300,431800,431800,432000,432100,432200,432300,432400,432500,432600,432700,432800,432900,23300,800,10900,11000,29300,34200,44300,194000,246400,222800,431900,431800,431700,431600,431500,431400,431300,431200,431100,431000,7500,8200,13900,13800,10000,12400,7600,3900,4700,19300,439230,426210,9197910,4397176,0,0,0,0,0,
600036.SH,600036,20251209,133642000,432000,1700,73435,57095,0,,,34844176,1501648728,433000,428300,431800,431800,432000,432100,432200,432300,432400,432500,432600,432700,432800,432900,22900,800,10900,11000,29300,34200,44300,194000,246400,222800,431900,431800,431700,431600,431500,431400,431300,431200,431100,431000,9400,8100,14300,13800,6600,12400,7600,3900,4700,19300,439230,426210,9198010,4395976,0,0,0,0,0,
600036.SH,600036,20251209,133645000,432000,1600,69120,57096,0,,,34845776,1501717848,433000,428300,431800,431800,432000,432100,432200,432300,432400,432500,432600,432700,432800,432900,21300,800,11000,11000,29300,34700,44300,194000,246200,222300,431900,431800,431700,431600,431500,431400,431300,431200,431100,431000,9400,8100,14300,13800,6600,12400,7600,3900,4700,19300,439230,426210,9196110,4396276,0,0,0,0,0,
600036.SH,600036,20251209,133648000,431900,100,4319,57097,0,,,34845876,1501722167,433000,428300,431800,431800,432000,432100,432200,432300,432400,432500,432600,432700,432800,432900,21300,1800,11000,11000,29300,35000,44300,194000,246200,222300,431900,431800,431700,431600,431500,431400,431300,431200,431100,431000,8100,8100,14300,13800,6600,12400,7600,3900,4700,19300,439230,426210,9197210,4394376,0,0,0,0,0,
600036.SH,600036,20251209,133651000,432000,3300,142560,57098,0,,,34849176,1501864727,433000,428300,431800,431800,432000,432100,432200,432300,432400,432500,432600,432700,432800,432900,18100,1800,11000,11000,29300,35000,45100,194000,246200,222300,431900,431800,431700,431600,431500,431400,431300,431200,431100,431000,8500,13100,14300,13800,6600,12400,7600,3900,4700,19300,439230,426210,9194910,4399776,0,0,0,0,0,
600036.SH,600036,20251209,133654000,432000,2400,103666,57105,0,,,34851576,1501968393,433000,428300,431800,431800,432000,432100,432200,432300,432400,432500,432600,432700,432800,432900,16000,1800,11000,11500,29300,35500,45100,194000,246200,222800,431900,431800,431700,431600,431500,431400,431300,431200,431100,431000,7700,13100,14300,14200,6600,12400,7600,3900,4700,19300,439230,426210,9194310,4397376,0,0,0,0,0,
600036.SH,600036,20251209,133657000,431900,3000,129581,57112,0,,,34854576,1502097974,433000,428300,431800,431800,432000,432100,432200,432300,432400,432500,432600,432700,432800,432900,14900,1800,11000,11500,29300,35500,45100,194000,246300,222800,431900,431800,431700,431600,431500,431400,431300,431200,431100,431000,9100,13100,14300,14200,6600,12400,7600,3900,4700,19300,439230,426220,9193310,4398776,0,0,0,0,0,
600036.SH,600036,20251209,133700000,431900,300,12957,57113,0,,,34854876,1502110931,433000,428300,431800,431800,432000,432100,432200,432300,432400,432500,432600,432700,432800,432900,14900,1800,11100,11500,29300,35500,45100,194000,246300,222800,431900,431800,431700,431600,431500,431400,431300,431200,431100,431000,10400,13100,14400,14200,6600,12400,7600,3900,4700,19300,439230,426220,9193410,4400176,0,0,0,0,0,
600036.SH,600036,20251209,133703000,431900,200,8638,57115,0,,,34855076,1502119569,433000,428300,431800,431800,432000,432100,432200,432300,432400,432500,432600,432700,432800,432900,14900,1800,11200,11500,32000,35500,45100,194000,246300,222800,431900,431800,431700,431600,431500,431400,431300,431200,431100,431000,10700,13100,14400,14200,6600,12400,7600,3900,4700,19300,439230,426220,9195610,4400476,0,0,0,0,0,
600036.SH,600036,20251209,133706000,431900,500,21595,57116,0,,,34855576,1502141164,433000,428300,431800,431800,432000,432100,432200,432300,432400,432500,432600,432700,432800,432900,14900,1800,11500,11500,32000,35500,45100,194000,246100,222800,431900,431800,431700,431600,431500,431400,431300,431200,431100,431000,10200,13100,14400,14200,6600,12400,7600,3900,4700,19300,439230,426220,9195710,4399876,0,0,0,0,0,
600036.SH,600036,20251209,133709000,431900,1300,56147,57122,0,,,34856876,1502197311,433000,428300,431800,431800,432000,432100,432200,432300,432400,432500,432600,432700,432800,432900,14900,1800,11500,11500,32000,35500,45100,194000,246100,222800,431900,431800,431700,431600,431500,431400,431300,431200,431100,431000,8900,13400,14400,14200,6600,12400,7600,3900,4700,19300,439230,426220,9195710,4398976,0,0,0,0,0,
600036.SH,600036,20251209,133712000,431900,1000,43198,57126,0,,,34857876,1502240509,433000,428300,431800,431800,432000,432100,432200,432300,432400,432500,432600,432700,432800,432900,14300,1800,11500,11900,32000,36500,45100,194000,231700,222100,431900,431800,431700,431600,431500,431400,431300,431200,431100,431000,8900,13700,14400,14200,6600,12400,7600,3900,4700,19300,439240,426220,9182410,4398376,0,0,0,0,0,
600036.SH,600036,20251209,133715000,432000,2900,125277,57133,0,,,34860776,1502365786,433000,428300,431800,431800,432000,432100,432200,432300,432400,432500,432600,432700,432800,432900,11700,1800,11500,12200,32000,36500,45100,194000,231700,222100,431900,431800,431700,431600,431500,431400,431300,431200,431100,431000,8600,14000,14400,14200,6600,12400,7600,3900,4700,19300,439240,426220,9182110,4398376,0,0,0,0,0,
600036.SH,600036,20251209,133718000,431900,700,30239,57137,0,,,34861476,1502396025,433000,428300,431800,431800,432000,432100,432200,432300,432400,432500,432600,432700,432800,432900,11700,1800,11100,12200,32000,36500,45100,194000,231700,222100,431900,431800,431700,431600,431500,431400,431300,431200,431100,431000,7700,14000,14400,14200,6600,12400,7600,3900,4700,19300,439240,426220,9179010,4399876,0,0,0,0,0,
600036.SH,600036,20251209,133721000,432000,100,4320,57138,0,,,34861576,1502400345,433000,428300,431800,431800,432000,432100,432200,432300,432400,432500,432600,432700,432800,432900,12200,11900,11100,12200,32000,36500,45100,194000,232000,222100,431900,431800,431700,431600,431500,431400,431300,431200,431100,431000,7700,14000,14400,14200,6600,12400,7600,3900,4700,19300,439230,426220,9188910,4400276,0,0,0,0,0,
600036.SH,600036,20251209,133724000,432000,0,0,57138,0,,,34861576,1502400345,433000,428300,431800,431800,432000,432100,432200,432300,432400,432500,432600,432700,432800,432900,12200,12200,11100,12200,32000,36500,45100,194000,232000,222100,431900,431800,431700,431600,431500,431400,431300,431200,431100,431000,8400,14000,13400,14200,6600,12400,7600,3900,4700,19300,439230,426220,9189210,4398176,0,0,0,0,0,
600036.SH,600036,20251209,133727000,431900,2800,120958,57144,0,,,34864376,1502521303,433000,428300,431800,431800,432000,432100,432200,432300,432400,432500,432600,432700,432800,432900,10000,12200,11500,12700,32000,36900,45100,193600,232000,221600,431900,431800,431700,431600,431500,431400,431300,431200,431100,431000,8200,14000,13400,14200,6600,12400,7600,3900,4700,19500,439230,426220,9187310,4397976,0,0,0,0,0,
600036.SH,600036,20251209,133730000,431900,500,21595,57146,0,,,34864876,1502542898,433000,428300,431800,431800,432000,432100,432200,432300,432400,432500,432600,432700,432800,432900,9800,13900,11500,12700,32000,36900,45100,193600,232000,221600,431900,431800,431700,431600,431500,431400,431300,431200,431100,431000,9400,14000,13400,14200,6600,12400,7600,3900,4700,19500,439230,426220,9190310,4399476,0,0,0,0,0,
600036.SH,600036,20251209,133733000,432000,4500,194394,57148,0,,,34869376,1502737292,433000,428300,431800,431800,432000,432100,432200,432300,432400,432500,432600,432700,432800,432900,6000,13900,11800,12700,31300,36900,44800,193300,232000,221600,431900,431800,431700,431600,431500,431400,431300,431200,431100,431000,9100,14000,13400,14200,6600,12400,7600,3900,4700,19500,439240,426220,9185510,4398976,0,0,0,0,0,
600036.SH,600036,20251209,133736000,431900,2700,116613,57156,0,,,34872076,1502853905,433000,428300,431800,431800,432000,432100,432200,432300,432400,432500,432600,432700,432800,432900,6500,13900,11800,12700,31300,36900,44800,193300,232000,221600,431900,431800,431700,431600,431500,431400,431300,431200,431100,431000,7200,14000,13400,14200,6600,12400,7600,3900,4700,19500,439240,426220,9186010,4397076,0,0,0,0,0,
600036.SH,600036,20251209,133739000,431900,100,4319,57157,0,,,34872176,1502858224,433000,428300,431800,431800,432000,432100,432200,432300,432400,432500,432600,432700,432800,432900,6500,13900,11800,12700,31300,36900,45100,193300,232000,221600,431900,431800,431700,431600,431500,431400,431300,431200,431100,431000,7200,14000,13400,14200,6600,12400,7600,3900,4700,19500,439240,426220,9186410,4397076,0,0,0,0,0,
600036.SH,600036,20251209,133742000,431900,1000,43190,57158,0,,,34873176,1502901414,433000,428300,431800,431800,432000,432100,432200,432300,432400,432500,432600,432700,432800,432900,7400,13900,12300,13700,31300,36900,46000,193300,232000,221600,431900,431800,431700,431600,431500,431400,431300,431200,431100,431000,6400,14000,13400,14200,6600,12400,7600,3900,4700,19500,439230,426220,9189710,4398276,0,0,0,0,0,
600036.SH,600036,20251209,133745000,432000,11600,501154,57194,0,,,34884776,1503402568,433000,428300,431800,431800,432100,432200,432300,432400,432500,432600,432700,432800,432900,433000,10500,12300,13700,31300,36900,46000,193700,232000,221600,369100,432000,431900,431800,431700,431600,431500,431400,431300,431200,431100,67400,6400,13700,13400,14200,6600,12400,7600,3900,4700,439240,426300,9178810,4465376,0,0,0,0,0,
600036.SH,600036,20251209,133748000,432000,11300,488163,57199,0,,,34896076,1503890731,433000,428300,431800,431800,432100,432200,432300,432400,432500,432600,432700,432800,432900,433000,11800,10800,13800,31300,36900,46000,193700,232000,221800,369200,432000,431900,431800,431700,431600,431500,431400,431300,431200,431100,57300,5500,13000,13800,13700,6200,12500,7600,3900,4700,439240,426290,9179010,4453176,0,0,0,0,0,
600036.SH,600036,20251209,133751000,432100,1800,77775,57202,0,,,34897876,1503968506,433000,428300,431800,431800,432100,432200,432300,432400,432500,432600,432700,432800,432900,433000,10300,9500,13800,31800,36900,46000,193700,232000,221800,369200,432000,431900,431800,431700,431600,431500,431400,431300,431200,431100,67100,4100,13000,11300,13700,5900,12500,7600,3900,4700,439240,426290,9176710,4458876,0,0,0,0,0,
600036.SH,600036,20251209,133754000,432100,0,0,57202,0,,,34897876,1503968506,433000,428300,431800,431800,432100,432200,432300,432400,432500,432600,432700,432800,432900,433000,20400,11300,13700,31800,36900,46000,193700,232000,221800,369500,432000,431900,431800,431700,431600,431500,431400,431300,431200,431100,67800,4100,13000,11300,13700,5500,12500,7600,3900,4700,439230,426300,9188810,4458576,0,0,0,0,0,
600036.SH,600036,20251209,133757000,432100,9500,410432,57208,0,,,34907376,1504378938,433000,428300,431800,431800,432100,432200,432300,432400,432500,432600,432700,432800,432900,433000,19400,11200,13700,32100,36900,46000,193700,232000,221600,369500,432000,431900,431800,431700,431600,431500,431400,431300,431200,431100,62200,5700,13000,11300,13700,5500,12500,7600,3900,4700,439230,426290,9187910,4454576,0,0,0,0,0,
600036.SH,600036,20251209,133800000,432000,7500,324064,57224,0,,,34914876,1504703002,433000,428300,431800,431800,432100,432200,432300,432400,432500,432600,432700,432800,432900,433000,13300,10500,14900,32100,36900,46000,193700,232000,221600,369500,432000,431900,431800,431700,431600,431500,431400,431300,431200,431100,64200,5700,13100,11300,13700,5500,12500,7600,3900,4700,439240,426280,9182310,4444676,0,0,0,0,0,
600036.SH,600036,20251209,133803000,432100,1300,56172,57228,0,,,34916176,1504759174,433000,428300,431800,431800,432100,432200,432300,432400,432500,432600,432700,432800,432900,433000,12300,10500,14900,32100,36900,46000,193700,232000,221600,369500,432000,431900,431800,431700,431600,431500,431400,431300,431200,431100,64700,5800,13100,11300,13700,5500,12500,7600,3900,4700,439240,426290,9181210,4445176,0,0,0,0,0,
600036.SH,600036,20251209,133806000,432000,65500,2829608,57256,0,,,34981676,1507588782,433000,428300,431800,431800,432000,432100,432200,432300,432400,432500,432600,432700,432800,432900,6700,11700,10500,15400,32100,38900,46000,193700,232000,221600,431900,431800,431700,431600,431500,431400,431300,431200,431100,431000,5700,13700,11300,13700,5500,12500,7600,3900,4700,19500,439230,426200,9189910,4380976,0,0,0,0,0,
600036.SH,600036,20251209,133809000,431900,8300,358465,57285,0,,,34989976,1507947247,433000,428300,431800,431800,432000,432100,432200,432300,432400,432500,432600,432700,432800,432900,10200,13300,10100,13300,31800,38900,46000,194700,232300,221600,431900,431800,431700,431600,431500,431400,431300,431200,431100,431000,2400,13000,10900,13700,5900,12500,7600,3900,4700,19500,439230,426200,9193410,4375376,0,0,0,0,0,
600036.SH,600036,20251209,133812000,432000,9700,419013,57292,0,,,34999676,1508366260,433000,428300,431800,431800,432000,432100,432200,432300,432400,432500,432600,432700,432800,432900,3200,13300,9800,11500,31800,38900,46000,195000,232300,221600,431900,431800,431700,431600,431500,431400,431300,431200,431100,431000,200,13000,10500,13300,5900,12500,8000,4300,4700,19500,439240,426190,9184110,4373176,0,0,0,0,0,
600036.SH,600036,20251209,133815000,432000,8800,380158,57314,0,,,35008476,1508746418,433000,428300,431800,431800,432000,432100,432200,432300,432400,432500,432600,432700,432800,432900,2100,13400,9800,11500,32000,38900,46000,195000,232300,221600,431800,431700,431600,431500,431400,431300,431200,431100,431000,430900,13100,10800,13300,5900,12500,8000,4300,4700,19500,15400,439240,426190,9183310,4372776,0,0,0,0,0,
600036.SH,600036,20251209,133818000,431900,6200,267831,57329,0,,,35014676,1509014249,433000,428300,431800,431800,432000,432100,432200,432300,432400,432500,432600,432700,432800,432900,1000,14100,9400,11500,32500,38900,46000,196000,232300,221600,431900,431800,431700,431600,431500,431400,431300,431200,431100,431000,1400,12600,11200,14100,5500,12500,7600,3900,4700,19500,439240,426190,9184010,4374176,0,0,0,0,0,
600036.SH,600036,20251209,133821000,431900,500,21595,57333,0,,,35015176,1509035844,433000,428300,431800,431800,432000,432100,432200,432300,432400,432500,432600,432700,432800,432900,3000,15900,9300,12000,32500,38900,46100,196000,232500,221600,431900,431800,431700,431600,431500,431400,431300,431200,431100,431000,4000,13000,11200,14100,5500,12500,7600,3900,4700,19500,439230,426200,9188510,4377276,0,0,0,0,0,
600036.SH,600036,20251209,133824000,431900,0,0,57333,0,,,35015176,1509035844,433000,428300,431800,431800,432000,432100,432200,432300,432400,432500,432600,432700,432800,432900,3500,15900,9700,12800,32000,38500,45800,196000,232500,221600,431900,431800,431700,431600,431500,431400,431300,431200,431100,431000,2500,12000,11200,14100,5500,12500,7600,3900,4700,19500,439230,426190,9189010,4374576,0,0,0,0,0,
600036.SH,600036,20251209,133827000,431900,1300,56159,57341,0,,,35016476,1509092003,433000,428300,431800,431800,432000,432100,432200,432300,432400,432500,432600,432700,432800,432900,2400,15900,9700,12800,32000,38500,45800,196000,233000,221600,431900,431800,431700,431600,431500,431400,431300,431200,431100,431000,3900,12000,11200,14100,5500,12500,7600,3900,4700,19500,439230,426200,9190910,4374876,0,0,0,0,0,
600036.SH,600036,20251209,133830000,431900,0,0,57341,0,,,35016476,1509092003,433000,428300,431800,431800,432000,432100,432200,432300,432400,432500,432600,432700,432800,432900,2600,15900,10000,12800,32000,38500,45800,195700,233000,221600,431900,431800,431700,431600,431500,431400,431300,431200,431100,431000,5600,12000,11200,14100,5500,12500,7600,3900,4700,19500,439230,426200,9190910,4376576,0,0,0,0,0,
600036.SH,600036,20251209,133833000,431900,7100,306730,57355,0,,,35023576,1509398733,433000,428300,431800,431800,432000,432100,432200,432300,432400,432500,432600,432700,432800,432900,1500,13600,9500,13100,31600,38500,45800,195700,233300,221600,431900,431800,431700,431600,431500,431400,431300,431200,431100,431000,4100,12300,11200,13600,5500,12500,7600,3900,5100,19500,439240,426200,9187210,4375076,0,0,0,0,0,
600036.SH,600036,20251209,133836000,431900,1400,60479,57357,0,,,35024976,1509459212,433000,428300,431800,431800,432000,432100,432200,432300,432400,432500,432600,432700,432800,432900,1300,13600,9500,13300,31400,38500,46300,195800,233300,221600,431900,431800,431700,431600,431500,431400,431300,431200,431100,431000,4000,12300,11200,13600,5500,12500,7600,3900,5100,19500,439230,426200,9187610,4374976,0,0,0,0,0,
600036.SH,600036,20251209,133839000,432000,1600,69119,57368,0,,,35026576,1509528331,433000,428300,431800,431800,432000,432100,432200,432300,432400,432500,432600,432700,432800,432900,1200,13600,9500,13300,31400,38500,46300,195800,233300,221600,431900,431800,431700,431600,431500,431400,431300,431200,431100,431000,4300,12400,11200,13600,5500,12500,7600,3500,5100,19500,439240,426200,9187510,4373976,0,0,0,0,0,
600036.SH,600036,20251209,133842000,431900,400,17279,57371,0,,,35026976,1509545610,433000,428300,431800,431800,432000,432100,432200,432300,432400,432500,432600,432700,432800,432900,2100,10300,9500,13300,31400,34500,46300,195800,233300,221600,431900,431800,431700,431600,431500,431400,431300,431200,431100,431000,4900,12400,11200,13600,6000,12500,7600,3500,5100,19500,439240,426200,9181110,4375076,0,0,0,0,0,
600036.SH,600036,20251209,133845000,432100,3000,129609,57387,0,,,35029976,1509675219,433000,428300,431800,431800,432000,432100,432200,432300,432400,432500,432600,432700,432800,432900,100,9400,9500,13300,31400,34500,46300,195800,233300,221600,431900,431800,431700,431600,431500,431400,431300,431200,431100,431000,4900,12500,11200,13600,6000,12500,7600,3500,5100,19500,439240,426200,9177210,4374176,0,0,0,0,0,
600036.SH,600036,20251209,133848000,432100,3900,168454,57395,0,,,35033876,1509843673,433000,428300,431800,431800,432000,432100,432200,432300,432400,432500,432600,432700,432800,432900,400,9800,9500,12900,31400,34500,46300,195300,233700,221600,431900,431800,431700,431600,431500,431400,431300,431200,431100,431000,2300,12500,11200,13600,6000,12500,7600,3500,5100,19500,439240,426190,9177610,4371676,0,0,0,0,0,
600036.SH,600036,20251209,133851000,432000,1500,64800,57402,0,,,35035376,1509908473,433000,428300,431800,431800,432000,432100,432200,432300,432400,432500,432600,432700,432800,432900,4000,9800,9500,12900,31400,34500,46300,195300,233700,221600,431900,431800,431700,431600,431500,431400,431300,431200,431100,431000,2300,12500,11200,13600,6000,12500,7600,3500,5100,19500,439240,426190,9181210,4371676,0,0,0,0,0,
600036.SH,600036,20251209,133854000,431900,300,12957,57404,0,,,35035676,1509921430,433000,428300,431800,431800,432000,432100,432200,432300,432400,432500,432600,432700,432800,432900,4800,9300,9500,13300,31400,34500,46300,194900,233700,221600,431900,431800,431700,431600,431500,431400,431300,431200,431100,431000,2900,12800,11200,13600,6000,12500,7600,3500,5100,19500,439240,426190,9181510,4372576,0,0,0,0,0,
600036.SH,600036,20251209,133857000,432100,6500,280811,57427,0,,,35042176,1510202241,433000,428300,431800,431800,432000,432100,432200,432300,432400,432500,432600,432700,432800,432900,400,8000,9100,12300,31900,34500,46300,195900,233700,221600,431900,431800,431700,431600,431500,431400,431300,431200,431100,431000,3400,11900,11100,14000,6500,12500,7600,3500,5100,19500,439240,426190,9175910,4372976,0,0,0,0,0,
600036.SH,600036,20251209,133900000,431900,4800,207382,57435,0,,,35046976,1510409623,433000,428300,431800,431800,432000,432100,432200,432300,432400,432500,432600,432700,432800,432900,2000,5500,9100,12300,32800,34500,46300,195900,233700,221600,431900,431800,431700,431600,431500,431400,431300,431200,431100,431000,3000,11700,11100,14000,6500,12500,7600,3500,5100,19500,439240,426190,9175910,4372376,0,0,0,0,0,
600036.SH,600036,20251209,133903000,431900,500,21595,57438,0,,,35047476,1510431218,433000,428300,431800,431800,432000,432100,432200,432300,432400,432500,432600,432700,432800,432900,2300,6700,9500,12400,32400,34500,46300,194900,233700,221600,431900,431800,431700,431600,431500,431400,431300,431200,431100,431000,5600,11700,11100,14000,6500,12500,7600,3500,5100,19500,439240,426200,9176510,4373976,0,0,0,0,0,
600036.SH,600036,20251209,133906000,431900,0,0,57438,0,,,35047476,1510431218,433000,428300,431800,431800,432000,432100,432200,432300,432400,432500,432600,432700,432800,432900,3300,6000,9500,12400,32400,35700,46300,194900,233700,221600,431900,431800,431700,431600,431500,431400,431300,431200,431100,431000,6800,11600,11100,14000,6500,12500,7600,3500,5100,19500,439240,426200,9178210,4375076,0,0,0,0,0,
600036.SH,600036,20251209,133909000,431900,200,8638,57440,0,,,35047676,1510439856,433000,428300,431800,431800,432000,432100,432200,432300,432400,432500,432600,432700,432800,432900,4300,5900,9500,12400,32700,35700,46300,194900,233700,221600,431900,431800,431700,431600,431500,431400,431300,431200,431100,431000,6800,11600,11500,14000,6000,12500,7600,3500,5100,19500,439240,426200,9178910,4374976,0,0,0,0,0,
600036.SH,600036,20251209,133912000,432000,200,8640,57441,0,,,35047876,1510448496,433000,428300,431800,431800,432000,432100,432200,432300,432400,432500,432600,432700,432800,432900,9300,5900,9500,12400,32700,35800,46300,194900,233700,221600,431900,431800,431700,431600,431500,431400,431300,431200,431100,431000,6800,11600,11500,14000,6500,12500,7600,3500,4700,19500,439240,426200,9184110,4375076,0,0,0,0,0,
600036.SH,600036,20251209,133915000,431900,2500,107989,57449,0,,,35050376,1510556485,433000,428300,431800,431800,432000,432100,432200,432300,432400,432500,432600,432700,432800,432900,7900,5900,9600,12400,32600,35800,46300,194900,233700,221600,431900,431800,431700,431600,431500,431400,431300,431200,431100,431000,6400,11700,11500,14000,6500,12500,7600,3500,4700,19500,439240,426200,9180710,4374776,0,0,0,0,0,
600036.SH,600036,20251209,133918000,431900,11700,505405,57480,0,,,35062076,1511061890,433000,428300,431800,431800,432000,432100,432200,432300,432400,432500,432600,432700,432800,432900,4800,5900,9600,12400,34600,35800,46300,194900,233700,221600,431900,431800,431700,431600,431500,431400,431300,431200,431100,431000,3400,11800,11500,14000,6500,12500,7600,3500,4700,19500,439240,426190,9179610,4371876,0,0,0,0,0,
600036.SH,600036,20251209,133921000,432000,3900,168443,57493,0,,,35065976,1511230333,433000,428300,431800,431800,432000,432100,432200,432300,432400,432500,432600,432700,432800,432900,5300,5900,9600,12400,34600,35800,46300,194900,233700,221600,431900,431800,431700,431600,431500,431400,431300,431200,431100,431000,1400,11700,11500,14000,6500,12500,7600,3500,4700,19500,439240,426190,9180110,4369776,0,0,0,0,0,
600036.SH,600036,20251209,133924000,431900,2300,99337,57500,0,,,35068276,1511329670,433000,428300,431800,431800,432000,432100,432200,432300,432400,432500,432600,432700,432800,432900,7500,5900,9500,12500,34700,35800,46300,194900,233700,221600,431900,431800,431700,431600,431500,431400,431300,431200,431100,431000,5000,11700,11500,14000,6500,12500,7600,3500,4700,19500,439240,426200,9182610,4373276,0,0,0,0,0,
600036.SH,600036,20251209,133927000,432000,700,30238,57504,0,,,35068976,1511359908,433000,428300,431800,431800,432000,432100,432200,432300,432400,432500,432600,432700,432800,432900,8100,6300,9600,12100,35100,36100,46300,194900,233700,221600,431900,431800,431700,431600,431500,431400,431300,431200,431100,431000,6400,12100,11100,13600,6500,12500,7600,3500,4700,19500,439240,426200,9184010,4374276,0,0,0,0,0,
600036.SH,600036,20251209,133930000,431900,300,12957,57505,0,,,35069276,1511372865,433000,428300,431800,431800,432000,432100,432200,432300,432400,432500,432600,432700,432800,432900,8100,6300,9600,12100,35300,36100,46300,194900,233700,221600,431900,431800,431700,431600,431500,431400,431300,431200,431100,431000,7200,12100,11100,13600,6500,12500,7600,3500,4700,19500,439240,426200,9175710,4374776,0,0,0,0,0,
600036.SH,600036,20251209,133933000,431900,12300,531288,57525,0,,,35081576,1511904153,433000,428300,431800,431800,432000,432100,432200,432300,432400,432500,432600,432700,432800,432900,4200,8100,9600,12100,35300,36100,46400,194900,233700,221600,431800,431700,431600,431500,431400,431300,431200,431100,431000,430900,11700,11100,13600,6500,12500,7600,3500,4700,19500,15500,439240,426190,9174210,4366176,0,0,0,0,0,
600036.SH,600036,20251209,133936000,431900,1900,82061,57535,0,,,35083476,1511986214,433000,428300,431800,431800,431900,432000,432100,432200,432300,432400,432500,432600,432700,432800,2200,4000,9600,10400,10300,34400,36100,46400,194900,233700,431800,431700,431600,431500,431400,431300,431200,431100,431000,430900,12800,11100,13600,6500,12500,7600,3500,4700,19500,15500,439240,426190,9175810,4367276,0,0,0,0,0,
600036.SH,600036,20251209,133939000,431900,1100,47506,57539,0,,,35084576,1512033720,433000,428300,431800,431800,431900,432000,432100,432200,432300,432400,432500,432600,432700,432800,2000,4300,9900,10000,10000,34400,36100,46400,194900,233700,431800,431700,431600,431500,431400,431300,431200,431100,431000,430900,12500,11100,13600,6500,12500,7600,3500,4700,19500,15500,439240,426190,9174910,4366976,0,0,0,0,0,
600036.SH,600036,20251209,133942000,431900,0,0,57539,0,,,35084576,1512033720,433000,428300,431800,431800,431900,432000,432100,432200,432300,432400,432500,432600,432700,432800,2000,4400,10200,10100,9700,34300,36100,46400,194900,233700,431800,431700,431600,431500,431400,431300,431200,431100,431000,430900,12800,11100,13600,6500,12500,7600,3500,4700,19500,15500,439240,426190,9175010,4366776,0,0,0,0,0,
600036.SH,600036,20251209,133945000,431800,900,38862,57545,0,,,35085476,1512072582,433000,428300,431800,431800,431900,432000,432100,432200,432300,432400,432500,432600,432700,432800,2300,4500,10200,10100,9700,34300,36100,46400,194900,233700,431800,431700,431600,431500,431400,431300,431200,431100,431000,430900,15000,11100,13600,6500,12500,7600,3500,4700,19500,15500,439240,426190,9175410,4369076,0,0,0,0,0,
600036.SH,600036,20251209,133948000,431800,700,30226,57547,0,,,35086176,1512102808,433000,428300,431800,431800,431900,432000,432100,432200,432300,432400,432500,432600,432700,432800,3100,4500,10200,10100,9700,34300,36100,46400,194900,233700,431800,431700,431600,431500,431400,431300,431200,431100,431000,430900,15400,11100,13600,6500,12500,7600,3500,4700,19500,15500,439240,426190,9176210,4369476,0,0,0,0,0,
600036.SH,600036,20251209,133951000,431800,0,0,57547,0,,,35086176,1512102808,433000,428300,431800,431800,431900,432000,432100,432200,432300,432400,432500,432600,432700,432800,4200,4500,10200,10100,9200,34300,35000,46400,194900,233700,431800,431700,431600,431500,431400,431300,431200,431100,431000,430900,15600,11200,13600,6500,12500,7600,3500,4700,19500,15500,439240,426190,9178710,4369776,0,0,0,0,0,
600036.SH,600036,20251209,133954000,431900,2100,90692,57554,0,,,35088276,1512193500,433000,428300,431800,431800,431900,432000,432100,432200,432300,432400,432500,432600,432700,432800,3300,4500,9700,10100,9200,34300,35000,46400,194900,233700,431800,431700,431600,431500,431400,431300,431200,431100,431000,430900,16200,11400,13600,6700,12500,7600,3500,4700,19500,15500,439240,426190,9177310,4370776,0,0,0,0,0,
600036.SH,600036,20251209,133957000,431800,12500,539750,57581,0,,,35100776,1512733250,433000,428300,431800,431800,431900,432000,432100,432200,432300,432400,432500,432600,432700,432800,3700,4800,9400,10100,9200,34300,35000,46700,194900,234000,431800,431700,431600,431500,431400,431300,431200,431100,431000,430900,3700,11400,13600,7100,12500,7600,19800,4700,19500,15500,439240,426200,9178210,4374676,0,0,0,0,0,
600036.SH,600036,20251209,134000000,431800,600,25908,57584,0,,,35101376,1512759158,433000,428300,431800,431800,431900,432000,432100,432200,432300,432400,432500,432600,432700,432800,3900,4800,9400,10100,9200,34300,35000,46700,194900,234000,431800,431700,431600,431500,431400,431300,431200,431100,431000,430900,4600,11400,13600,7100,12500,7600,19800,4700,19500,15500,439240,426200,9178410,4375576,0,0,0,0,0,
600036.SH,600036,20251209,134003000,431900,9300,401659,57625,0,,,35110676,1513160817,433000,428300,431800,431800,432000,432100,432200,432300,432400,432500,432600,432700,432800,432900,4200,9400,10100,9200,34300,35000,46700,194900,234000,224600,431900,431800,431700,431600,431500,431400,431300,431200,431100,431000,1300,4800,11400,13600,7100,12500,7600,19800,4700,19500,439240,426200,9173910,4377076,0,0,0,0,0,
600036.SH,600036,20251209,134006000,431900,5300,228891,57641,0,,,35115976,1513389708,433000,428300,431800,431800,431900,432000,432100,432200,432300,432400,432500,432600,432700,432800,900,4300,9400,10100,9200,34300,35000,46700,194900,234000,431800,431700,431600,431500,431400,431300,431200,431100,431000,430900,2800,11400,13600,7100,12500,7600,19800,4700,19500,15500,439240,426200,9173410,4373776,0,0,0,0,0,
600036.SH,600036,20251209,134009000,432000,4400,190040,57652,0,,,35120376,1513579748,433000,428300,431800,431800,431900,432000,432100,432200,432300,432400,432500,432600,432700,432800,300,6000,9400,10100,9200,34300,35000,46700,194900,234000,431800,431700,431600,431500,431400,431300,431200,431100,431000,430900,1700,13100,13600,7100,12500,7600,19800,4700,19500,15500,439240,426200,9174510,4374376,0,0,0,0,0,
600036.SH,600036,20251209,134012000,431900,2100,90689,57660,0,,,35122476,1513670437,433000,428300,431800,431800,431900,432000,432100,432200,432300,432400,432500,432600,432700,432800,7500,5700,8500,10100,8600,34300,35300,47000,194900,234000,431800,431700,431600,431500,431400,431300,431200,431100,431000,430900,1700,13100,13600,7100,12500,7600,19800,4700,19500,15500,439230,426200,9185610,4374176,0,0,0,0,0,
600036.SH,600036,20251209,134015000,431800,2000,86360,57667,0,,,35124476,1513756797,433000,428300,431800,431800,431800,431900,432000,432100,432200,432300,432400,432500,432600,432700,4400,7500,5900,8500,10100,8600,34300,35300,47000,194900,431700,431600,431500,431400,431300,431200,431100,431000,430900,430800,13100,13600,7100,12500,7600,19800,4700,19500,15500,55000,439230,426190,9190210,4373076,0,0,0,0,0,
600036.SH,600036,20251209,134018000,431800,100,4318,57668,0,,,35124576,1513761115,433000,428300,431800,431800,431800,431900,432000,432100,432200,432300,432400,432500,432600,432700,4800,8900,5700,7500,10200,8100,34300,35300,47000,194900,431700,431600,431500,431400,431300,431200,431100,431000,430900,430800,14500,13600,7100,12500,7600,19800,4700,19500,15500,55000,439230,426200,9190410,4374676,0,0,0,0,0,
600036.SH,600036,20251209,134021000,431800,1100,47497,57670,0,,,35125676,1513808612,433000,428300,431800,431800,431800,431900,432000,432100,432200,432300,432400,432500,432600,432700,5300,8600,6400,7500,12700,8100,34300,34800,47000,194900,431700,431600,431500,431400,431300,431200,431100,431000,430900,430800,15300,13600,7300,12500,7600,19800,4700,19500,15500,55000,439230,426200,9193310,4375676,0,0,0,0,0,
600036.SH,600036,20251209,134024000,431800,100,4318,57671,0,,,35125776,1513812930,433000,428300,431800,431800,431800,431900,432000,432100,432200,432300,432400,432500,432600,432700,5300,9000,6400,7000,12700,8200,34300,34800,47000,194900,431700,431600,431500,431400,431300,431200,431100,431000,430900,430800,15400,13600,7300,12500,7600,3500,4700,19500,15500,55000,439230,426180,9196310,4359476,0,0,0,0,0,
600036.SH,600036,20251209,134027000,431700,2000,86358,57676,0,,,35127776,1513899288,433000,428300,431800,431800,431800,431900,432000,432100,432200,432300,432400,432500,432600,432700,3900,9000,6400,7000,12700,8200,34300,34800,47000,194900,431700,431600,431500,431400,431300,431200,431100,431000,430900,430800,15200,13600,7300,12500,7600,3500,4700,19500,15500,55000,439230,426180,9194910,4359276,0,0,0,0,0,
600036.SH,600036,20251209,134030000,431800,4900,211576,57693,0,,,35132676,1514110864,433000,428300,431800,431800,431900,432000,432100,432200,432300,432400,432500,432600,432700,432800,9000,6400,7100,12700,8200,34300,34800,47000,194900,234000,431800,431700,431600,431500,431400,431300,431200,431100,431000,430900,700,14600,13600,7300,12500,7600,3500,4700,19500,15500,439230,426180,9190710,4359376,0,0,0,0,0,
600036.SH,600036,20251209,134033000,431900,1500,64778,57696,0,,,35134176,1514175642,433000,428300,431800,431800,431800,431900,432000,432100,432200,432300,432400,432500,432600,432700,1300,9400,6300,7100,12700,8200,34300,34800,47000,194900,431700,431600,431500,431400,431300,431200,431100,431000,430900,430800,14400,12800,6400,12900,8000,3500,5200,19900,15500,55000,439230,426180,9191310,4358476,0,0,0,0,0,
600036.SH,600036,20251209,134036000,431700,2400,103631,57703,0,,,35136576,1514279273,433000,428300,431800,431800,431800,431900,432000,432100,432200,432300,432400,432500,432600,432700,800,9400,6300,7100,12700,8200,34300,34800,45000,194900,431700,431600,431500,431400,431300,431200,431100,431000,430900,430800,15200,12800,6400,12900,8000,3500,5200,19900,15500,55000,439230,426180,9188810,4359276,0,0,0,0,0,
600036.SH,600036,20251209,134039000,431800,1700,73406,57709,0,,,35138276,1514352679,433000,428300,431800,431800,431900,432000,432100,432200,432300,432400,432500,432600,432700,432800,9000,6800,6900,12700,8200,34300,34800,45000,194900,234000,431800,431700,431600,431500,431400,431300,431200,431100,431000,430900,200,15200,13800,6900,12500,7500,3500,4700,19500,15300,439230,426180,9189710,4358976,0,0,0,0,0,
600036.SH,600036,20251209,134042000,431900,6500,280711,57719,0,,,35144776,1514633390,433000,428300,431800,431800,431900,432000,432100,432200,432300,432400,432500,432600,432700,432800,6000,6600,6900,12900,8200,34300,34800,46000,194900,234000,431800,431700,431600,431500,431400,431300,431200,431100,431000,430900,700,15200,13800,7000,12500,7500,3500,4700,19500,15300,439230,426180,9187410,4358276,0,0,0,0,0,
600036.SH,600036,20251209,134045000,431800,1300,56133,57726,0,,,35146076,1514689523,433000,428300,431800,431800,431900,432000,432100,432200,432300,432400,432500,432600,432700,432800,7900,6600,6900,12900,8200,34300,34800,46000,194900,234000,431800,431700,431600,431500,431400,431300,431200,431100,431000,430900,500,15300,13800,7000,12500,7500,3500,4700,19500,15300,439230,426180,9188510,4358176,0,0,0,0,0,
600036.SH,600036,20251209,134048000,431800,2000,86362,57735,0,,,35148076,1514775885,433000,428300,431800,431800,431800,431900,432000,432100,432200,432300,432400,432500,432600,432700,3700,9300,6600,6900,12900,8200,34300,34800,46000,194900,431700,431600,431500,431400,431300,431200,431100,431000,430900,430800,15300,13800,7000,12500,7500,3500,4700,19500,15300,55000,439230,426180,9196010,4357576,0,0,0,0,0,
600036.SH,600036,20251209,134051000,431800,0,0,57735,0,,,35148076,1514775885,433000,428300,431800,431800,431800,431900,432000,432100,432200,432300,432400,432500,432600,432700,4000,9200,6600,6900,12900,8200,34300,34800,46000,194900,431700,431600,431500,431400,431300,431200,431100,431000,430900,430800,15400,13800,7000,12500,7500,3500,4700,19500,15300,55000,439230,426180,9196210,4357176,0,0,0,0,0,
600036.SH,600036,20251209,134054000,431700,2000,86348,57740,0,,,35150076,1514862233,433000,428300,431800,431800,431800,431900,432000,432100,432200,432300,432400,432500,432600,432700,5800,9200,7700,6700,12900,8200,34300,35800,46000,194900,431700,431600,431500,431400,431300,431200,431100,431000,430900,430800,14500,13800,7000,12500,7500,3500,4700,19500,15300,79500,439230,426200,9197610,4381476,0,0,0,0,0,
600036.SH,600036,20251209,134057000,431700,1200,51814,57745,0,,,35151276,1514914047,433000,428300,431800,431800,431800,431900,432000,432100,432200,432300,432400,432500,432600,432700,5000,9200,7700,6700,12900,8200,34300,35800,46000,194900,431700,431600,431500,431400,431300,431200,431100,431000,430900,430800,15000,13800,7000,12500,7500,3500,4700,19500,15300,79500,439230,426200,9196810,4381976,0,0,0,0,0,
600036.SH,600036,20251209,134100000,431700,300,12951,57746,0,,,35151576,1514926998,433000,428300,431800,431800,431800,431900,432000,432100,432200,432300,432400,432500,432600,432700,6500,9200,7800,6700,12900,8200,34300,35800,46000,194900,431700,431600,431500,431400,431300,431200,431100,431000,430900,430800,15300,13800,7000,12500,7500,3500,4700,19500,15300,79500,439230,426200,9198410,4381576,0,0,0,0,0,
600036.SH,600036,20251209,134103000,431800,6000,259080,57765,0,,,35157576,1515186078,433000,428300,431800,431800,431800,431900,432000,432100,432200,432300,432400,432500,432600,432700,800,13500,10100,7000,13200,8500,34000,36000,45400,194900,431700,431600,431500,431400,431300,431200,431100,431000,430900,430800,16800,13800,7000,12500,7500,3500,4700,19500,15300,79500,439230,426210,9199210,4383476,0,0,0,0,0,
600036.SH,600036,20251209,134106000,431900,1600,69095,57769,0,,,35159176,1515255173,433000,428300,431800,431800,431800,431900,432000,432100,432200,432300,432400,432500,432600,432700,100,13000,10100,7000,13200,8500,34000,36000,45400,194400,431700,431600,431500,431400,431300,431200,431100,431000,430900,430800,17700,13900,7000,12400,7500,3500,4700,19500,15300,79500,439230,426210,9197010,4384376,0,0,0,0,0,
600036.SH,600036,20251209,134109000,431700,1400,60448,57777,0,,,35160576,1515315621,433000,428300,431800,431800,431800,431900,432000,432100,432200,432300,432400,432500,432600,432700,1000,12300,10000,7300,13200,8500,34000,36000,45400,194400,431700,431600,431500,431400,431300,431200,431100,431000,430900,430800,17500,13000,6100,12900,7500,4000,5100,20100,15300,79500,439230,426210,9197310,4384176,0,0,0,0,0,
600036.SH,600036,20251209,134112000,431900,2200,94998,57784,0,,,35162776,1515410619,433000,428300,431800,431800,431800,431900,432000,432100,432200,432300,432400,432500,432600,432700,800,11700,10400,7300,12300,8500,34000,36000,45400,194400,431700,431600,431500,431400,431300,431200,431100,431000,430900,430800,17000,13600,6700,13400,7500,3500,4700,19600,15300,79500,439230,426210,9196210,4383876,0,0,0,0,0,
600036.SH,600036,20251209,134115000,431800,5500,237518,57804,0,,,35168276,1515648137,433000,428300,431800,431800,431800,431900,432000,432100,432200,432300,432400,432500,432600,432700,3400,11500,10000,7400,12300,8500,34000,36500,46100,194400,431700,431600,431500,431400,431300,431200,431100,431000,430900,430800,16200,13600,6200,13400,7500,3500,4700,19600,15700,55000,439230,426180,9198510,4358476,0,0,0,0,0,
600036.SH,600036,20251209,134118000,431700,500,21585,57806,0,,,35168776,1515669722,433000,428300,431800,431800,431800,431900,432000,432100,432200,432300,432400,432500,432600,432700,4500,11000,9900,7400,12300,8500,34000,36500,46100,194400,431700,431600,431500,431400,431300,431200,431100,431000,430900,430800,15100,13600,6200,13400,7500,3500,4700,19600,15700,55000,439230,426180,9199810,4357576,0,0,0,0,0,
600036.SH,600036,20251209,134121000,431800,2700,116586,57808,0,,,35171476,1515786308,433000,428300,431800,431800,431800,431900,432000,432100,432200,432300,432400,432500,432600,432700,2300,11100,9900,8700,12300,8500,34000,36000,45400,194400,431700,431600,431500,431400,431300,431200,431100,431000,430900,430800,14600,13600,6200,13400,7500,3500,4700,19600,15700,55000,439230,426180,9198810,4357576,0,0,0,0,0,
600036.SH,600036,20251209,134124000,431800,3800,164081,57819,0,,,35175276,1515950389,433000,428300,431800,431800,431800,431900,432000,432100,432200,432300,432400,432500,432600,432700,300,11100,10900,8700,12300,8500,34000,36100,45600,195400,431700,431600,431500,431400,431300,431200,431100,431000,430900,430800,14600,13600,6200,13400,7500,3500,4700,19600,15700,55000,439230,426180,9196610,4357576,0,0,0,0,0,
600036.SH,600036,20251209,134127000,431700,100,4317,57820,0,,,35175376,1515954706,433000,428300,431800,431800,431800,431900,432000,432100,432200,432300,432400,432500,432600,432700,300,11500,12300,8700,11400,8900,34400,37600,45600,195000,431700,431600,431500,431400,431300,431200,431100,431000,430900,430800,14500,13600,6200,13400,7500,3500,4700,19600,15700,55000,439230,426180,9199010,4357076,0,0,0,0,0,
600036.SH,600036,20251209,134130000,431700,3800,164046,57827,0,,,35179176,1516118752,433000,428300,431800,431800,431800,431900,432000,432100,432200,432300,432400,432500,432600,432700,1600,11900,12800,9200,11400,8400,34400,37600,45600,193000,431700,431600,431500,431400,431300,431200,431100,431000,430900,430800,11000,13600,6200,13400,7500,3500,4700,19600,15700,55000,439230,426170,9199210,4354076,0,0,0,0,0,
600036.SH,600036,20251209,134133000,431700,1200,51811,57835,0,,,35180376,1516170563,433000,428300,431800,431800,431800,431900,432000,432100,432200,432300,432400,432500,432600,432700,2800,11900,12900,9100,11400,8400,34400,37600,45600,193000,431700,431600,431500,431400,431300,431200,431100,431000,430900,430800,12700,13600,6200,13400,7500,3500,4700,19600,15700,55000,439220,426180,9200810,4355776,0,0,0,0,0,
600036.SH,600036,20251209,134136000,431600,18000,777056,57878,0,,,35198376,1516947619,433000,428300,431800,431800,431700,431800,431900,432000,432100,432200,432300,432400,432500,432600,900,12700,13400,13300,7800,11000,7600,34400,37600,45600,431600,431500,431400,431300,431200,431100,431000,430900,430800,430700,13200,6200,13400,7500,3500,4700,19600,15700,55000,4700,439220,426160,9210910,4342676,0,0,0,0,0,
600036.SH,600036,20251209,134139000,431600,500,21581,57882,0,,,35198876,1516969200,433000,428300,431800,431800,431700,431800,431900,432000,432100,432200,432300,432400,432500,432600,1300,12800,14000,12100,7800,11000,8100,34400,40600,45600,431600,431500,431400,431300,431200,431100,431000,430900,430800,430700,13100,6700,13400,8000,3500,4700,19600,15700,55000,4700,439210,426160,9214110,4343576,0,0,0,0,0,
600036.SH,600036,20251209,134142000,431600,1800,77702,57890,0,,,35200676,1517046902,433000,428300,431800,431800,431700,431800,431900,432000,432100,432200,432300,432400,432500,432600,700,12800,14500,12100,7000,11000,7100,34400,40600,45600,431600,431500,431400,431300,431200,431100,431000,430900,430800,430700,13000,6700,13400,8000,3500,4700,19600,15700,55000,4700,439220,426160,9211710,4343476,0,0,0,0,0,
600036.SH,600036,20251209,134145000,431700,600,25901,57894,0,,,35201276,1517072803,433000,428300,431800,431800,431700,431800,431900,432000,432100,432200,432300,432400,432500,432600,300,12800,14500,12100,7000,11000,7100,34400,40600,45600,431600,431500,431400,431300,431200,431100,431000,430900,430800,430700,13000,6700,13400,7000,3500,4700,19600,15700,55000,4700,439220,426160,9211310,4342076,0,0,0,0,0,
600036.SH,600036,20251209,134148000,431600,3900,168351,57910,0,,,35205176,1517241154,433000,428300,431800,431800,431700,431800,431900,432000,432100,432200,432300,432400,432500,432600,4800,12900,14500,12100,7000,11000,7100,34400,40600,45600,431600,431500,431400,431300,431200,431100,431000,430900,430800,430700,12200,6700,13400,7000,3500,4700,19600,15700,55000,4700,439210,426150,9216710,4338376,0,0,0,0,0,
600036.SH,600036,20251209,134151000,431600,900,38844,57911,0,,,35206076,1517279998,433000,428300,431800,431800,431700,431800,431900,432000,432100,432200,432300,432400,432500,432600,4800,12900,14500,12100,7000,11000,7100,34400,40800,45600,431600,431500,431400,431300,431200,431100,431000,430900,430800,430700,11300,6700,13400,7000,3500,4700,19600,15700,55000,4700,439210,426150,9217010,4337676,0,0,0,0,0,
600036.SH,600036,20251209,134154000,431500,27800,1199707,57954,0,,,35233876,1518479705,433000,428300,431800,431800,431500,431600,431700,431800,431900,432000,432100,432200,432300,432400,5900,100,12500,12500,9600,12100,7000,11000,7100,34400,431400,431300,431200,431100,431000,430900,430800,430700,430600,430500,13400,7000,3500,4700,19600,15700,55000,4700,9500,65400,439210,426130,9226110,4322476,0,0,0,0,0,
600036.SH,600036,20251209,134157000,431500,7900,340813,57963,0,,,35241776,1518820518,433000,428300,431800,431800,431500,431600,431700,431800,431900,432000,432100,432200,432300,432400,6300,1700,14800,13400,6800,11000,5700,11000,7300,34400,431400,431300,431200,431100,431000,430900,430800,430700,430600,430500,7300,6500,3500,5200,19600,15700,55000,4700,9500,65400,439210,426130,9225610,4316376,0,0,0,0,0,
600036.SH,600036,20251209,134200000,431500,1400,60410,57967,0,,,35243176,1518880928,433000,428300,431800,431800,431500,431600,431700,431800,431900,432000,432100,432200,432300,432400,6700,1700,14800,13400,6800,11300,5700,11000,7300,34400,431400,431300,431200,431100,431000,430900,430800,430700,430600,430500,11400,6500,3500,5200,19600,15700,55000,4700,9500,65400,439210,426130,9226310,4320476,0,0,0,0,0,
600036.SH,600036,20251209,134203000,431400,2200,94908,57971,0,,,35245376,1518975836,433000,428300,431800,431800,431500,431600,431700,431800,431900,432000,432100,432200,432300,432400,7700,1700,14800,12800,6800,11300,5700,10000,7300,34400,431400,431300,431200,431100,431000,430900,430800,430700,430600,430500,10000,6500,3500,5200,19600,15700,55000,4700,9500,65400,439210,426130,9225710,4319076,0,0,0,0,0,
600036.SH,600036,20251209,134206000,431400,5600,241636,57980,0,,,35250976,1519217472,433000,428300,431800,431800,431500,431600,431700,431800,431900,432000,432100,432200,432300,432400,2500,1600,14800,12800,6800,11300,5700,10000,7300,34400,431400,431300,431200,431100,431000,430900,430800,430700,430600,430500,9600,6900,3500,5200,19600,15700,55000,4700,9500,65400,439210,426130,9220410,4319076,0,0,0,0,0,
600036.SH,600036,20251209,134209000,431600,3600,155349,57987,0,,,35254576,1519372821,433000,428300,431800,431800,431600,431700,431800,431900,432000,432100,432200,432300,432400,432500,600,13700,12800,6800,11300,5700,10000,7300,34400,40900,431400,431300,431200,431100,431000,430900,430800,430700,430600,430500,9900,7100,3500,5200,19600,15700,55000,4700,9500,65400,439220,426130,9214810,4319876,0,0,0,0,0,
600036.SH,600036,20251209,134212000,431600,4900,211482,58007,0,,,35259476,1519584303,433000,428300,431800,431800,431600,431700,431800,431900,432000,432100,432200,432300,432400,432500,2500,8700,11200,7300,11900,7600,11400,7300,34400,41200,431400,431300,431200,431100,431000,430900,430800,430700,430600,430500,9700,7500,3400,5200,17600,15700,55000,4700,9500,65400,439220,426130,9213810,4315576,0,0,0,0,0,
600036.SH,600036,20251209,134215000,431600,1300,56108,58011,0,,,35260776,1519640411,433000,428300,431800,431800,431600,431700,431800,431900,432000,432100,432200,432300,432400,432500,1200,8200,10800,7300,12500,7600,11400,7700,34400,41200,431400,431300,431200,431100,431000,430900,430800,430700,430600,430500,9700,7500,3400,5200,18100,15700,55000,4700,9500,65400,439220,426130,9212610,4316476,0,0,0,0,0,
600036.SH,600036,20251209,134218000,431500,1100,47469,58015,0,,,35261876,1519687880,433000,428300,431800,431800,431500,431600,431700,431800,431900,432000,432100,432200,432300,432400,300,8100,8100,3500,7300,12500,7600,11400,8000,34400,431400,431300,431200,431100,431000,430900,430800,430700,430600,430500,9600,7600,3400,5200,18100,15700,55000,4700,9500,65400,439220,426130,9209210,4316476,0,0,0,0,0,
600036.SH,600036,20251209,134221000,431500,2000,86300,58018,0,,,35263876,1519774180,433000,428300,431800,431800,431500,431600,431700,431800,431900,432000,432100,432200,432300,432400,1500,9800,8100,4500,7600,13900,7600,11400,7600,34400,431400,431300,431200,431100,431000,430900,430800,430700,430600,430500,10700,7600,3400,5200,18200,15800,55000,4700,9500,65400,439220,426130,9213910,4317176,0,0,0,0,0,
600036.SH,600036,20251209,134224000,431500,700,30205,58020,0,,,35264576,1519804385,433000,428300,431800,431800,431500,431600,431700,431800,431900,432000,432100,432200,432300,432400,1200,10200,10100,5900,7200,13300,5700,10000,7600,34400,431400,431300,431200,431100,431000,430900,430800,430700,430600,430500,12700,7600,3400,5200,18300,15800,55000,4700,9500,65400,439220,426130,9213110,4319276,0,0,0,0,0,
600036.SH,600036,20251209,134227000,431400,3100,133767,58027,0,,,35267676,1519938152,433000,428300,431800,431800,431500,431600,431700,431800,431900,432000,432100,432200,432300,432400,300,10200,9200,6000,7200,14300,3900,10000,7600,34400,431400,431300,431200,431100,431000,430900,430800,430700,430600,430500,12600,7600,3400,5200,18300,15800,55000,4700,9500,65400,439220,426130,9210610,4315176,0,0,0,0,0,
600036.SH,600036,20251209,134230000,431400,10900,470226,58050,0,,,35278576,1520408378,433000,428300,431800,431800,431500,431600,431700,431800,431900,432000,432100,432200,432300,432400,500,10200,10100,6000,7200,13300,3900,10000,7600,34400,431400,431300,431200,431100,431000,430900,430800,430700,430600,430500,4200,7600,3400,5400,18300,15800,55000,4700,9500,65400,439220,426120,9211710,4307076,0,0,0,0,0,
600036.SH,600036,20251209,134233000,431400,5400,232956,58062,0,,,35283976,1520641334,433000,428300,431800,431800,431400,431500,431600,431700,431800,431900,432000,432100,432200,432300,1800,2900,10600,9200,5700,7200,13300,3600,10000,7600,431300,431200,431100,431000,430900,430800,430700,430600,430500,430400,7700,3400,5400,18200,15800,55000,4700,9500,65400,2400,439210,426120,9216110,4303176,0,0,0,0,0,
600036.SH,600036,20251209,134236000,431500,4400,189842,58077,0,,,35288376,1520831176,433000,428300,431800,431800,431500,431600,431700,431800,431900,432000,432100,432200,432300,432400,900,9900,9200,6500,7200,13300,3600,10000,7600,34400,431300,431200,431100,431000,430900,430800,430700,430600,430500,430400,9100,4600,5400,17800,15800,55000,4700,9500,65400,2400,439220,426120,9211410,4305776,0,0,0,0,0,
600036.SH,600036,20251209,134239000,431500,0,0,58077,0,,,35288376,1520831176,433000,428300,431800,431800,431400,431500,431600,431700,431800,431900,432000,432100,432200,432300,1400,1600,9900,9200,5700,7200,13300,2600,10000,7600,431300,431200,431100,431000,430900,430800,430700,430600,430500,430400,9300,4600,5500,17800,15800,55000,4700,9500,65400,2400,439220,426120,9212210,4305976,0,0,0,0,0,
600036.SH,600036,20251209,134242000,431400,100,4314,58078,0,,,35288476,1520835490,433000,428300,431800,431800,431400,431500,431600,431700,431800,431900,432000,432100,432200,432300,1500,1400,10700,9800,4800,7200,13300,2600,10000,7600,431300,431200,431100,431000,430900,430800,430700,430600,430500,430400,12000,4600,5500,17800,16300,55000,4700,9500,65400,2400,439220,426130,9212610,4309176,0,0,0,0,0,
600036.SH,600036,20251209,134245000,431400,5500,237237,58087,0,,,35293976,1521072727,433000,428300,431800,431800,431400,431500,431600,431700,431800,431900,432000,432100,432200,432300,300,1400,10700,9800,3800,7600,13700,2600,10000,7200,431300,431200,431100,431000,430900,430800,430700,430600,430500,430400,8800,4600,5600,17800,16300,55000,4700,9500,65400,2400,439220,426120,9210410,4306076,0,0,0,0,0,
600036.SH,600036,20251209,134248000,431300,500,21566,58090,0,,,35294476,1521094293,433000,428300,431800,431800,431400,431500,431600,431700,431800,431900,432000,432100,432200,432300,200,12200,10700,9800,3700,7600,13700,2600,10000,7200,431300,431200,431100,431000,430900,430800,430700,430600,430500,430400,9300,4600,5600,18300,16300,55000,4700,9500,65400,2400,439210,426120,9220810,4307276,0,0,0,0,0,
600036.SH,600036,20251209,134251000,431300,0,0,58090,0,,,35294476,1521094293,433000,428300,431800,431800,431400,431500,431600,431700,431800,431900,432000,432100,432200,432300,200,12300,10700,9900,3700,9400,13700,2600,10000,7200,431300,431200,431100,431000,430900,430800,430700,430600,430500,430400,9300,6000,5600,18300,16300,55000,4700,9500,65400,2400,439210,426120,9222810,4308276,0,0,0,0,0,
600036.SH,600036,20251209,134254000,431300,400,17252,58092,0,,,35294876,1521111545,433000,428300,431800,431800,431400,431500,431600,431700,431800,431900,432000,432100,432200,432300,1500,13200,10800,9000,2800,9400,13700,2600,10000,7200,431300,431200,431100,431000,430900,430800,430700,430600,430500,430400,8900,8000,5600,18300,16300,55000,4700,9500,65400,2400,439210,426130,9222010,4307876,0,0,0,0,0,
600036.SH,600036,20251209,134257000,431300,2700,116452,58096,0,,,35297576,1521227997,433000,428300,431800,431800,431400,431500,431600,431700,431800,431900,432000,432100,432200,432300,1800,3200,10700,8900,2800,9400,13700,2600,10000,7200,431300,431200,431100,431000,430900,430800,430700,430600,430500,430400,6300,8000,5600,18700,16300,55000,4700,9500,65400,2400,439220,426120,9212310,4305876,0,0,0,0,0,
600036.SH,600036,20251209,134300000,431500,90700,3913684,58184,0,,,35388276,1525141681,433000,428300,431800,431800,431500,431600,431700,431800,431900,432000,432100,432200,432300,432400,15600,10300,2000,3300,9800,13700,3200,10000,7200,34000,431300,431200,431100,431000,430900,430800,430700,430600,430500,430400,18700,7900,5600,18700,16300,55000,4700,9500,65400,2400,439210,426140,9217210,4316276,0,0,0,0,0,
600036.SH,600036,20251209,134303000,431500,5100,220013,58202,0,,,35393376,1525361694,433000,428300,431800,431800,431500,431600,431700,431800,431900,432000,432100,432200,432300,432400,7200,10300,2000,3000,9800,13700,3200,10000,6500,34300,431300,431200,431100,431000,430900,430800,430700,430600,430500,430400,18500,8400,5100,18700,16300,55000,5100,9500,65400,2400,439220,426140,9207810,4316276,0,0,0,0,0,
600036.SH,600036,20251209,134306000,431500,1100,47465,58207,0,,,35394476,1525409159,433000,428300,431800,431800,431500,431600,431700,431800,431900,432000,432100,432200,432300,432400,6400,10300,2000,3000,9800,11700,3700,10000,6500,34300,431400,431300,431200,431100,431000,430900,430800,430700,430600,430500,1100,21800,8400,5600,18200,16500,55000,4700,9500,65400,439220,426140,9205510,4320776,0,0,0,0,0,
600036.SH,600036,20251209,134309000,431400,1700,73341,58215,0,,,35396176,1525482500,433000,428300,431800,431800,431500,431600,431700,431800,431900,432000,432100,432200,432300,432400,6400,11500,2000,3500,9800,11700,3100,10000,6500,34300,431300,431200,431100,431000,430900,430800,430700,430600,430500,430400,23400,7500,5600,18200,16500,55000,4700,9500,65400,2400,439220,426140,9206610,4320376,0,0,0,0,0,
600036.SH,600036,20251209,134312000,431500,2200,94927,58219,0,,,35398376,1525577427,433000,428300,431800,431800,431500,431600,431700,431800,431900,432000,432100,432200,432300,432400,8900,11500,2000,3500,10100,11700,3100,9700,6500,34300,431300,431200,431100,431000,430900,430800,430700,430600,430500,430400,22800,7500,5100,18200,16500,55000,6800,9500,65400,2400,439220,426140,9210110,4317676,0,0,0,0,0,
600036.SH,600036,20251209,134315000,431300,7600,327838,58228,0,,,35405976,1525905265,433000,428300,431800,431800,431500,431600,431700,431800,431900,432000,432100,432200,432300,432400,10800,11500,2000,3500,10100,11700,3100,9700,6500,34000,431300,431200,431100,431000,430900,430800,430700,430600,430500,430400,20500,7500,5100,18300,16500,55000,6800,9500,65400,2400,439220,426140,9204610,4315476,0,0,0,0,0,
600036.SH,600036,20251209,134318000,431400,6400,276155,58238,0,,,35412376,1526181420,433000,428300,431800,431800,431500,431600,431700,431800,431900,432000,432100,432200,432300,432400,6100,11500,2000,3500,10100,11700,3100,9700,6500,34000,431300,431200,431100,431000,430900,430800,430700,430600,430500,430400,21400,7500,5100,18300,16500,55000,6800,9500,64900,2400,439220,426140,9199910,4315476,0,0,0,0,0,
600036.SH,600036,20251209,134321000,431400,0,0,58238,0,,,35412376,1526181420,433000,428300,431800,431800,431400,431500,431600,431700,431800,431900,432000,432100,432200,432300,800,6100,11500,2000,3500,10100,12000,3100,9700,6500,431300,431200,431100,431000,430900,430800,430700,430600,430500,430400,7900,7500,5100,18800,16500,55000,6200,9500,64900,2400,439220,426120,9200710,4301876,0,0,0,0,0,
600036.SH,600036,20251209,134324000,431500,1400,60402,58241,0,,,35413776,1526241822,433000,428300,431800,431800,431400,431500,431600,431700,431800,431900,432000,432100,432200,432300,300,6900,11500,2000,3500,10100,12000,3100,9700,6500,431300,431200,431100,431000,430900,430800,430700,430600,430500,430400,7900,7500,5100,18800,16500,55000,6200,9500,64900,2400,439220,426120,9200710,4301876,0,0,0,0,0,
600036.SH,600036,20251209,134327000,431300,1900,81974,58248,0,,,35415676,1526323796,433000,428300,431800,431800,431400,431500,431600,431700,431800,431900,432000,432100,432200,432300,2000,5800,11200,2400,4000,9700,12000,3100,9700,7500,431300,431200,431100,431000,430900,430800,430700,430600,430500,430400,7900,7500,5100,18800,16500,55000,6200,9500,64900,2400,439220,426120,9202610,4301976,0,0,0,0,0,
600036.SH,600036,20251209,134330000,431400,14300,616892,58281,0,,,35429976,1526940688,433000,428300,431800,431800,431400,431500,431600,431700,431800,431900,432000,432100,432200,432300,1400,5900,11200,2800,4000,9700,12000,3100,9700,7500,431300,431200,431100,431000,430900,430800,430700,430600,430500,430400,8100,7600,5100,18800,17500,55000,6200,9500,64900,2400,439220,426120,9205510,4303276,0,0,0,0,0,
600036.SH,600036,20251209,134333000,431300,400,17254,58284,0,,,35430376,1526957942,433000,428300,431800,431800,431400,431500,431600,431700,431800,431900,432000,432100,432200,432300,1500,6200,11200,2500,4000,9700,11000,3100,9700,7500,431300,431200,431100,431000,430900,430800,430700,430600,430500,430400,12400,7600,5100,18800,17500,55000,6200,9500,64900,2400,439220,426130,9203310,4307576,0,0,0,0,0,
600036.SH,600036,20251209,134336000,431300,10400,448599,58300,0,,,35440776,1527406541,433000,428300,431800,431800,431400,431500,431600,431700,431800,431900,432000,432100,432200,432300,4000,4600,2900,2100,4000,9700,11000,3100,10100,7500,431300,431200,431100,431000,430900,430800,430700,430600,430500,430400,5200,7600,5100,18900,17500,55000,6200,9500,64900,2500,439230,426120,9197010,4300576,0,0,0,0,0,
600036.SH,600036,20251209,134339000,431300,2300,99199,58306,0,,,35443076,1527505740,433000,428300,431800,431800,431400,431500,431600,431700,431800,431900,432000,432100,432200,432300,4100,4600,2900,2100,4000,10900,11000,3100,10100,7300,431300,431200,431100,431000,430900,430800,430700,430600,430500,430400,5500,7600,8200,18900,17500,55000,6200,9500,64900,2500,439230,426120,9198110,4303476,0,0,0,0,0,
600036.SH,600036,20251209,134342000,431300,900,38821,58309,0,,,35443976,1527544561,433000,428300,431800,431800,431400,431500,431600,431700,431800,431900,432000,432100,432200,432300,4900,3400,2900,2500,4000,10900,11000,3100,9700,7300,431300,431200,431100,431000,430900,430800,430700,430600,430500,430400,6600,7600,8200,18900,17500,55000,6200,9500,64900,2500,439220,426130,9198810,4304776,0,0,0,0,0,
600036.SH,600036,20251209,134345000,431400,2600,112164,58311,0,,,35446576,1527656725,433000,428300,431800,431800,431400,431500,431600,431700,431800,431900,432000,432100,432200,432300,2500,3400,2900,2500,4000,9100,11000,3100,9700,7300,431300,431200,431100,431000,430900,430800,430700,430600,430500,430400,4900,8400,8200,19100,17500,55000,6200,9500,64900,2500,439230,426130,9194710,4303676,0,0,0,0,0,
600036.SH,600036,20251209,134348000,431400,7400,319173,58326,0,,,35453976,1527975898,433000,428300,431800,431800,431400,431500,431600,431700,431800,431900,432000,432100,432200,432300,8900,3400,2900,2500,4000,9000,11000,3100,9700,7300,431300,431200,431100,431000,430900,430800,430700,430600,430500,430400,300,8400,8200,19100,17500,55000,6200,9500,64900,2500,439220,426120,9201010,4299176,0,0,0,0,0,
600036.SH,600036,20251209,134351000,431300,1800,77636,58334,0,,,35455776,1528053534,433000,428300,431800,431800,431300,431400,431500,431600,431700,431800,431900,432000,432100,432200,100,10400,3100,1200,2500,4000,9000,11000,3100,10000,431200,431100,431000,430900,430800,430700,430600,430500,430400,430300,8400,18200,20100,17000,55000,6200,9500,64900,2500,9900,439220,426130,9200810,4309876,0,0,0,0,0,
600036.SH,600036,20251209,134354000,431200,900,38810,58337,0,,,35456676,1528092344,433000,428300,431800,431800,431400,431500,431600,431700,431800,431900,432000,432100,432200,432300,9300,5400,1200,1900,3500,9000,11000,3100,10000,7300,431200,431100,431000,430900,430800,430700,430600,430500,430400,430300,7700,18200,19200,17000,55000,6200,9900,65400,2500,9900,439220,426130,9200810,4309176,0,0,0,0,0,
600036.SH,600036,20251209,134357000,431200,4600,198439,58344,0,,,35461276,1528290783,433000,428300,431800,431800,431300,431400,431500,431600,431700,431800,431900,432000,432100,432200,300,5200,4700,700,1900,3200,9000,11500,3100,10000,431200,431100,431000,430900,430800,430700,430600,430500,430400,430300,11900,18200,19200,17000,55000,6200,9900,65400,2500,9900,439230,426140,9196010,4313376,0,0,0,0,0,
600036.SH,600036,20251209,134400000,431300,1300,56058,58350,0,,,35462576,1528346841,433000,428300,431800,431800,431300,431400,431500,431600,431700,431800,431900,432000,432100,432200,600,5200,4700,700,1900,3200,9000,11500,3100,10000,431200,431100,431000,430900,430800,430700,430600,430500,430400,430300,9100,18200,19200,17800,55000,6200,9500,64900,2500,9900,439220,426140,9197910,4320476,0,0,0,0,0,
600036.SH,600036,20251209,134403000,431400,2100,90586,58358,0,,,35464676,1528437427,433000,428300,431800,431800,431400,431500,431600,431700,431800,431900,432000,432100,432200,432300,3800,4700,700,1900,3200,9000,11500,3100,10000,7300,431300,431200,431100,431000,430900,430800,430700,430600,430500,430400,5100,9700,18200,19200,17900,55000,6200,9500,64900,2500,439230,426150,9195910,4326376,0,0,0,0,0,
600036.SH,600036,20251209,134406000,431300,600,25878,58360,0,,,35465276,1528463305,433000,428300,431800,431800,431400,431500,431600,431700,431800,431900,432000,432100,432200,432300,3800,6500,1500,2500,2500,9000,11000,3100,10000,7300,431300,431200,431100,431000,430900,430800,430700,430600,430500,430400,6300,8800,22500,19200,17900,55000,6200,9500,64900,2200,439220,426150,9197810,4330676,0,0,0,0,0,
600036.SH,600036,20251209,134409000,431300,7000,301914,58372,0,,,35472276,1528765219,433000,428300,431800,431800,431400,431500,431600,431700,431800,431900,432000,432100,432200,432300,9900,5400,1500,2500,2500,9000,10500,2800,10000,7000,431300,431200,431100,431000,430900,430800,430700,430600,430500,430400,2300,8800,22500,19100,17900,55000,6200,9500,64900,2200,439220,426150,9202610,4326576,0,0,0,0,0,
600036.SH,600036,20251209,134412000,431300,2600,112138,58377,0,,,35474876,1528877357,433000,428300,431800,431800,431400,431500,431600,431700,431800,431900,432000,432100,432200,432300,10900,5000,1500,2500,2400,9000,10500,2800,10000,7000,431300,431200,431100,431000,430900,430800,430700,430600,430500,430400,1300,8800,22500,19200,17900,55000,6200,9500,65400,2200,439220,426150,9202610,4326976,0,0,0,0,0,
600036.SH,600036,20251209,134415000,431300,3500,150981,58381,0,,,35478376,1529028338,433000,428300,431800,431800,431400,431500,431600,431700,431800,431900,432000,432100,432200,432300,8400,5000,1500,2500,2400,9000,10500,2800,10000,7000,431300,431200,431100,431000,430900,430800,430700,430600,430500,430400,1400,8800,22500,19200,17900,55000,6200,9500,65400,2200,439220,426150,9199610,4327076,0,0,0,0,0,
600036.SH,600036,20251209,134418000,431300,0,0,58381,0,,,35478376,1529028338,433000,428300,431800,431800,431400,431500,431600,431700,431800,431900,432000,432100,432200,432300,9200,5000,1500,2500,2400,9000,10500,2800,10000,7000,431300,431200,431100,431000,430900,430800,430700,430600,430500,430400,2300,8800,22300,19600,17900,55000,6200,9500,64900,2200,439220,426150,9201210,4327676,0,0,0,0,0,
600036.SH,600036,20251209,134421000,431300,0,0,58381,0,,,35478376,1529028338,433000,428300,431800,431800,431400,431500,431600,431700,431800,431900,432000,432100,432200,432300,10300,5000,1500,2500,2400,9000,10500,2800,10000,7000,431300,431200,431100,431000,430900,430800,430700,430600,430500,430400,2600,8800,22200,19600,17900,55000,6200,9600,64900,2200,439220,426150,9200310,4329176,0,0,0,0,0,
600036.SH,600036,20251209,134424000,431400,4300,185464,58396,0,,,35482676,1529213802,433000,428300,431800,431800,431400,431500,431600,431700,431800,431900,432000,432100,432200,432300,10300,5000,1500,2800,2400,8700,10500,2800,10000,7000,431200,431100,431000,430900,430800,430700,430600,430500,430400,430300,9100,23200,19700,17900,55000,9200,9600,64900,2200,9800,439220,426150,9200310,4330976,0,0,0,0,0,
600036.SH,600036,20251209,134427000,431200,200,8625,58398,0,,,35482876,1529222427,433000,428300,431800,431800,431300,431400,431500,431600,431700,431800,431900,432000,432100,432200,1300,11000,4900,1600,2800,2400,8700,10500,2800,10000,431200,431100,431000,430900,430800,430700,430600,430500,430400,430300,10100,23200,19700,17900,55000,9200,9600,64900,2200,9800,439220,426150,9205610,4331876,0,0,0,0,0,
600036.SH,600036,20251209,134430000,431300,3900,168231,58409,0,,,35486776,1529390658,433000,428300,431800,431800,431400,431500,431600,431700,431800,431900,432000,432100,432200,432300,8400,4900,1600,2800,2400,8700,10600,2800,10000,7000,431300,431200,431100,431000,430900,430800,430700,430600,430500,430400,100,10100,23200,19700,17900,55000,9200,9600,64900,2200,439220,426150,9202310,4332476,0,0,0,0,0,
600036.SH,600036,20251209,134433000,431300,7000,301967,58430,0,,,35493776,1529692625,433000,428300,431800,431800,431400,431500,431600,431700,431800,431900,432000,432100,432200,432300,4200,4900,1600,2800,2400,8700,10600,2800,10000,7000,431200,431100,431000,430900,430800,430700,430600,430500,430400,430300,10100,23500,19700,17900,55000,9200,9600,64900,2200,9800,439220,426150,9198110,4332676,0,0,0,0,0,
600036.SH,600036,20251209,134436000,431300,3900,168234,58444,0,,,35497676,1529860859,433000,428300,431800,431800,431500,431600,431700,431800,431900,432000,432100,432200,432300,432400,5900,1600,2400,2400,8700,10600,2800,10400,7000,36600,431300,431200,431100,431000,430900,430800,430700,430600,430500,430400,300,15100,23500,19700,19800,55000,9200,9600,64900,2300,439230,426160,9194610,4340076,0,0,0,0,0,
600036.SH,600036,20251209,134439000,431400,400,17255,58447,0,,,35498076,1529878114,433000,428300,431800,431800,431500,431600,431700,431800,431900,432000,432100,432200,432300,432400,6000,900,1400,2400,8700,11300,3300,10900,7000,36600,431400,431300,431200,431100,431000,430900,430800,430700,430600,430500,100,1700,15300,23500,29700,19800,55000,9200,9600,64900,439230,426180,9204710,4351776,0,0,0,0,0,
600036.SH,600036,20251209,134442000,431300,1800,77636,58454,0,,,35499876,1529955750,433000,428300,431800,431800,431400,431500,431600,431700,431800,431900,432000,432100,432200,432300,100,12700,900,1400,2400,8700,11300,3300,10900,7000,431300,431200,431100,431000,430900,430800,430700,430600,430500,430400,100,15300,33500,29800,19900,55000,9200,9600,64900,2200,439220,426190,9211610,4359576,0,0,0,0,0,
600036.SH,600036,20251209,134445000,431500,900,38834,58456,0,,,35500776,1529994584,433000,428300,431800,431800,431500,431600,431700,431800,431900,432000,432100,432200,432300,432400,11900,1600,2300,2800,8700,10600,2800,10000,7000,36600,431400,431300,431200,431100,431000,430900,430800,430700,430600,430500,100,1600,16800,33500,29800,19900,55000,9200,9600,64900,439220,426190,9210610,4362876,0,0,0,0,0,
600036.SH,600036,20251209,134448000,431400,400,17256,58460,0,,,35501176,1530011840,433000,428300,431800,431800,431500,431600,431700,431800,431900,432000,432100,432200,432300,432400,12000,1700,2000,2800,8700,10600,2800,10300,7000,36600,431400,431300,431200,431100,431000,430900,430800,430700,430600,430500,300,2100,16800,33500,29800,19900,55000,9200,9600,74900,439230,426200,9209310,4376576,0,0,0,0,0,
600036.SH,600036,20251209,134451000,431400,1000,43140,58466,0,,,35502176,1530054980,433000,428300,431800,431800,431400,431500,431600,431700,431800,431900,432000,432100,432200,432300,100,11900,1700,22400,2800,8700,10500,3300,10300,7000,431300,431200,431100,431000,430900,430800,430700,430600,430500,430400,4500,17700,34500,29000,19100,55000,9200,9600,74900,2200,439210,426210,9232410,4378976,0,0,0,0,0,
600036.SH,600036,20251209,134454000,431500,2400,103555,58474,0,,,35504576,1530158535,433000,428300,431800,431800,431500,431600,431700,431800,431900,432000,432100,432200,432300,432400,13000,1700,22700,2800,8700,10200,3300,10300,7000,36600,431300,431200,431100,431000,430900,430800,430700,430600,430500,430400,4400,17700,34500,29500,19100,55000,9200,9600,74900,2200,439200,426220,9234210,4389876,0,0,0,0,0,
600036.SH,600036,20251209,134457000,431400,5300,228645,58483,0,,,35509876,1530387180,433000,428300,431800,431800,431500,431600,431700,431800,431900,432000,432100,432200,432300,432400,11600,1700,22800,2800,8700,10200,3300,10300,7000,36600,431300,431200,431100,431000,430900,430800,430700,430600,430500,430400,5800,17700,34500,29500,19100,55000,9200,9600,74900,2200,439200,426220,9236610,4391476,0,0,0,0,0,
600036.SH,600036,20251209,134500000,431500,500,21573,58485,0,,,35510376,1530408753,433000,428300,431800,431800,431500,431600,431700,431800,431900,432000,432100,432200,432300,432400,11300,1700,23300,2800,8700,10200,2800,10300,7000,36600,431300,431200,431100,431000,430900,430800,430700,430600,430500,430400,7000,17700,34500,29500,19100,55000,9200,9600,74900,2200,439200,426220,9236310,4392676,0,0,0,0,0,
600036.SH,600036,20251209,134503000,431400,1300,56083,58492,0,,,35511676,1530464836,433000,428300,431800,431800,431400,431500,431600,431700,431800,431900,432000,432100,432200,432300,4200,25500,1700,23300,2800,8700,10200,2800,10300,7000,431300,431200,431100,431000,430900,430800,430700,430600,430500,430400,7700,17600,34500,29500,19100,55000,9200,9600,74900,2200,439190,426220,9254810,4393276,0,0,0,0,0,
600036.SH,600036,20251209,134506000,431400,1700,73338,58497,0,,,35513376,1530538174,433000,428300,431800,431800,431400,431500,431600,431700,431800,431900,432000,432100,432200,432300,19800,11200,1800,23200,2800,8700,10200,2800,10300,7000,431300,431200,431100,431000,430900,430800,430700,430600,430500,430400,7800,17800,34500,29500,19100,55000,9200,9600,74900,2200,439190,426220,9256110,4393576,0,0,0,0,0,
600036.SH,600036,20251209,134509000,431400,1200,51767,58500,0,,,35514576,1530589941,433000,428300,431800,431800,431400,431500,431600,431700,431800,431900,432000,432100,432200,432300,18800,11500,1800,23200,2800,8700,10200,2800,10300,7000,431300,431200,431100,431000,430900,430800,430700,430600,430500,430400,8500,17800,34500,29500,19100,55000,9200,9600,74900,2200,439190,426220,9256410,4393976,0,0,0,0,0,
600036.SH,600036,20251209,134512000,431400,100,4314,58501,0,,,35514676,1530594255,433000,428300,431800,431800,431400,431500,431600,431700,431800,431900,432000,432100,432200,432300,18700,11500,1800,23200,2800,8700,10200,2800,10300,7000,431300,431200,431100,431000,430900,430800,430700,430600,430500,430400,8500,17700,34500,29500,19100,55000,9200,9600,74900,2200,439190,426220,9256010,4394376,0,0,0,0,0,
600036.SH,600036,20251209,134515000,431400,5900,254518,58506,0,,,35520576,1530848773,433000,428300,431800,431800,431400,431500,431600,431700,431800,431900,432000,432100,432200,432300,13600,11500,1800,23200,2800,8700,10200,2800,10300,7000,431300,431200,431100,431000,430900,430800,430700,430600,430500,430400,7700,17700,34500,29500,19100,55000,9200,9600,74900,2200,439190,426220,9250910,4393576,0,0,0,0,0,
600036.SH,600036,20251209,134518000,431300,6400,276064,58517,0,,,35526976,1531124837,433000,428300,431800,431800,431400,431500,431600,431700,431800,431900,432000,432100,432200,432300,12100,10600,1800,23000,2800,8700,11000,2800,10300,7000,431300,431200,431100,431000,430900,430800,430700,430600,430500,430400,9800,18000,34500,29500,17100,55000,9200,9600,74900,2200,439190,426220,9248710,4393976,0,0,0,0,0,
600036.SH,600036,20251209,134521000,431400,2200,94908,58521,0,,,35529176,1531219745,433000,428300,431800,431800,431400,431500,431600,431700,431800,431900,432000,432100,432200,432300,10300,10600,2000,23000,2800,8700,11000,2800,10300,7000,431300,431200,431100,431000,430900,430800,430700,430600,430500,430400,9800,18000,34500,29500,17100,55000,9200,9600,74900,2200,439190,426220,9247310,4394076,0,0,0,0,0,
600036.SH,600036,20251209,134524000,431400,0,0,58521,0,,,35529176,1531219745,433000,428300,431800,431800,431400,431500,431600,431700,431800,431900,432000,432100,432200,432300,10400,10600,2000,23000,2800,8700,11000,2800,10300,7000,431300,431200,431100,431000,430900,430800,430700,430600,430500,430400,10100,18000,34500,29500,17100,55000,9200,9600,74900,2200,439190,426220,9247610,4394376,0,0,0,0,0,
600036.SH,600036,20251209,134527000,431300,700,30196,58525,0,,,35529876,1531249941,433000,428300,431800,431800,431400,431500,431600,431700,431800,431900,432000,432100,432200,432300,10100,10600,2000,23000,2800,8700,11000,2800,10300,7000,431300,431200,431100,431000,430900,430800,430700,430600,430500,430400,9900,18000,34500,29500,17100,55000,9200,9600,74900,2200,439190,426220,9248110,4394176,0,0,0,0,0,
600036.SH,600036,20251209,134530000,431300,200,8626,58527,0,,,35530076,1531258567,433000,428300,431800,431800,431400,431500,431600,431700,431800,431900,432000,432100,432200,432300,10100,11600,2000,23000,2800,8700,11000,2800,10300,7000,431300,431200,431100,431000,430900,430800,430700,430600,430500,430400,11700,18000,34500,28500,17100,55000,9200,9600,74900,2200,439190,426220,9247910,4395476,0,0,0,0,0,
600036.SH,600036,20251209,134533000,431400,1200,51765,58530,0,,,35531276,1531310332,433000,428300,431800,431800,431400,431500,431600,431700,431800,431900,432000,432100,432200,432300,9500,11600,2000,23000,2800,8700,10800,2800,10300,7000,431300,431200,431100,431000,430900,430800,430700,430600,430500,430400,12000,18000,34500,28500,17100,55000,9200,9600,74900,2200,439190,426220,9244310,4397276,0,0,0,0,0,
600036.SH,600036,20251209,134536000,431300,4000,172540,58536,0,,,35535276,1531482872,433000,428300,431800,431800,431400,431500,431600,431700,431800,431900,432000,432100,432200,432300,8600,10600,2000,23300,2800,8700,10700,2800,10300,7000,431300,431200,431100,431000,430900,430800,430700,430600,430500,430400,11000,18000,34500,28500,17100,55000,9200,9600,74900,2200,439200,426220,9242710,4396076,0,0,0,0,0,
600036.SH,600036,20251209,134539000,431300,600,25878,58540,0,,,35535876,1531508750,433000,428300,431800,431800,431400,431500,431600,431700,431800,431900,432000,432100,432200,432300,8200,10600,2000,23300,2800,8700,10600,2800,10300,7000,431300,431200,431100,431000,430900,430800,430700,430600,430500,430400,12700,18000,34500,28900,17100,55000,9200,9600,74900,1900,439200,426220,9241710,4398376,0,0,0,0,0,
600036.SH,600036,20251209,134542000,431400,16000,690119,58564,0,,,35551876,1532198869,433000,428300,431800,431800,431400,431500,431600,431700,431800,431900,432000,432100,432200,432300,4200,10600,2000,23300,2800,8700,10600,2800,10300,7000,431300,431200,431100,431000,430900,430800,430700,430600,430500,430400,3600,18100,34500,28900,17100,55000,9200,9600,74900,1900,439200,426210,9237710,4388876,0,0,0,0,0,
600036.SH,600036,20251209,134545000,431400,2500,107850,58575,0,,,35554376,1532306719,433000,428300,431800,431800,431400,431500,431600,431700,431800,431900,432000,432100,432200,432300,1700,10600,1900,23400,2800,7000,10600,2800,10300,7000,431300,431200,431100,431000,430900,430800,430700,430600,430500,430400,3600,18100,34500,28900,17100,55000,9200,9600,74900,1900,439200,426210,9233710,4388876,0,0,0,0,0,
600036.SH,600036,20251209,134548000,431300,100,4313,58576,0,,,35554476,1532311032,433000,428300,431800,431800,431400,431500,431600,431700,431800,431900,432000,432100,432200,432300,1900,10900,1800,23400,2800,7000,10600,2800,10300,7000,431300,431200,431100,431000,430900,430800,430700,430600,430500,430400,3500,18100,34500,28900,17100,55400,9200,9600,74900,1900,439200,426210,9234310,4389276,0,0,0,0,0,
600036.SH,600036,20251209,134551000,431400,700,30198,58583,0,,,35555176,1532341230,433000,428300,431800,431800,431400,431500,431600,431700,431800,431900,432000,432100,432200,432300,1200,12200,1100,23300,2800,7000,10600,2800,10300,7000,431300,431200,431100,431000,430900,430800,430700,430600,430500,430400,3600,18100,34700,28900,17100,55400,9200,9600,74900,1900,439200,426210,9232810,4389676,0,0,0,0,0,
600036.SH,600036,20251209,134554000,431400,4300,185531,58593,0,,,35559476,1532526761,433000,428300,431800,431800,431500,431600,431700,431800,431900,432000,432100,432200,432300,432400,9300,1100,23300,2800,7000,10600,2800,10300,7000,36600,431400,431300,431200,431100,431000,430900,430800,430700,430600,430500,100,5800,18200,34700,28900,17100,55400,9200,9600,74900,439210,426220,9228710,4392076,0,0,0,0,0,
600036.SH,600036,20251209,134557000,431400,700,30204,58595,0,,,35560176,1532556965,433000,428300,431800,431800,431500,431600,431700,431800,431900,432000,432100,432200,432300,432400,8700,1100,23000,3500,7000,10600,2800,10300,7000,36600,431400,431300,431200,431100,431000,430900,430800,430700,430600,430500,1600,6500,17800,34800,28900,17000,55400,9200,9600,74900,439210,426220,9229710,4393876,0,0,0,0,0,
600036.SH,600036,20251209,134600000,431400,1000,43148,58597,0,,,35561176,1532600113,433000,428300,431800,431800,431500,431600,431700,431800,431900,432000,432100,432200,432300,432400,7900,1200,23000,3500,7000,10600,2800,10300,7000,36600,431400,431300,431200,431100,431000,430900,430800,430700,430600,430500,7400,6700,17800,34800,28900,17000,55400,9200,9600,74900,439210,426230,9229210,4399676,0,0,0,0,0,
600036.SH,600036,20251209,134603000,431500,1500,64725,58600,0,,,35562676,1532664838,433000,428300,431800,431800,431500,431600,431700,431800,431900,432000,432100,432200,432300,432400,6400,1200,23000,3500,7000,10600,2800,10300,7000,36600,431400,431300,431200,431100,431000,430900,430800,430700,430600,430500,8800,6700,18000,34900,28900,17000,55400,9200,9600,74900,439210,426240,9227610,4411376,0,0,0,0,0,
600036.SH,600036,20251209,134606000,431500,2400,103560,58611,0,,,35565076,1532768398,433000,428300,431800,431800,431500,431600,431700,431800,431900,432000,432100,432200,432300,432400,4200,1200,23000,3500,7000,10600,2800,10300,7000,36600,431400,431300,431200,431100,431000,430900,430800,430700,430600,430500,9300,6100,17900,34900,28900,17000,55400,9200,9600,74900,439210,426240,9225410,4411176,0,0,0,0,0,
600036.SH,600036,20251209,134609000,431500,2000,86296,58618,0,,,35567076,1532854694,433000,428300,431800,431800,431500,431600,431700,431800,431900,432000,432100,432200,432300,432400,2800,1200,23300,3500,7400,10600,2800,10000,7000,36600,431400,431300,431200,431100,431000,430900,430800,430700,430600,430500,11900,6100,17900,34900,28900,17000,55400,9200,9600,74900,439210,426240,9224410,4413776,0,0,0,0,0,
600036.SH,600036,20251209,134612000,431500,4900,211417,58643,0,,,35571976,1533066111,433000,428300,431800,431800,431600,431700,431800,431900,432000,432100,432200,432300,432400,432500,5000,23300,3500,7700,10600,2800,9700,7000,36600,43400,431500,431400,431300,431200,431100,431000,430900,430800,430700,430600,6100,12400,6100,17900,34900,28900,17000,55400,9200,9600,439210,426250,9225410,4420076,0,0,0,0,0,
600036.SH,600036,20251209,134615000,431500,14200,612742,58669,0,,,35586176,1533678853,433000,428300,431800,431800,431600,431700,431800,431900,432000,432100,432200,432300,432400,432500,8000,24900,53500,7700,10600,2800,9700,7000,36600,43400,431500,431400,431300,431200,431100,431000,430900,430800,430700,430600,300,10300,6300,17900,34900,28900,17000,55400,9200,9600,439170,426240,9281610,4412376,0,0,0,0,0,
600036.SH,600036,20251209,134618000,431400,10900,470230,58696,0,,,35597076,1534149083,433000,428300,431800,431800,431400,431500,431600,431700,431800,431900,432000,432100,432200,432300,2800,10500,10600,23100,53600,7700,10600,2800,9700,7000,431300,431200,431100,431000,430900,430800,430700,430600,430500,430400,6300,17900,34900,28900,17000,55400,9200,9600,74900,1900,439150,426230,9295710,4401776,0,0,0,0,0,
600036.SH,600036,20251209,134621000,431300,600,25883,58698,0,,,35597676,1534174966,433000,428300,431800,431800,431400,431500,431600,431700,431800,431900,432000,432100,432200,432300,8100,11000,5100,23000,53600,7700,10600,2800,9700,7000,431300,431200,431100,431000,430900,430800,430700,430600,430500,430400,6700,17900,34900,28900,17000,55400,9200,9600,74900,1900,439150,426230,9295910,4402176,0,0,0,0,0,
600036.SH,600036,20251209,134624000,431400,500,21570,58699,0,,,35598176,1534196536,433000,428300,431800,431800,431400,431500,431600,431700,431800,431900,432000,432100,432200,432300,7800,11000,5100,23400,53600,7300,10700,2800,9700,7000,431300,431200,431100,431000,430900,430800,430700,430600,430500,430400,6700,17900,34900,28900,17000,55400,9200,9600,74900,1900,439150,426230,9295410,4402276,0,0,0,0,0,
600036.SH,600036,20251209,134627000,431400,400,17255,58702,0,,,35598576,1534213791,433000,428300,431800,431800,431400,431500,431600,431700,431800,431900,432000,432100,432200,432300,8000,11300,5100,22900,53600,7300,10800,2800,9700,7000,431300,431200,431100,431000,430900,430800,430700,430600,430500,430400,6400,17900,34900,28900,17000,55400,9200,9600,74900,1900,439150,426230,9294510,4402476,0,0,0,0,0,
600036.SH,600036,20251209,134630000,431300,1800,77639,58709,0,,,35600376,1534291430,433000,428300,431800,431800,431400,431500,431600,431700,431800,431900,432000,432100,432200,432300,7600,10100,5100,22900,53600,7300,10800,2800,9700,7000,431300,431200,431100,431000,430900,430800,430700,430600,430500,430400,5700,17900,34900,28900,17000,55400,9200,9600,74900,1900,439160,426230,9292910,4401776,0,0,0,0,0,
600036.SH,600036,20251209,134633000,431500,10400,448679,58737,0,,,35610776,1534740109,433000,428300,431800,431800,431500,431600,431700,431800,431900,432000,432100,432200,432300,432400,7800,5100,22900,53600,7300,10800,2800,9700,7000,36600,431300,431200,431100,431000,430900,430800,430700,430600,430500,430400,7100,17900,34900,28900,17000,55400,9200,9600,74900,1900,439170,426230,9278010,4403176,0,0,0,0,0,
600036.SH,600036,20251209,134636000,431500,2600,112170,58753,0,,,35613376,1534852279,433000,428300,431800,431800,431400,431500,431600,431700,431800,431900,432000,432100,432200,432300,1100,24700,5100,22500,54600,7300,10800,3200,9700,7000,431300,431200,431100,431000,430900,430800,430700,430600,430500,430400,7200,17400,33900,28900,17400,55400,9600,10000,74900,1900,439150,426230,9296910,4402976,0,0,0,0,0,
600036.SH,600036,20251209,134639000,431300,1800,77646,58760,0,,,35615176,1534929925,433000,428300,431800,431800,431400,431500,431600,431700,431800,431900,432000,432100,432200,432300,100,32500,5100,22500,54600,7300,10800,2800,9700,7000,431300,431200,431100,431000,430900,430800,430700,430600,430500,430400,8900,17400,33900,28900,17400,55400,9600,10000,74900,1900,439150,426230,9303310,4403676,0,0,0,0,0,
600036.SH,600036,20251209,134642000,431300,0,0,58760,0,,,35615176,1534929925,433000,428300,431800,431800,431400,431500,431600,431700,431800,431900,432000,432100,432200,432300,100,31300,7400,24400,54600,7300,10800,2800,9700,7000,431300,431200,431100,431000,430900,430800,430700,430600,430500,430400,9500,17400,34800,29800,17000,55400,9200,9500,74900,1900,439140,426230,9306310,4404776,0,0,0,0,0,
600036.SH,600036,20251209,134645000,431500,4400,189832,58772,0,,,35619576,1535119757,433000,428300,431800,431800,431500,431600,431700,431800,431900,432000,432100,432200,432300,432400,28400,7400,24400,55300,7300,10800,2800,9300,7000,36600,431300,431200,431100,431000,430900,430800,430700,430600,430500,430400,8300,17400,34700,29800,17000,55400,9300,9500,74900,1900,439150,426230,9300510,4404576,0,0,0,0,0,
600036.SH,600036,20251209,134648000,431500,400,17258,58775,0,,,35619976,1535137015,433000,428300,431800,431800,431400,431500,431600,431700,431800,431900,432000,432100,432200,432300,100,31800,5100,21300,55300,7300,10700,3500,9300,7000,431300,431200,431100,431000,430900,430800,430700,430600,430500,430400,8400,19400,34700,29800,17000,55400,9300,9500,74900,1900,439140,426230,9305710,4406876,0,0,0,0,0,
600036.SH,600036,20251209,134651000,431300,9000,388176,58796,0,,,35628976,1535525191,433000,428300,431800,431800,431300,431400,431500,431600,431700,431800,431900,432000,432100,432200,1600,1700,29800,7500,22700,55300,7300,10700,3500,9300,431200,431100,431000,430900,430800,430700,430600,430500,430400,430300,19400,34700,30000,17000,55400,9200,9500,74900,1900,13800,439140,426220,9299910,4398576,0,0,0,0,0,
600036.SH,600036,20251209,134654000,431400,2200,94892,58800,0,,,35631176,1535620083,433000,428300,431800,431800,431400,431500,431600,431700,431800,431900,432000,432100,432200,432300,1200,35900,9000,22700,54200,7300,10700,3100,9300,7000,431200,431100,431000,430900,430800,430700,430600,430500,430400,430300,20300,35000,30000,17000,55400,9200,12500,74900,1900,13800,439140,426230,9302910,4402576,0,0,0,0,0,
600036.SH,600036,20251209,134657000,431300,100,4313,58801,0,,,35631276,1535624396,433000,428300,431800,431800,431400,431500,431600,431700,431800,431900,432000,432100,432200,432300,4900,38700,8900,23200,54200,6900,10700,3100,9300,7000,431300,431200,431100,431000,430900,430800,430700,430600,430500,430400,1800,22000,35000,30000,19000,55400,9200,12500,74900,1900,439130,426230,9314210,4408176,0,0,0,0,0,
600036.SH,600036,20251209,134700000,431300,200,8626,58802,0,,,35631476,1535633022,433000,428300,431800,431800,431400,431500,431600,431700,431800,431900,432000,432100,432200,432300,5300,38700,8900,23200,55000,6900,10700,3100,9300,7000,431300,431200,431100,431000,430900,430800,430700,430600,430500,430400,3000,22000,35000,30000,19000,55400,9200,12400,74900,1900,439140,426240,9305410,4409276,0,0,0,0,0,
600036.SH,600036,20251209,134703000,431400,500,21570,58803,0,,,35631976,1535654592,433000,428300,431800,431800,431400,431500,431600,431700,431800,431900,432000,432100,432200,432300,5300,38400,8900,23200,55000,6900,10700,3400,9300,7000,431300,431200,431100,431000,430900,430800,430700,430600,430500,430400,4500,22600,35000,30000,19000,55400,9200,12400,74900,1900,439140,426240,9306410,4411376,0,0,0,0,0,
600036.SH,600036,20251209,134706000,431300,300,12939,58805,0,,,35632276,1535667531,433000,428300,431800,431800,431400,431500,431600,431700,431800,431900,432000,432100,432200,432300,5300,38400,8900,23200,55000,6900,10700,3400,9300,7000,431300,431200,431100,431000,430900,430800,430700,430600,430500,430400,4200,22900,35000,30000,19000,55400,9200,12400,74900,1900,439140,426240,9306410,4411876,0,0,0,0,0,
600036.SH,600036,20251209,134709000,431300,200,8626,58807,0,,,35632476,1535676157,433000,428300,431800,431800,431400,431500,431600,431700,431800,431900,432000,432100,432200,432300,5500,38800,8900,21800,55000,6900,10700,3400,9300,7000,431300,431200,431100,431000,430900,430800,430700,430600,430500,430400,4000,22900,35300,30000,19000,55400,9200,12400,74900,1900,439140,426240,9305610,4410276,0,0,0,0,0,
600036.SH,600036,20251209,134712000,431300,0,0,58807,0,,,35632476,1535676157,433000,428300,431800,431800,431400,431500,431600,431700,431800,431900,432000,432100,432200,432300,5500,38800,8900,21800,55000,6900,10700,3400,9300,7000,431300,431200,431100,431000,430900,430800,430700,430600,430500,430400,7200,22900,35300,30000,19000,55400,9200,12400,74900,1900,439140,426240,9302610,4413476,0,0,0,0,0,
600036.SH,600036,20251209,134715000,431400,6200,267463,58821,0,,,35638676,1535943620,433000,428300,431800,431800,431400,431500,431600,431700,431800,431900,432000,432100,432200,432300,200,39000,8900,23300,55000,6900,10700,3400,9300,7000,431300,431200,431100,431000,430900,430800,430700,430600,430500,430400,6700,22900,35300,30000,19000,55400,9200,12400,74900,1900,439140,426240,9299710,4407576,0,0,0,0,0,
600036.SH,600036,20251209,134718000,431400,3900,168250,58850,0,,,35642576,1536111870,433000,428300,431800,431800,431400,431500,431600,431700,431800,431900,432000,432100,432200,432300,1100,38700,8900,23300,55000,6900,10700,3400,9300,7000,431300,431200,431100,431000,430900,430800,430700,430600,430500,430400,5500,22300,35300,30200,19000,55400,9200,12400,74900,1900,439130,426240,9310310,4405976,0,0,0,0,0,
600036.SH,600036,20251209,134721000,431500,1700,73344,58862,0,,,35644276,1536185214,433000,428300,431800,431800,431500,431600,431700,431800,431900,432000,432100,432200,432300,432400,38100,8900,22800,55000,6900,10700,3400,9900,7000,37900,431300,431200,431100,431000,430900,430800,430700,430600,430500,430400,5500,22300,35300,30200,19000,55400,9200,12400,74900,1900,439130,426240,9308710,4406376,0,0,0,0,0,
600036.SH,600036,20251209,134724000,431500,2300,99244,58871,0,,,35646576,1536284458,433000,428300,431800,431800,431500,431600,431700,431800,431900,432000,432100,432200,432300,432400,35900,8000,22800,55300,6900,10700,3400,9900,7400,38400,431300,431200,431100,431000,430900,430800,430700,430600,430500,430400,6300,22300,34300,30200,19000,55400,9200,12800,74900,1900,439130,426240,9309810,4406476,0,0,0,0,0,
600036.SH,600036,20251209,134727000,431400,1300,56092,58875,0,,,35647876,1536340550,433000,428300,431800,431800,431500,431600,431700,431800,431900,432000,432100,432200,432300,432400,34900,7900,22800,55300,6900,11200,3400,9900,7400,38400,431300,431200,431100,431000,430900,430800,430700,430600,430500,430400,6700,23100,34300,27300,19000,55400,9200,12400,74900,1900,439130,426240,9309210,4404376,0,0,0,0,0,
600036.SH,600036,20251209,134730000,431300,2000,86260,58879,0,,,35649876,1536426810,433000,428300,431800,431800,431500,431600,431700,431800,431900,432000,432100,432200,432300,432400,34900,7900,22800,55300,6900,11200,3400,9900,7400,38400,431300,431200,431100,431000,430900,430800,430700,430600,430500,430400,7200,23100,34300,27300,19000,55400,9200,12600,74900,1900,439130,426240,9309510,4405076,0,0,0,0,0,
600036.SH,600036,20251209,134733000,431400,700,30199,58886,0,,,35650576,1536457009,433000,428300,431800,431800,431400,431500,431600,431700,431800,431900,432000,432100,432200,432300,200,34900,7900,22800,55300,6900,11200,3400,9900,7400,431300,431200,431100,431000,430900,430800,430700,430600,430500,430400,8100,23100,34300,27400,19000,55400,9200,12600,74900,1900,439130,426240,9309710,4405576,0,0,0,0,0,
600036.SH,600036,20251209,134736000,431500,1000,43147,58891,0,,,35651576,1536500156,433000,428300,431800,431800,431400,431500,431600,431700,431800,431900,432000,432100,432200,432300,100,34200,8500,23200,56200,6900,10700,3300,9900,7000,431300,431200,431100,431000,430900,430800,430700,430600,430500,430400,8200,23100,34300,27400,19000,55400,9200,12600,74900,1900,439130,426240,9309010,4405676,0,0,0,0,0,
600036.SH,600036,20251209,134739000,431400,1800,77644,58899,0,,,35653376,1536577800,433000,428300,431800,431800,431400,431500,431600,431700,431800,431900,432000,432100,432200,432300,300,34200,10500,23200,55800,6900,10700,3300,9900,7000,431300,431200,431100,431000,430900,430800,430700,430600,430500,430400,7400,22800,44300,27800,19000,55400,9200,12600,74900,1900,439130,426250,9310810,4414976,0,0,0,0,0,
600036.SH,600036,20251209,134742000,431400,300,12942,58901,0,,,35653676,1536590742,433000,428300,431800,431800,431400,431500,431600,431700,431800,431900,432000,432100,432200,432300,1100,34200,10500,22800,55800,6900,10700,3300,9900,7000,431300,431200,431100,431000,430900,430800,430700,430600,430500,430400,9400,22800,44100,27700,19000,55400,9200,12600,74900,1900,439130,426250,9311210,4416176,0,0,0,0,0,
600036.SH,600036,20251209,134745000,431400,300,12942,58902,0,,,35653976,1536603684,433000,428300,431800,431800,431400,431500,431600,431700,431800,431900,432000,432100,432200,432300,1200,34400,10500,22800,55800,6900,10700,3300,9900,7000,431300,431200,431100,431000,430900,430800,430700,430600,430500,430400,10700,22800,44100,27600,19000,55400,9200,12600,75100,1900,439110,426250,9306810,4417676,0,0,0,0,0,
600036.SH,600036,20251209,134748000,431300,11300,487387,58934,0,,,35665276,1537091071,433000,428300,431800,431800,431400,431500,431600,431700,431800,431900,432000,432100,432200,432300,1400,27600,10500,22800,54900,6900,10700,3300,9900,7600,431300,431200,431100,431000,430900,430800,430700,430600,430500,430400,3600,23000,44100,27600,19000,55400,9200,12600,75800,1900,439120,426240,9301810,4410976,0,0,0,0,0,
600036.SH,600036,20251209,134751000,431300,0,0,58934,0,,,35665276,1537091071,433000,428300,431800,431800,431400,431500,431600,431700,431800,431900,432000,432100,432200,432300,1800,26000,10600,22800,57900,6900,10700,3300,9900,7600,431300,431200,431100,431000,430900,430800,430700,430600,430500,430400,4000,23000,44100,27600,19000,55400,9200,12600,75800,1900,439120,426240,9303410,4410876,0,0,0,0,0,
600036.SH,600036,20251209,134754000,431400,2400,103530,58945,0,,,35667676,1537194601,433000,428300,431800,431800,431400,431500,431600,431700,431800,431900,432000,432100,432200,432300,900,26000,8300,23200,58900,6900,10700,3300,9900,7000,431300,431200,431100,431000,430900,430800,430700,430600,430500,430400,4300,23000,44100,27600,19000,55400,9200,12600,76500,1900,439120,426250,9300510,4412376,0,0,0,0,0,
600036.SH,600036,20251209,134757000,431300,5300,228666,58956,0,,,35672976,1537423267,433000,428300,431800,431800,431500,431600,431700,431800,431900,432000,432100,432200,432300,432400,25500,8300,23200,58900,6900,10800,3300,9900,7000,37900,431300,431200,431100,431000,430900,430800,430700,430600,430500,430400,3500,22600,45100,27600,19400,55400,9200,12600,76500,1900,439120,426250,9300710,4412776,0,0,0,0,0,
600036.SH,600036,20251209,134800000,431500,500,21574,58958,0,,,35673476,1537444841,433000,428300,431800,431800,431500,431600,431700,431800,431900,432000,432100,432200,432300,432400,34000,8300,23200,58900,6900,10800,3300,9900,7000,37900,431300,431200,431100,431000,430900,430800,430700,430600,430500,430400,5500,22600,45100,27700,19400,55400,9200,12600,76500,1900,439120,426250,9309210,4416376,0,0,0,0,0,
600036.SH,600036,20251209,134803000,431300,800,34510,58963,0,,,35674276,1537479351,433000,428300,431800,431800,431400,431500,431600,431700,431800,431900,432000,432100,432200,432300,1200,34300,8200,23200,58900,6900,10800,3300,9900,7000,431300,431200,431100,431000,430900,430800,430700,430600,430500,430400,5600,21100,45100,27700,19400,55400,9200,12600,76500,1900,439120,426250,9309310,4414976,0,0,0,0,0,
600036.SH,600036,20251209,134806000,431200,6400,276030,58978,0,,,35680676,1537755381,433000,428300,431800,431800,431300,431400,431500,431600,431700,431800,431900,432000,432100,432200,900,17800,21500,8500,23500,58900,6900,10800,3000,9900,431200,431100,431000,430900,430800,430700,430600,430500,430400,430300,20900,45100,27800,19400,55400,9200,12600,76500,1900,12500,439110,426240,9313010,4409276,0,0,0,0,0,
600036.SH,600036,20251209,134809000,431300,700,30189,58985,0,,,35681376,1537785570,433000,428300,431800,431800,431300,431400,431500,431600,431700,431800,431900,432000,432100,432200,500,25000,21500,8500,23500,58900,6900,10800,3000,9900,431200,431100,431000,430900,430800,430700,430600,430500,430400,430300,20500,45100,27800,19400,55400,9200,12600,76500,1900,12500,439110,426240,9319810,4408876,0,0,0,0,0,
600036.SH,600036,20251209,134812000,431200,6400,276034,59001,0,,,35687776,1538061604,433000,428300,431800,431800,431400,431500,431600,431700,431800,431900,432000,432100,432200,432300,26300,21500,8500,23500,58900,6900,10800,3000,9900,7000,431200,431100,431000,430900,430800,430700,430600,430500,430400,430300,19800,45100,27800,19400,55400,9200,12600,76500,1900,12500,439110,426240,9320410,4410576,0,0,0,0,0,
600036.SH,600036,20251209,134815000,431300,100,4313,59002,0,,,35687876,1538065917,433000,428300,431800,431800,431300,431400,431500,431600,431700,431800,431900,432000,432100,432200,300,26300,21500,8500,23500,58900,6900,10800,3000,9900,431200,431100,431000,430900,430800,430700,430600,430500,430400,430300,19900,45300,27800,19400,55400,9200,12600,76500,1900,12500,439110,426240,9317610,4410876,0,0,0,0,0,
600036.SH,600036,20251209,134818000,431200,300,12936,59004,0,,,35688176,1538078853,433000,428300,431800,431800,431300,431400,431500,431600,431700,431800,431900,432000,432100,432200,300,26300,21000,8500,23500,58900,6900,10800,3000,9900,431200,431100,431000,430900,430800,430700,430600,430500,430400,430300,20200,45300,27800,19400,55400,9200,12600,76500,1900,12500,439110,426240,9317110,4411176,0,0,0,0,0,
600036.SH,600036,20251209,134821000,431200,300,12936,59005,0,,,35688476,1538091789,433000,428300,431800,431800,431300,431400,431500,431600,431700,431800,431900,432000,432100,432200,400,27100,20900,8500,23500,58900,6900,10800,3000,9900,431200,431100,431000,430900,430800,430700,430600,430500,430400,430300,20900,45300,27800,19400,55400,9200,12600,76500,1900,12500,439110,426240,9317910,4411876,0,0,0,0,0,
600036.SH,600036,20251209,134824000,431400,2100,90585,59012,0,,,35690576,1538182374,433000,428300,431800,431800,431400,431500,431600,431700,431800,431900,432000,432100,432200,432300,25700,20900,8500,23500,58900,6900,10800,3000,9900,7000,431200,431100,431000,430900,430800,430700,430600,430500,430400,430300,21000,45700,27800,19400,55400,9200,12600,76500,1900,12500,439110,426250,9314710,4411076,0,0,0,0,0,
600036.SH,600036,20251209,134827000,431200,100,4312,59013,0,,,35690676,1538186686,433000,428300,431800,431800,431300,431400,431500,431600,431700,431800,431900,432000,432100,432200,500,26600,20600,7900,23500,58900,6900,10800,3000,9900,431200,431100,431000,430900,430800,430700,430600,430500,430400,430300,20900,46600,28100,19400,55400,9200,12600,77300,1900,12500,439110,426250,9317110,4411976,0,0,0,0,0,
600036.SH,600036,20251209,134830000,431200,600,25875,59016,0,,,35691276,1538212561,433000,428300,431800,431800,431300,431400,431500,431600,431700,431800,431900,432000,432100,432200,200,26300,20500,8800,23500,58500,6900,10800,3000,9900,431200,431100,431000,430900,430800,430700,430600,430500,430400,430300,20600,46700,28100,19400,55400,9200,12600,77300,1900,12500,439110,426250,9317310,4411376,0,0,0,0,0,
600036.SH,600036,20251209,134833000,431400,5200,224303,59029,0,,,35696476,1538436864,433000,428300,431800,431800,431300,431400,431500,431600,431700,431800,431900,432000,432100,432200,3400,24600,20500,8800,23500,58500,6900,11300,3000,9900,431200,431100,431000,430900,430800,430700,430600,430500,430400,430300,21100,46700,28100,19400,55400,9200,12600,77300,1900,12500,439110,426250,9319510,4412076,0,0,0,0,0,
600036.SH,600036,20251209,134836000,431300,900,38817,59032,0,,,35697376,1538475681,433000,428300,431800,431800,431300,431400,431500,431600,431700,431800,431900,432000,432100,432200,4700,22500,21100,9300,23500,57900,6900,10800,3000,9900,431200,431100,431000,430900,430800,430700,430600,430500,430400,430300,21200,46800,28300,19400,55400,9200,12600,77300,1900,12500,439110,426250,9318410,4412476,0,0,0,0,0,
600036.SH,600036,20251209,134839000,431200,300,12936,59034,0,,,35697676,1538488617,433000,428300,431800,431800,431300,431400,431500,431600,431700,431800,431900,432000,432100,432200,5200,22400,21100,9700,23500,57900,6900,10800,3000,9900,431200,431100,431000,430900,430800,430700,430600,430500,430400,430300,21100,46800,28300,20200,55400,9200,12600,77300,1900,12500,439110,426260,9319210,4413176,0,0,0,0,0,
600036.SH,600036,20251209,134842000,431200,200,8624,59035,0,,,35697876,1538497241,433000,428300,431800,431800,431300,431400,431500,431600,431700,431800,431900,432000,432100,432200,6700,21400,20800,9700,23500,57900,6900,10800,3000,9900,431200,431100,431000,430900,430800,430700,430600,430500,430400,430300,21200,56800,28300,19800,55400,9200,12600,77300,1900,12500,439110,426270,9320210,4422776,0,0,0,0,0,
600036.SH,600036,20251209,134845000,431200,300,12936,59037,0,,,35698176,1538510177,433000,428300,431800,431800,431300,431400,431500,431600,431700,431800,431900,432000,432100,432200,7000,21800,20800,9300,23500,57900,6900,10800,3000,9900,431200,431100,431000,430900,430800,430700,430600,430500,430400,430300,21500,56800,28300,19800,55900,9200,12600,77300,1900,12500,439110,426270,9319610,4428676,0,0,0,0,0,
600036.SH,600036,20251209,134848000,431300,3500,150953,59045,0,,,35701676,1538661130,433000,428300,431800,431800,431300,431400,431500,431600,431700,431800,431900,432000,432100,432200,3700,23800,29300,9300,23500,57900,6900,10800,3000,9900,431200,431100,431000,430900,430800,430700,430600,430500,430400,430300,21600,59900,28300,19800,55900,9200,12600,77300,1900,12500,439100,426270,9327810,4431876,0,0,0,0,0,
600036.SH,600036,20251209,134851000,431300,300,12939,59046,0,,,35701976,1538674069,433000,428300,431800,431800,431300,431400,431500,431600,431700,431800,431900,432000,432100,432200,7000,23800,25800,9300,23500,57900,6900,10800,3000,9900,431200,431100,431000,430900,430800,430700,430600,430500,430400,430300,22300,59900,28300,19800,55900,9200,12600,77300,1900,12500,439100,426270,9327710,4432576,0,0,0,0,0,
600036.SH,600036,20251209,134854000,431300,300,12939,59048,0,,,35702276,1538687008,433000,428300,431800,431800,431300,431400,431500,431600,431700,431800,431900,432000,432100,432200,6700,23800,27300,9300,23500,57900,6900,10800,3000,9900,431200,431100,431000,430900,430800,430700,430600,430500,430400,430300,22700,59800,28300,19800,55900,9100,12600,77300,1900,12500,439100,426270,9328510,4432776,0,0,0,0,0,
600036.SH,600036,20251209,134857000,431100,23200,1000383,59093,0,,,35725476,1539687391,433000,428300,431800,431800,431200,431300,431400,431500,431600,431700,431800,431900,432000,432100,12900,34800,24300,26600,8900,23500,57900,6900,10800,2700,431100,431000,430900,430800,430700,430600,430500,430400,430300,430200,59700,28300,19800,55900,9100,12600,77300,1900,12500,12700,439060,426250,9368610,4409976,0,0,0,0,0,
600036.SH,600036,20251209,134900000,431100,13900,599241,59114,0,,,35739376,1540286632,433000,428300,431800,431800,431200,431300,431400,431500,431600,431700,431800,431900,432000,432100,46000,9000,24100,25900,9000,22800,57900,6600,10800,2700,431100,431000,430900,430800,430700,430600,430500,430400,430300,430200,57000,28300,19800,55900,9100,12600,77300,1900,12500,12700,439060,426250,9372910,4407376,0,0,0,0,0,
600036.SH,600036,20251209,134903000,431200,88800,3829045,59159,0,,,35828176,1544115677,433000,428300,431800,431800,431200,431300,431400,431500,431600,431700,431800,431900,432000,432100,29900,7100,26600,20300,9500,23300,57900,6200,10400,2700,431100,431000,430900,430800,430700,430600,430500,430400,430300,430200,54700,28300,19800,55900,9100,12600,77300,1900,12500,12700,439080,426240,9352110,4405176,0,0,0,0,0,
600036.SH,600036,20251209,134906000,431200,43700,1884076,59178,0,,,35871876,1545999753,433000,428300,431800,431800,431200,431300,431400,431500,431600,431700,431800,431900,432000,432100,13400,7200,26600,20300,9500,21700,57900,6200,10400,2700,431100,431000,430900,430800,430700,430600,430500,430400,430300,430200,40300,28700,19900,55900,9200,12600,77300,1900,12500,12700,439090,426230,9334110,4391376,0,0,0,0,0,
600036.SH,600036,20251209,134909000,431200,2300,99172,59188,0,,,35874176,1546098925,433000,428300,431800,431800,431200,431300,431400,431500,431600,431700,431800,431900,432000,432100,4300,8800,26500,20300,10500,21700,57900,6200,10400,2700,431100,431000,430900,430800,430700,430600,430500,430400,430300,430200,40000,30600,19900,55900,9200,12600,77300,1900,12500,12700,439100,426230,9327810,4392976,0,0,0,0,0,
600036.SH,600036,20251209,134912000,431300,9100,392416,59207,0,,,35883276,1546491341,433000,428300,431800,431800,431300,431400,431500,431600,431700,431800,431900,432000,432100,432200,5700,22000,14100,12000,22200,57900,6200,10400,3100,9300,431100,431000,430900,430800,430700,430600,430500,430400,430300,430200,39600,30600,19900,55900,9200,12600,77300,1900,12500,12700,439110,426230,9312710,4387376,0,0,0,0,0,
600036.SH,600036,20251209,134915000,431200,6700,288954,59222,0,,,35889976,1546780295,433000,428300,431800,431800,431300,431400,431500,431600,431700,431800,431900,432000,432100,432200,700,21500,14200,14000,22200,60100,6200,10400,3100,9300,431100,431000,430900,430800,430700,430600,430500,430400,430300,430200,39900,29800,24100,55900,9200,13000,78100,2300,12500,12700,439110,426230,9315610,4392276,0,0,0,0,0,
600036.SH,600036,20251209,134918000,431100,200,8623,59224,0,,,35890176,1546788918,433000,428300,431800,431800,431200,431300,431400,431500,431600,431700,431800,431900,432000,432100,100,1000,21500,14800,14000,22200,60100,6200,10400,3100,431100,431000,430900,430800,430700,430600,430500,430400,430300,430200,40800,30900,24100,55400,9200,13000,78100,2300,12500,12700,439110,426230,9316610,4394576,0,0,0,0,0,
600036.SH,600036,20251209,134921000,431100,1900,81938,59236,0,,,35892076,1546870856,433000,428300,431800,431800,431400,431500,431600,431700,431800,431900,432000,432100,432200,432300,23600,5400,13500,28400,63100,6500,10800,3100,9300,7000,431200,431100,431000,430900,430800,430700,430600,430500,430400,430300,100,41100,30900,24100,55400,9200,13000,78100,2300,12500,439110,426230,9318010,4395476,0,0,0,0,0,
600036.SH,600036,20251209,134924000,431300,10500,452708,59252,0,,,35902576,1547323564,433000,428300,431800,431800,431300,431400,431500,431600,431700,431800,431900,432000,432100,432200,11100,11800,4700,13000,27900,65100,6500,11300,3100,9900,431200,431100,431000,430900,430800,430700,430600,430500,430400,430300,1700,32800,30900,24100,55400,9200,13000,78100,2300,12500,439110,426230,9319410,4388776,0,0,0,0,0,
600036.SH,600036,20251209,134927000,431200,100,4312,59253,0,,,35902676,1547327876,433000,428300,431800,431800,431300,431400,431500,431600,431700,431800,431900,432000,432100,432200,14000,18700,15400,9100,21800,57200,7200,10900,3100,9300,431200,431100,431000,430900,430800,430700,430600,430500,430400,430300,1600,32700,31700,24900,55400,9200,12600,77300,1900,12100,439110,426230,9321110,4387776,0,0,0,0,0,
600036.SH,600036,20251209,134930000,431200,3400,146608,59266,0,,,35906076,1547474484,433000,428300,431800,431800,431200,431300,431400,431500,431600,431700,431800,431900,432000,432100,1000,15600,18700,15400,9500,22200,57200,6900,10700,2700,431100,431000,430900,430800,430700,430600,430500,430400,430300,430200,32700,31700,24800,55400,9600,13100,77300,1900,12100,12400,439100,426230,9323610,4387076,0,0,0,0,0,
600036.SH,600036,20251209,134933000,431200,0,0,59266,0,,,35906076,1547474484,433000,428300,431800,431800,431200,431300,431400,431500,431600,431700,431800,431900,432000,432100,2200,16200,18000,15800,9500,22200,57200,6900,10700,2700,431100,431000,430900,430800,430700,430600,430500,430400,430300,430200,34200,31700,24800,55400,9600,13100,76300,1900,12100,12400,439100,426230,9325510,4387576,0,0,0,0,0,
600036.SH,600036,20251209,134936000,431100,700,30177,59267,0,,,35906776,1547504661,433000,428300,431800,431800,431200,431300,431400,431500,431600,431700,431800,431900,432000,432100,2600,19500,11300,15500,9500,22200,57200,6900,10700,2700,431100,431000,430900,430800,430700,430600,430500,430400,430300,430200,33500,31700,24800,55400,9600,13100,76300,1900,12100,12400,439110,426230,9322210,4387876,0,0,0,0,0,
600036.SH,600036,20251209,134939000,431200,600,25867,59271,0,,,35907376,1547530528,433000,428300,431800,431800,431200,431300,431400,431500,431600,431700,431800,431900,432000,432100,10100,19600,11200,15500,9500,22200,57200,6900,10800,2700,431100,431000,430900,430800,430700,430600,430500,430400,430300,430200,33600,32200,24800,55400,9600,13100,76300,1900,12100,12400,439100,426230,9328410,4388476,0,0,0,0,0,
600036.SH,600036,20251209,134942000,431100,1000,43116,59273,0,,,35908376,1547573644,433000,428300,431800,431800,431200,431300,431400,431500,431600,431700,431800,431900,432000,432100,9800,21200,11200,14100,9500,22200,57200,6900,10800,2700,431100,431000,430900,430800,430700,430600,430500,430400,430300,430200,33200,32200,24700,55400,9600,13100,76300,1900,12100,12400,439100,426230,9328310,4387976,0,0,0,0,0,
600036.SH,600036,20251209,134945000,431100,2900,125044,59285,0,,,35911276,1547698688,433000,428300,431800,431800,431200,431300,431400,431500,431600,431700,431800,431900,432000,432100,10600,18900,12100,14100,9500,22200,57200,6900,10800,2700,431100,431000,430900,430800,430700,430600,430500,430400,430300,430200,32800,32200,24700,55400,9600,13100,76300,1900,12100,12400,439100,426230,9327710,4387976,0,0,0,0,0,
600036.SH,600036,20251209,134948000,431100,4700,202618,59291,0,,,35915976,1547901306,433000,428300,431800,431800,431200,431300,431400,431500,431600,431700,431800,431900,432000,432100,10600,19600,12100,13500,11100,22200,57200,6900,10800,2700,431100,431000,430900,430800,430700,430600,430500,430400,430300,430200,28600,32200,24700,55400,11600,13100,76300,1900,12100,12400,439100,426220,9329610,4386876,0,0,0,0,0,
600036.SH,600036,20251209,134951000,431200,6300,271648,59301,0,,,35922276,1548172954,433000,428300,431800,431800,431200,431300,431400,431500,431600,431700,431800,431900,432000,432100,7500,19600,9900,13500,11100,22200,57200,6900,10800,2700,431100,431000,430900,430800,430700,430600,430500,430400,430300,430200,27900,32100,24700,55400,11600,13100,76300,1900,12100,12400,439100,426220,9326310,4386076,0,0,0,0,0,
600036.SH,600036,20251209,134954000,431100,2400,103473,59307,0,,,35924676,1548276427,433000,428300,431800,431800,431200,431300,431400,431500,431600,431700,431800,431900,432000,432100,4500,21100,9900,13500,11100,22200,57200,6900,10800,2700,431100,431000,430900,430800,430700,430600,430500,430400,430300,430200,26400,32100,24700,55400,11600,13100,76300,1900,12100,12400,439100,426220,9324810,4384576,0,0,0,0,0,
600036.SH,600036,20251209,134957000,431200,2400,103469,59315,0,,,35927076,1548379896,433000,428300,431800,431800,431200,431300,431400,431500,431600,431700,431800,431900,432000,432100,6100,21100,10000,13500,11000,22200,57200,6900,11800,2700,431100,431000,430900,430800,430700,430600,430500,430400,430300,430200,24500,32100,24700,55400,11600,13100,76300,1900,12100,12400,439100,426220,9326910,4382976,0,0,0,0,0,
600036.SH,600036,20251209,135000000,431100,5900,254349,59348,0,,,35932976,1548634245,433000,428300,431800,431800,431200,431300,431400,431500,431600,431700,431800,431900,432000,432100,16200,19500,9900,13500,10700,22200,57200,6900,11800,2700,431100,431000,430900,430800,430700,430600,430500,430400,430300,430200,18800,32100,24700,55400,11600,13100,76300,1900,12100,12400,439100,426210,9335010,4377276,0,0,0,0,0,
600036.SH,600036,20251209,135003000,431100,21200,913929,59407,0,,,35954176,1549548174,433000,428300,431800,431800,431100,431200,431300,431400,431500,431600,431700,431800,431900,432000,2300,28900,8500,9500,13500,10700,22200,57200,6900,11800,431000,430900,430800,430700,430600,430500,430400,430300,430200,430100,31400,23900,55400,11600,13100,76300,2300,12500,12400,55600,439100,426190,9333110,4359076,0,0,0,0,0,
600036.SH,600036,20251209,135006000,431000,1600,68960,59413,0,,,35955776,1549617134,433000,428300,431800,431800,431100,431200,431300,431400,431500,431600,431700,431800,431900,432000,7800,34800,12300,3000,5100,10200,22200,57200,6900,11800,431000,430900,430800,430700,430600,430500,430400,430300,430200,430100,29700,23900,55400,12400,13100,76300,1900,12100,12400,55600,439100,426190,9332410,4356176,0,0,0,0,0,
600036.SH,600036,20251209,135009000,431000,1500,64650,59420,0,,,35957276,1549681784,433000,428300,431800,431800,431100,431200,431300,431400,431500,431600,431700,431800,431900,432000,9200,35300,11700,3500,4600,9800,22200,57200,6900,11800,431000,430900,430800,430700,430600,430500,430400,430300,430200,430100,28200,23900,55400,12400,13100,76300,1900,12100,12400,55600,439100,426190,9333310,4356576,0,0,0,0,0,
600036.SH,600036,20251209,135012000,431100,15700,676684,59466,0,,,35972976,1550358468,433000,428300,431800,431800,431100,431200,431300,431400,431500,431600,431700,431800,431900,432000,9800,34200,11000,3500,4600,9800,22200,57200,6900,11800,431000,430900,430800,430700,430600,430500,430400,430300,430200,430100,16000,25000,55400,12400,13100,76300,1900,12100,12400,56600,439100,426180,9330610,4346476,0,0,0,0,0,
600036.SH,600036,20251209,135015000,431000,6000,258639,59479,0,,,35978976,1550617107,433000,428300,431800,431800,431100,431200,431300,431400,431500,431600,431700,431800,431900,432000,9200,34300,11000,3500,4600,9800,22200,57200,6900,11800,431000,430900,430800,430700,430600,430500,430400,430300,430200,430100,14100,24800,55500,12400,13100,76300,1900,12100,12400,56600,439100,426180,9331010,4344476,0,0,0,0,0,
600036.SH,600036,20251209,135018000,431100,17100,737182,59513,0,,,35996076,1551354289,433000,428300,431800,431800,431200,431300,431400,431500,431600,431700,431800,431900,432000,432100,33100,13100,7400,5000,9800,22200,57200,6900,11800,2200,431100,431000,430900,430800,430700,430600,430500,430400,430300,430200,67200,13900,25700,55500,12400,13100,76300,1900,12100,12400,439100,426250,9326910,4412276,0,0,0,0,0,
600036.SH,600036,20251209,135021000,431200,6700,288855,59538,0,,,36002776,1551643144,433000,428300,431800,431800,431200,431300,431400,431500,431600,431700,431800,431900,432000,432100,32000,11600,6900,5000,9800,22200,57200,7300,11800,2200,431100,431000,430900,430800,430700,430600,430500,430400,430300,430200,63200,14100,25700,55500,12400,13100,76300,1900,14100,12400,439100,426250,9323410,4410976,0,0,0,0,0,
600036.SH,600036,20251209,135024000,431100,8400,362134,59554,0,,,36011176,1552005278,433000,428300,431800,431800,431200,431300,431400,431500,431600,431700,431800,431900,432000,432100,31600,11500,6900,5000,9800,22200,57200,7300,11800,2200,431100,431000,430900,430800,430700,430600,430500,430400,430300,430200,66100,14600,25700,55500,12400,13100,76300,1900,14100,12400,439100,426250,9321910,4414576,0,0,0,0,0,
600036.SH,600036,20251209,135027000,431100,2000,86236,59560,0,,,36013176,1552091514,433000,428300,431800,431800,431200,431300,431400,431500,431600,431700,431800,431900,432000,432100,30800,11500,6900,5000,9800,22200,57200,7300,12300,2200,431100,431000,430900,430800,430700,430600,430500,430400,430300,430200,65700,14800,25800,55500,12400,13100,76300,1900,14100,12200,439100,426260,9322110,4417876,0,0,0,0,0,
600036.SH,600036,20251209,135030000,431100,2000,86220,59564,0,,,36015176,1552177734,433000,428300,431800,431800,431200,431300,431400,431500,431600,431700,431800,431900,432000,432100,30800,11500,6900,5000,9800,22200,57200,7300,12300,2200,431100,431000,430900,430800,430700,430600,430500,430400,430300,430200,64000,15200,25800,55500,12400,13100,76300,1900,14100,12200,439100,426250,9322510,4416976,0,0,0,0,0,
600036.SH,600036,20251209,135033000,431100,10900,469941,59581,0,,,36026076,1552647675,433000,428300,431800,431800,431200,431300,431400,431500,431600,431700,431800,431900,432000,432100,27800,11300,6900,5000,9800,22200,57200,7300,12300,2200,431100,431000,430900,430800,430700,430600,430500,430400,430300,430200,57500,15200,25800,55600,12400,13100,76300,1900,14100,12200,439110,426250,9319510,4408776,0,0,0,0,0,
600036.SH,600036,20251209,135036000,431100,4500,194028,59587,0,,,36030576,1552841703,433000,428300,431800,431800,431200,431300,431400,431500,431600,431700,431800,431900,432000,432100,25100,11300,6900,5000,9800,22200,57200,7300,12300,2200,431100,431000,430900,430800,430700,430600,430500,430400,430300,430200,56300,15200,25800,55600,12400,13100,76300,1900,14100,12200,439110,426250,9316810,4407276,0,0,0,0,0,
600036.SH,600036,20251209,135039000,431200,5000,215555,59611,0,,,36035576,1553057258,433000,428300,431800,431800,431200,431300,431400,431500,431600,431700,431800,431900,432000,432100,40200,11300,6900,5000,9800,22200,57200,7300,12300,2200,431100,431000,430900,430800,430700,430600,430500,430400,430300,430200,51800,15200,25800,53000,12400,13100,76300,1900,14100,12200,439100,426240,9332210,4399976,0,0,0,0,0,
600036.SH,600036,20251209,135042000,431100,2300,99162,59616,0,,,36037876,1553156420,433000,428300,431800,431800,431200,431300,431400,431500,431600,431700,431800,431900,432000,432100,43100,10800,10100,5000,9800,22200,57200,7300,12300,2200,431100,431000,430900,430800,430700,430600,430500,430400,430300,430200,51100,15200,25800,53000,10900,13100,76300,1900,14100,12200,439090,426240,9337810,4397776,0,0,0,0,0,
600036.SH,600036,20251209,135045000,431100,1900,81912,59622,0,,,36039776,1553238332,433000,428300,431800,431800,431200,431300,431400,431500,431600,431700,431800,431900,432000,432100,43600,10800,10100,5000,9800,22200,57200,7300,12200,2200,431100,431000,430900,430800,430700,430600,430500,430400,430300,430200,49800,14700,25900,53000,10900,13100,76400,1900,14100,12200,439090,426230,9337210,4396076,0,0,0,0,0,
600036.SH,600036,20251209,135048000,431200,1800,77615,59626,0,,,36041576,1553315947,433000,428300,431800,431800,431200,431300,431400,431500,431600,431700,431800,431900,432000,432100,42100,10500,10100,5000,9800,22200,57200,7300,12200,2200,431100,431000,430900,430800,430700,430600,430500,430400,430300,430200,50900,14500,26400,53000,10500,15700,76400,1900,14100,12200,439090,426240,9336910,4399676,0,0,0,0,0,
600036.SH,600036,20251209,135051000,431100,500,21555,59627,0,,,36042076,1553337502,433000,428300,431800,431800,431200,431300,431400,431500,431600,431700,431800,431900,432000,432100,42200,14100,10100,5000,9800,22200,57200,7300,12200,3200,431100,431000,430900,430800,430700,430600,430500,430400,430300,430200,50600,14700,26400,53000,10500,15500,76400,1900,14100,12200,439090,426240,9341910,4399076,0,0,0,0,0,
600036.SH,600036,20251209,135054000,431100,200,8622,59628,0,,,36042276,1553346124,433000,428300,431800,431800,431200,431300,431400,431500,431600,431700,431800,431900,432000,432100,50000,13900,10100,5000,9900,22200,57200,7300,12200,4200,431100,431000,430900,430800,430700,430600,430500,430400,430300,430200,51700,16300,26400,53000,10500,15500,76900,1900,14100,12200,439080,426240,9350610,4402176,0,0,0,0,0,
600036.SH,600036,20251209,135057000,431100,2700,116400,59637,0,,,36044976,1553462524,433000,428300,431800,431800,431200,431300,431400,431500,431600,431700,431800,431900,432000,432100,52700,13900,10100,5000,9900,22200,57200,7300,12200,4500,431100,431000,430900,430800,430700,430600,430500,430400,430300,430200,49300,16300,26400,53000,10500,15500,76900,1900,14100,12200,439080,426240,9353610,4399776,0,0,0,0,0,
600036.SH,600036,20251209,135100000,431100,2600,112086,59643,0,,,36047576,1553574610,433000,428300,431800,431800,431200,431300,431400,431500,431600,431700,431800,431900,432000,432100,52700,13900,10100,5000,9900,22200,57200,7300,12200,4500,431100,431000,430900,430800,430700,430600,430500,430400,430300,430200,48400,16300,26400,53500,10500,15500,76400,1900,14100,12200,439080,426240,9353110,4398876,0,0,0,0,0,
600036.SH,600036,20251209,135103000,431200,3300,142274,59651,0,,,36050876,1553716884,433000,428300,431800,431800,431200,431300,431400,431500,431600,431700,431800,431900,432000,432100,51800,13900,10100,5000,9900,22200,57200,7300,12600,4500,431100,431000,430900,430800,430700,430600,430500,430400,430300,430200,47800,16300,26400,53700,10500,15500,76400,1900,14100,12200,439080,426240,9352310,4398476,0,0,0,0,0,
600036.SH,600036,20251209,135106000,431100,3800,163849,59657,0,,,36054676,1553880733,433000,428300,431800,431800,431200,431300,431400,431500,431600,431700,431800,431900,432000,432100,49000,13900,10100,5000,9900,22200,57200,7300,13600,4500,431100,431000,430900,430800,430700,430600,430500,430400,430300,430200,47200,16300,26400,53700,10500,15500,76900,1900,14100,12200,439080,426240,9350510,4398076,0,0,0,0,0,
600036.SH,600036,20251209,135109000,431100,3000,129330,59663,0,,,36057676,1554010063,433000,428300,431800,431800,431200,431300,431400,431500,431600,431700,431800,431900,432000,432100,49200,13900,10100,5000,9900,22200,57200,7300,13600,4500,431100,431000,430900,430800,430700,430600,430500,430400,430300,430200,44200,16300,26800,53700,10100,15500,76900,1900,14100,12200,439080,426230,9350710,4395376,0,0,0,0,0,
600036.SH,600036,20251209,135112000,431100,1700,73290,59668,0,,,36059376,1554083353,433000,428300,431800,431800,431200,431300,431400,431500,431600,431700,431800,431900,432000,432100,49100,13900,10100,5000,6300,22200,57200,7300,13600,4500,431100,431000,430900,430800,430700,430600,430500,430400,430300,430200,43800,16300,26700,53700,10100,15500,76900,1900,14100,12200,439080,426230,9347410,4394876,0,0,0,0,0,
600036.SH,600036,20251209,135115000,431200,6600,284579,59678,0,,,36065976,1554367932,433000,428300,431800,431800,431200,431300,431400,431500,431600,431700,431800,431900,432000,432100,45000,13900,9400,5000,6100,22200,57200,7300,13700,4500,431100,431000,430900,430800,430700,430600,430500,430400,430300,430200,42500,16500,26700,53700,10100,15500,76900,1900,14100,12200,439090,426230,9342510,4393776,0,0,0,0,0,
600036.SH,600036,20251209,135118000,431100,6200,267300,59686,0,,,36072176,1554635232,433000,428300,431800,431800,431200,431300,431400,431500,431600,431700,431800,431900,432000,432100,44200,10100,9400,5000,5700,22200,57200,7300,13700,4500,431100,431000,430900,430800,430700,430600,430500,430400,430300,430200,38700,16500,26700,53700,10100,15500,76900,1900,14100,12200,439090,426230,9337510,4389976,0,0,0,0,0,
600036.SH,600036,20251209,135121000,431100,1800,77615,59690,0,,,36073976,1554712847,433000,428300,431800,431800,431200,431300,431400,431500,431600,431700,431800,431900,432000,432100,42400,10100,9400,5000,5700,22200,57600,7300,13700,4500,431100,431000,430900,430800,430700,430600,430500,430400,430300,430200,38600,17500,26700,53700,10100,15500,76900,1900,14100,12200,439090,426230,9335610,4392276,0,0,0,0,0,
600036.SH,600036,20251209,135124000,431100,400,17244,59691,0,,,36074376,1554730091,433000,428300,431800,431800,431200,431300,431400,431500,431600,431700,431800,431900,432000,432100,42500,10100,11700,5000,5700,22200,57600,7300,13700,4500,431100,431000,430900,430800,430700,430600,430500,430400,430300,430200,37700,18200,26700,53700,10100,15500,76900,1900,14100,12200,439090,426230,9338010,4392076,0,0,0,0,0,
600036.SH,600036,20251209,135127000,431100,1400,60367,59695,0,,,36075776,1554790458,433000,428300,431800,431800,431200,431300,431400,431500,431600,431700,431800,431900,432000,432100,41500,9100,11700,5000,5700,22200,57600,7300,13700,4500,431100,431000,430900,430800,430700,430600,430500,430400,430300,430200,37700,18800,26700,53700,10100,15500,76900,1900,12100,12200,439090,426230,9336310,4390676,0,0,0,0,0,
600036.SH,600036,20251209,135130000,431200,44000,1897270,59745,0,,,36119776,1556687728,433000,428300,431800,431800,431300,431400,431500,431600,431700,431800,431900,432000,432100,432200,9100,11700,5000,5700,22200,57600,7300,13700,4500,6900,431200,431100,431000,430900,430800,430700,430600,430500,430400,430300,40100,36700,18800,26700,53700,10100,15500,76900,1900,12100,439130,426270,9294910,4430176,0,0,0,0,0,
600036.SH,600036,20251209,135133000,431300,27000,1164478,59771,0,,,36146776,1557852206,433000,428300,431800,431800,431300,431400,431500,431600,431700,431800,431900,432000,432100,432200,3200,15800,5000,6200,22200,57600,7600,13700,4500,6900,431200,431100,431000,430900,430800,430700,430600,430500,430400,430300,48100,33100,18600,26700,53700,10100,15500,76900,1900,12100,439130,426280,9293910,4433976,0,0,0,0,0,
600036.SH,600036,20251209,135136000,431200,1500,64688,59774,0,,,36148276,1557916894,433000,428300,431800,431800,431300,431400,431500,431600,431700,431800,431900,432000,432100,432200,1100,15300,5000,6900,22200,57600,7600,13700,4500,6900,431200,431100,431000,430900,430800,430700,430600,430500,430400,430300,48000,33000,20200,27100,53700,9700,15500,76900,1900,12100,439130,426280,9291010,4434876,0,0,0,0,0,
600036.SH,600036,20251209,135139000,431300,5100,219988,59785,0,,,36153376,1558136882,433000,428300,431800,431800,431300,431400,431500,431600,431700,431800,431900,432000,432100,432200,7500,12800,7900,6900,21200,57600,7300,13700,4500,6900,431200,431100,431000,430900,430800,430700,430600,430500,430400,430300,48900,32800,20200,27100,53700,9700,15500,76900,1900,12100,439120,426280,9298510,4435076,0,0,0,0,0,
600036.SH,600036,20251209,135142000,431300,2200,94886,59788,0,,,36155576,1558231768,433000,428300,431800,431800,431300,431400,431500,431600,431700,431800,431900,432000,432100,432200,6800,12800,8000,6800,21200,57600,7300,13700,4500,6900,431200,431100,431000,430900,430800,430700,430600,430500,430400,430300,48900,32800,20200,27100,53700,9700,15500,76900,1900,12100,439120,426280,9297810,4435076,0,0,0,0,0,
600036.SH,600036,20251209,135145000,431300,3600,155268,59791,0,,,36159176,1558387036,433000,428300,431800,431800,431300,431400,431500,431600,431700,431800,431900,432000,432100,432200,3200,12800,8000,6800,21200,57600,7300,13700,4500,6900,431200,431100,431000,430900,430800,430700,430600,430500,430400,430300,49100,32800,18000,27100,53700,9700,15500,76900,1900,12100,439130,426280,9294210,4433076,0,0,0,0,0,
600036.SH,600036,20251209,135148000,431300,2500,107817,59797,0,,,36161676,1558494853,433000,428300,431800,431800,431300,431400,431500,431600,431700,431800,431900,432000,432100,432200,1500,12800,8000,6800,21200,57600,7300,13700,4500,6900,431200,431100,431000,430900,430800,430700,430600,430500,430400,430300,49200,32800,18000,26200,53700,9700,15500,76900,1900,12100,439130,426270,9292510,4432276,0,0,0,0,0,
600036.SH,600036,20251209,135151000,431300,1400,60382,59799,0,,,36163076,1558555235,433000,428300,431800,431800,431300,431400,431500,431600,431700,431800,431900,432000,432100,432200,200,12800,7900,6900,21200,57600,7600,13700,4500,6900,431200,431100,431000,430900,430800,430700,430600,430500,430400,430300,49800,32800,18000,26200,53700,9700,15500,76900,1900,12100,439130,426280,9291010,4433376,0,0,0,0,0,
600036.SH,600036,20251209,135154000,431400,5400,232949,59807,0,,,36168476,1558788184,433000,428300,431800,431800,431400,431500,431600,431700,431800,431900,432000,432100,432200,432300,8000,4800,6900,21200,60200,9600,13600,4500,6900,7000,431200,431100,431000,430900,430800,430700,430600,430500,430400,430300,50400,32800,18000,26200,53700,9700,15500,76900,1900,12100,439130,426280,9288910,4433976,0,0,0,0,0,
600036.SH,600036,20251209,135157000,431300,400,17252,59810,0,,,36168876,1558805436,433000,428300,431800,431800,431400,431500,431600,431700,431800,431900,432000,432100,432200,432300,8000,4700,6800,22100,60200,9600,13600,4200,6900,7000,431300,431200,431100,431000,430900,430800,430700,430600,430500,430400,2200,51200,33200,18000,26300,53300,9700,15500,76900,1900,439130,426280,9287810,4436876,0,0,0,0,0,
600036.SH,600036,20251209,135200000,431300,500,21565,59812,0,,,36169376,1558827001,433000,428300,431800,431800,431400,431500,431600,431700,431800,431900,432000,432100,432200,432300,8000,4700,13800,22100,57600,7600,13600,4200,6900,7000,431300,431200,431100,431000,430900,430800,430700,430600,430500,430400,7300,50300,33200,18400,26300,53300,9700,15500,76900,1900,439130,426280,9290610,4441376,0,0,0,0,0,
600036.SH,600036,20251209,135203000,431400,1300,56077,59816,0,,,36170676,1558883078,433000,428300,431800,431800,431400,431500,431600,431700,431800,431900,432000,432100,432200,432300,8300,4800,13800,22100,57600,7600,13600,4200,6900,7000,431300,431200,431100,431000,430900,430800,430700,430600,430500,430400,7900,50200,33100,18400,26300,53300,9700,15500,76900,1900,439130,426290,9291110,4441376,0,0,0,0,0,
600036.SH,600036,20251209,135206000,431300,400,17255,59819,0,,,36171076,1558900333,433000,428300,431800,431800,431400,431500,431600,431700,431800,431900,432000,432100,432200,432300,10200,4800,13900,22400,57600,7600,13600,4200,6900,7000,431300,431200,431100,431000,430900,430800,430700,430600,430500,430400,9600,49100,33100,19900,26300,53300,9700,15500,76900,1900,439130,426290,9293210,4443476,0,0,0,0,0,
600036.SH,600036,20251209,135209000,431300,5200,224276,59826,0,,,36176276,1559124609,433000,428300,431800,431800,431400,431500,431600,431700,431800,431900,432000,432100,432200,432300,10900,5300,14000,22300,57600,8100,13600,4200,6900,7000,431300,431200,431100,431000,430900,430800,430700,430600,430500,430400,4400,49100,33400,21900,26300,53300,9700,15500,76800,1900,439130,426280,9294910,4440476,0,0,0,0,0,
600036.SH,600036,20251209,135212000,431400,16600,716034,59896,0,,,36192876,1559840643,433000,428300,431800,431800,431400,431500,431600,431700,431800,431900,432000,432100,432200,432300,7600,7700,14000,22900,57600,8100,13600,4200,6900,7000,431200,431100,431000,430900,430800,430700,430600,430500,430400,430300,48700,33400,21900,26300,53300,9700,15500,76800,1900,12100,439130,426280,9294510,4435476,0,0,0,0,0,
600036.SH,600036,20251209,135215000,431200,600,25872,59897,0,,,36193476,1559866515,433000,428300,431800,431800,431300,431400,431500,431600,431700,431800,431900,432000,432100,432200,500,8200,6500,13900,23000,57600,8100,13600,4200,6900,431200,431100,431000,430900,430800,430700,430600,430500,430400,430300,47600,33400,21900,26300,53300,9800,15500,76800,1900,12100,439130,426280,9294410,4434276,0,0,0,0,0,
600036.SH,600036,20251209,135218000,431200,2200,94871,59905,0,,,36195676,1559961386,433000,428300,431800,431800,431300,431400,431500,431600,431700,431800,431900,432000,432100,432200,300,7600,6500,13900,23000,57600,8100,13600,4200,6900,431200,431100,431000,430900,430800,430700,430600,430500,430400,430300,46200,33400,20200,26300,53200,9800,15500,76800,1900,12100,439130,426280,9293610,4431076,0,0,0,0,0,
600036.SH,600036,20251209,135221000,431400,4700,202691,59913,0,,,36200376,1560164077,433000,428300,431800,431800,431300,431400,431500,431600,431700,431800,431900,432000,432100,432200,600,13500,8800,13800,23000,57600,7700,13600,4200,6900,431200,431100,431000,430900,430800,430700,430600,430500,430400,430300,43900,33400,20200,26300,53200,9800,15500,76800,1900,12100,439120,426270,9301310,4428776,0,0,0,0,0,
600036.SH,600036,20251209,135224000,431300,9700,418269,59920,0,,,36210076,1560582346,433000,428300,431800,431800,431300,431400,431500,431600,431700,431800,431900,432000,432100,432200,4500,13200,8800,13800,23000,57600,7700,13600,4200,6900,431200,431100,431000,430900,430800,430700,430600,430500,430400,430300,35100,33400,20300,26300,53200,9800,15500,76800,1900,12100,439120,426260,9305110,4420076,0,0,0,0,0,
600036.SH,600036,20251209,135227000,431300,4000,172513,59932,0,,,36214076,1560754859,433000,428300,431800,431800,431300,431400,431500,431600,431700,431800,431900,432000,432100,432200,4600,8000,8900,13800,22900,57800,7700,13600,4200,6900,431200,431100,431000,430900,430800,430700,430600,430500,430400,430300,33600,33400,20300,26300,53200,9800,15500,76800,1900,12100,439120,426260,9299710,4418476,0,0,0,0,0,
600036.SH,600036,20251209,135230000,431300,4700,202684,59949,0,,,36218776,1560957543,433000,428300,431800,431800,431300,431400,431500,431600,431700,431800,431900,432000,432100,432200,2700,8000,10000,13800,22900,57800,7700,13600,4200,6900,431200,431100,431000,430900,430800,430700,430600,430500,430400,430300,31500,33400,20300,26300,53200,9800,15500,76800,1900,12100,439120,426260,9298910,4416376,0,0,0,0,0,
600036.SH,600036,20251209,135233000,431200,1100,47432,59952,0,,,36219876,1561004975,433000,428300,431800,431800,431300,431400,431500,431600,431700,431800,431900,432000,432100,432200,10400,8200,9900,13900,22900,57800,7700,13600,4200,6900,431200,431100,431000,430900,430800,430700,430600,430500,430400,430300,30400,33500,20300,26300,53200,9800,15500,76800,1900,12100,439120,426260,9307310,4415376,0,0,0,0,0,
600036.SH,600036,20251209,135236000,431300,5400,232902,59970,0,,,36225276,1561237877,433000,428300,431800,431800,431300,431400,431500,431600,431700,431800,431900,432000,432100,432200,6500,8200,12100,13900,22900,57800,7700,13600,4200,6900,431200,431100,431000,430900,430800,430700,430600,430500,430400,430300,30400,33500,20300,26300,53200,9800,15500,76800,1900,12100,439120,426260,9304610,4414876,0,0,0,0,0,
600036.SH,600036,20251209,135239000,431100,41700,1798003,60005,0,,,36266976,1563035880,433000,428300,431800,431800,431200,431300,431400,431500,431600,431700,431800,431900,432000,432100,14800,21900,8600,11500,13200,22500,57800,7700,13600,4200,431100,431000,430900,430800,430700,430600,430500,430400,430300,430200,22800,20300,26300,53200,9800,15500,76800,1900,12100,12200,439100,426210,9334010,4373776,0,0,0,0,0,
600036.SH,600036,20251209,135242000,431100,3800,163822,60021,0,,,36270776,1563199702,433000,428300,431800,431800,431200,431300,431400,431500,431600,431700,431800,431900,432000,432100,30400,11100,17300,7000,6200,22500,57800,7700,13600,4200,431100,431000,430900,430800,430700,430600,430500,430400,430300,430200,19300,19900,26300,53600,9800,15500,76800,1900,12100,12200,439090,426210,9336510,4370076,0,0,0,0,0,
600036.SH,600036,20251209,135245000,431100,20700,892391,60064,0,,,36291476,1564092093,433000,428300,431800,431800,431100,431200,431300,431400,431500,431600,431700,431800,431900,432000,500,22800,11100,17800,6900,5600,22500,57800,7700,14600,431000,430900,430800,430700,430600,430500,430400,430300,430200,430100,19900,26300,53600,9800,15500,76800,1900,12100,12200,56100,439100,426190,9330310,4350776,0,0,0,0,0,
600036.SH,600036,20251209,135248000,431000,71300,3074435,60078,0,,,36362776,1567166528,433000,428300,431800,431800,431100,431200,431300,431400,431500,431600,431700,431800,431900,432000,500,5700,18200,10500,4500,5600,22500,57800,12700,19200,431000,430900,430800,430700,430600,430500,430400,430300,430200,430100,19000,24900,53600,10700,15500,77400,1900,12100,12200,56100,439110,426180,9320010,4347076,0,0,0,0,0,
600036.SH,600036,20251209,135251000,431000,0,0,60078,0,,,36362776,1567166528,433000,428300,431800,431800,431100,431200,431300,431400,431500,431600,431700,431800,431900,432000,700,5700,18100,10500,4500,5600,22500,57800,12700,19200,431000,430900,430800,430700,430600,430500,430400,430300,430200,430100,17200,24900,53600,10700,15500,77400,1900,12100,12200,56100,439110,426180,9320610,4345276,0,0,0,0,0,
600036.SH,600036,20251209,135254000,431000,0,0,60078,0,,,36362776,1567166528,433000,428300,431800,431800,431100,431200,431300,431400,431500,431600,431700,431800,431900,432000,4500,8300,24500,10500,4500,5600,22500,57800,7700,14600,431000,430900,430800,430700,430600,430500,430400,430300,430200,430100,17200,25800,53600,10700,15500,77400,1900,12100,12200,56100,439100,426180,9323810,4343876,0,0,0,0,0,
600036.SH,600036,20251209,135257000,431000,4200,181035,60086,0,,,36366976,1567347563,433000,428300,431800,431800,431100,431200,431300,431400,431500,431600,431700,431800,431900,432000,3100,8300,25000,11500,4100,5600,22100,57800,7700,14600,431000,430900,430800,430700,430600,430500,430400,430300,430200,430100,14500,25800,53600,10700,15500,77400,1900,12100,12200,56100,439110,426180,9320810,4341176,0,0,0,0,0,
600036.SH,600036,20251209,135300000,431000,6900,297393,60100,0,,,36373876,1567644956,433000,428300,431800,431800,431100,431200,431300,431400,431500,431600,431700,431800,431900,432000,3800,8400,24900,11500,4100,5600,22100,57800,7700,14600,431000,430900,430800,430700,430600,430500,430400,430300,430200,430100,11700,25800,53800,10700,15300,77400,1900,12100,12200,56100,439110,426180,9321510,4338476,0,0,0,0,0,
600036.SH,600036,20251209,135303000,431100,2400,103441,60112,0,,,36376276,1567748397,433000,428300,431800,431800,431100,431200,431300,431400,431500,431600,431700,431800,431900,432000,4100,8400,27000,11500,4000,5600,22100,57800,7700,13600,431000,430900,430800,430700,430600,430500,430400,430300,430200,430100,11000,25800,53800,10600,15300,77400,1900,12100,12200,56100,439100,426180,9322910,4338976,0,0,0,0,0,
600036.SH,600036,20251209,135306000,431100,500,21555,60113,0,,,36376776,1567769952,433000,428300,431800,431800,431100,431200,431300,431400,431500,431600,431700,431800,431900,432000,4800,8500,26700,11500,4100,5600,22100,57800,7700,13600,431000,430900,430800,430700,430600,430500,430400,430300,430200,430100,12200,25800,53800,10600,15300,77400,1900,12100,12200,56100,439100,426180,9323210,4340176,0,0,0,0,0,
600036.SH,600036,20251209,135309000,431000,4400,189640,60122,0,,,36381176,1567959592,433000,428300,431800,431800,431100,431200,431300,431400,431500,431600,431700,431800,431900,432000,6200,9500,26000,11400,4100,5600,22100,57800,7700,10100,431000,430900,430800,430700,430600,430500,430400,430300,430200,430100,9400,25800,54000,10600,15300,77500,1900,12100,12200,56100,439110,426170,9321310,4337676,0,0,0,0,0,
600036.SH,600036,20251209,135312000,431000,3000,129326,60131,0,,,36384176,1568088918,433000,428300,431800,431800,431100,431200,431300,431400,431500,431600,431700,431800,431900,432000,3600,9500,23900,11400,4100,5600,22100,57800,7700,10100,431000,430900,430800,430700,430600,430500,430400,430300,430200,430100,9000,25900,54000,10600,15300,77500,1900,12100,12200,56100,439110,426170,9316510,4337276,0,0,0,0,0,
600036.SH,600036,20251209,135315000,431100,7500,323287,60150,0,,,36391676,1568412205,433000,428300,431800,431800,431100,431200,431300,431400,431500,431600,431700,431800,431900,432000,4400,13500,19500,11300,23900,5600,22100,57800,7700,10100,431000,430900,430800,430700,430600,430500,430400,430300,430200,430100,5500,25900,54000,10600,15300,77500,1900,12100,12200,56100,439100,426170,9333410,4334276,0,0,0,0,0,
600036.SH,600036,20251209,135318000,431100,5600,241408,60157,0,,,36397276,1568653613,433000,428300,431800,431800,431100,431200,431300,431400,431500,431600,431700,431800,431900,432000,500,13400,27200,11300,23900,5600,22100,57800,7700,10100,431000,430900,430800,430700,430600,430500,430400,430300,430200,430100,5000,25900,54000,10600,15300,77500,1900,12100,12200,56100,439090,426170,9337710,4333576,0,0,0,0,0,
600036.SH,600036,20251209,135321000,431000,1800,77582,60163,0,,,36399076,1568731195,433000,428300,431800,431800,431100,431200,431300,431400,431500,431600,431700,431800,431900,432000,7400,14300,27200,11300,23900,5600,22100,57800,7700,10100,431000,430900,430800,430700,430600,430500,430400,430300,430200,430100,4200,25900,54000,10600,15300,77500,1900,12100,12200,56100,439080,426170,9345510,4332776,0,0,0,0,0,
600036.SH,600036,20251209,135324000,431000,100,4310,60164,0,,,36399176,1568735505,433000,428300,431800,431800,431100,431200,431300,431400,431500,431600,431700,431800,431900,432000,10100,14300,25100,11300,23900,5600,22100,57800,7700,10100,431000,430900,430800,430700,430600,430500,430400,430300,430200,430100,4400,25900,21800,10600,15300,77500,1900,12100,12200,56100,439080,426130,9345210,4300476,0,0,0,0,0,
600036.SH,600036,20251209,135327000,431000,4600,198260,60178,0,,,36403776,1568933765,433000,428300,431800,431800,431000,431100,431200,431300,431400,431500,431600,431700,431800,431900,2200,10100,14700,25100,10900,23900,5600,22100,57800,7700,430900,430800,430700,430600,430500,430400,430300,430200,430100,430000,26100,21800,10600,15300,79500,1900,12100,12200,56100,209100,439080,426130,9347210,4298676,0,0,0,0,0,
600036.SH,600036,20251209,135330000,431000,1600,68950,60183,0,,,36405376,1569002715,433000,428300,431800,431800,431000,431100,431200,431300,431400,431500,431600,431700,431800,431900,2600,9900,15500,25100,10200,23900,5600,22100,57800,7700,430900,430800,430700,430600,430500,430400,430300,430200,430100,430000,30700,21800,10600,15300,79500,1900,12100,12200,56100,208100,439080,426130,9347310,4302376,0,0,0,0,0,
600036.SH,600036,20251209,135333000,430900,3000,129293,60192,0,,,36408376,1569132008,433000,428300,431800,431800,431000,431100,431200,431300,431400,431500,431600,431700,431800,431900,4100,21900,13500,13200,9500,23900,5600,22100,57800,7700,430900,430800,430700,430600,430500,430400,430300,430200,430100,430000,30000,21800,10600,15300,79500,1900,12100,12200,56100,208100,439080,426130,9345210,4301676,0,0,0,0,0,
600036.SH,600036,20251209,135336000,430900,1700,73253,60195,0,,,36410076,1569205261,433000,428300,431800,431800,431000,431100,431200,431300,431400,431500,431600,431700,431800,431900,4500,21800,12900,13600,9100,23900,5600,22100,57800,7700,430900,430800,430700,430600,430500,430400,430300,430200,430100,430000,28300,21800,10600,15300,79500,1900,12100,12200,56100,208100,439090,426130,9339910,4299976,0,0,0,0,0,
600036.SH,600036,20251209,135339000,430900,1600,68944,60198,0,,,36411676,1569274205,433000,428300,431800,431800,431000,431100,431200,431300,431400,431500,431600,431700,431800,431900,5100,22100,12700,13600,9100,23900,5600,22100,57800,7700,430900,430800,430700,430600,430500,430400,430300,430200,430100,430000,27400,37900,10600,15300,79500,1900,12100,12200,58000,208200,439090,426150,9335710,4317076,0,0,0,0,0,
600036.SH,600036,20251209,135342000,431000,3300,142200,60204,0,,,36414976,1569416405,433000,428300,431800,431800,431000,431100,431200,431300,431400,431500,431600,431700,431800,431900,4800,21800,12700,13600,9100,23900,5600,22100,57800,7700,430900,430800,430700,430600,430500,430400,430300,430200,430100,430000,24600,37900,10600,15300,79500,1900,12100,12200,58000,208200,439090,426150,9334810,4314176,0,0,0,0,0,
600036.SH,600036,20251209,135345000,430900,9500,409357,60215,0,,,36424476,1569825762,433000,428300,431800,431800,431000,431100,431200,431300,431400,431500,431600,431700,431800,431900,7600,21800,12000,13600,9000,23900,6300,22100,58800,7000,430900,430800,430700,430600,430500,430400,430300,430200,430100,430000,15400,37900,10600,15300,79500,1900,12100,12200,58000,208200,439090,426140,9338110,4304976,0,0,0,0,0,
600036.SH,600036,20251209,135348000,430900,18900,814401,60240,0,,,36443376,1570640163,433000,428300,431800,431800,430900,431000,431100,431200,431300,431400,431500,431600,431700,431800,7900,7800,24600,12200,8000,8400,23900,6300,22100,58800,430800,430700,430600,430500,430400,430300,430200,430100,430000,429900,37300,10600,15200,79500,1900,12100,12200,58100,208200,18500,439080,426120,9355110,4288976,0,0,0,0,0,
600036.SH,600036,20251209,135351000,430800,1600,68928,60245,0,,,36444976,1570709091,433000,428300,431800,431800,430900,431000,431100,431200,431300,431400,431500,431600,431700,431800,10600,5600,24600,12800,8000,8400,23900,6300,22100,58800,430800,430700,430600,430500,430400,430300,430200,430100,430000,429900,36100,10200,15200,80000,1900,12100,12200,58100,208400,18500,439070,426120,9356210,4288076,0,0,0,0,0,
600036.SH,600036,20251209,135354000,430800,4800,206829,60251,0,,,36449776,1570915920,433000,428300,431800,431800,430900,431000,431100,431200,431300,431400,431500,431600,431700,431800,6200,5600,24600,12800,8000,8400,23900,6300,22100,58800,430800,430700,430600,430500,430400,430300,430200,430100,430000,429900,41100,10200,15300,80000,1900,12100,12200,58100,208400,18500,439080,426130,9351810,4295176,0,0,0,0,0,
600036.SH,600036,20251209,135357000,430800,4400,189578,60260,0,,,36454176,1571105498,433000,428300,431800,431800,430900,431000,431100,431200,431300,431400,431500,431600,431700,431800,16600,5600,18200,12800,8000,8400,23900,6300,22100,58800,430800,430700,430600,430500,430400,430300,430200,430100,430000,429900,39100,10300,15300,96100,1900,12100,12200,58100,208400,18500,439070,426140,9356410,4310576,0,0,0,0,0,
600036.SH,600036,20251209,135400000,430800,0,0,60260,0,,,36454176,1571105498,433000,428300,431800,431800,430900,431000,431100,431200,431300,431400,431500,431600,431700,431800,16700,6400,18200,12800,8000,8400,23900,6300,22100,58800,430800,430700,430600,430500,430400,430300,430200,430100,430000,429900,39300,10300,15300,96100,1900,12100,12200,58100,208400,18600,439070,426140,9357310,4310876,0,0,0,0,0,
600036.SH,600036,20251209,135403000,430900,600,25854,60261,0,,,36454776,1571131352,433000,428300,431800,431800,430900,431000,431100,431200,431300,431400,431500,431600,431700,431800,16200,6900,18000,12800,8000,8400,23900,6300,22100,58800,430800,430700,430600,430500,430400,430300,430200,430100,430000,429900,40300,10300,15300,96100,1900,12100,12200,58100,208400,18500,439070,426140,9357310,4309876,0,0,0,0,0,
600036.SH,600036,20251209,135406000,430900,500,21545,60264,0,,,36455276,1571152897,433000,428300,431800,431800,430900,431000,431100,431200,431300,431400,431500,431600,431700,431800,15800,7600,18000,11900,8000,8400,23900,6300,22100,58800,430800,430700,430600,430500,430400,430300,430200,430100,430000,429900,40600,10600,15400,96500,1900,12100,12200,58100,208400,18500,439070,426140,9356510,4310976,0,0,0,0,0,
600036.SH,600036,20251209,135409000,430800,3600,155106,60272,0,,,36458876,1571308003,433000,428300,431800,431800,430900,431000,431100,431200,431300,431400,431500,431600,431700,431800,14400,7400,18000,11900,8000,8400,23900,6300,22100,58800,430800,430700,430600,430500,430400,430300,430200,430100,430000,429900,38600,11500,15400,96500,1900,12100,12200,58100,208400,18500,439080,426140,9354910,4308876,0,0,0,0,0,
600036.SH,600036,20251209,135412000,430900,2600,112025,60279,0,,,36461476,1571420028,433000,428300,431800,431800,430900,431000,431100,431200,431300,431400,431500,431600,431700,431800,14700,7400,17400,11900,8100,8400,23900,6300,22100,58800,430800,430700,430600,430500,430400,430300,430200,430100,430000,429900,38100,11500,15600,96500,1900,12100,12200,58900,208400,18500,439080,426140,9354710,4309476,0,0,0,0,0,
600036.SH,600036,20251209,135415000,430900,8200,353320,60288,0,,,36469676,1571773348,433000,428300,431800,431800,430900,431000,431100,431200,431300,431400,431500,431600,431700,431800,8400,8400,17400,12500,8100,8400,23900,6300,22100,59800,430800,430700,430600,430500,430400,430300,430200,430100,430000,429900,37000,11500,15600,96500,1900,12100,12200,58900,208500,18500,439100,426140,9325110,4307776,0,0,0,0,0,
600036.SH,600036,20251209,135418000,430900,3800,163729,60303,0,,,36473476,1571937077,433000,428300,431800,431800,430900,431000,431100,431200,431300,431400,431500,431600,431700,431800,6800,8400,17200,12600,8100,8400,23900,6300,22100,59800,430800,430700,430600,430500,430400,430300,430200,430100,430000,429900,20600,11600,16700,96500,1900,12100,12200,58900,208500,18500,439100,426120,9322910,4293276,0,0,0,0,0,
600036.SH,600036,20251209,135421000,430800,1200,51696,60307,0,,,36474676,1571988773,433000,428300,431800,431800,430900,431000,431100,431200,431300,431400,431500,431600,431700,431800,7300,8400,17200,13100,8100,8400,23900,6300,22100,59800,430800,430700,430600,430500,430400,430300,430200,430100,430000,429900,30700,11600,16700,96500,1900,12100,12200,58900,208500,18500,439100,426130,9323910,4302676,0,0,0,0,0,
600036.SH,600036,20251209,135424000,431000,18300,788566,60334,0,,,36492976,1572777339,433000,428300,431800,431800,431000,431100,431200,431300,431400,431500,431600,431700,431800,431900,6100,17200,13100,8100,8400,23900,6300,22100,59800,7000,430900,430800,430700,430600,430500,430400,430300,430200,430100,430000,13300,30700,11600,16700,96600,1900,12100,12200,58900,208500,439110,426150,9314310,4316076,0,0,0,0,0,
600036.SH,600036,20251209,135427000,430900,4000,172365,60344,0,,,36496976,1572949704,433000,428300,431800,431800,431000,431100,431200,431300,431400,431500,431600,431700,431800,431900,5700,17200,13000,8100,8400,23900,6300,21800,59800,7000,430900,430800,430700,430600,430500,430400,430300,430200,430100,430000,19200,29600,11600,32800,96600,1900,12100,12200,58900,213500,439110,426180,9314010,4343476,0,0,0,0,0,
600036.SH,600036,20251209,135430000,430900,5700,245613,60351,0,,,36502676,1573195317,433000,428300,431800,431800,431000,431100,431200,431300,431400,431500,431600,431700,431800,431900,5700,16800,12500,8100,8800,23900,6700,21800,59800,7000,430900,430800,430700,430600,430500,430400,430300,430200,430100,430000,21700,34600,11600,32800,96600,1900,12100,12200,58900,213500,439110,426180,9313910,4350976,0,0,0,0,0,
600036.SH,600036,20251209,135433000,431000,6300,271480,60363,0,,,36508976,1573466797,433000,428300,431800,431800,431000,431100,431200,431300,431400,431500,431600,431700,431800,431900,18800,13600,12500,8100,8800,23900,6700,21800,59800,7000,430900,430800,430700,430600,430500,430400,430300,430200,430100,430000,19700,34100,11600,32800,96600,1900,12100,12200,58900,213500,439100,426180,9323710,4347476,0,0,0,0,0,
600036.SH,600036,20251209,135436000,430900,9800,422336,60381,0,,,36518776,1573889133,433000,428300,431800,431800,431000,431100,431200,431300,431400,431500,431600,431700,431800,431900,38600,13600,12500,8100,8800,23900,6700,21800,59800,7000,430900,430800,430700,430600,430500,430400,430300,430200,430100,430000,10000,34100,11600,32800,96600,1900,12100,12200,58900,213700,439080,426170,9343310,4336076,0,0,0,0,0,
600036.SH,600036,20251209,135439000,430900,3400,146506,60384,0,,,36522176,1574035639,433000,428300,431800,431800,431000,431100,431200,431300,431400,431500,431600,431700,431800,431900,55900,13600,12500,8100,8800,23900,6700,21800,59800,7000,430900,430800,430700,430600,430500,430400,430300,430200,430100,430000,7100,34100,11600,32800,96600,1900,12100,12200,58900,213700,439070,426170,9359510,4333376,0,0,0,0,0,
600036.SH,600036,20251209,135442000,430900,7900,340411,60399,0,,,36530076,1574376050,433000,428300,431800,431800,430900,431000,431100,431200,431300,431400,431500,431600,431700,431800,21400,70400,15000,12500,8100,8800,23900,6700,21800,59800,430800,430700,430600,430500,430400,430300,430200,430100,430000,429900,22400,11600,32900,96600,1900,12100,12200,58900,213900,18500,439030,426150,9397410,4313876,0,0,0,0,0,
600036.SH,600036,20251209,135445000,430800,8700,374799,60419,0,,,36538776,1574750849,433000,428300,431800,431800,430900,431000,431100,431200,431300,431400,431500,431600,431700,431800,23500,68300,15000,12500,8100,8600,23900,6700,21800,59700,430800,430700,430600,430500,430400,430300,430200,430100,430000,429900,12400,11600,32900,96600,1900,12100,12200,58900,213900,18500,439030,426140,9397310,4303776,0,0,0,0,0,
600036.SH,600036,20251209,135448000,430800,1300,56004,60428,0,,,36540076,1574806853,433000,428300,431800,431800,430900,431000,431100,431200,431300,431400,431500,431600,431700,431800,23800,68300,18500,12500,8100,8600,23900,6700,21800,59400,430800,430700,430600,430500,430400,430300,430200,430100,430000,429900,11100,10400,32900,96900,1900,12100,12200,58900,210900,18200,439030,426130,9400510,4298276,0,0,0,0,0,
600036.SH,600036,20251209,135451000,430800,0,0,60428,0,,,36540076,1574806853,433000,428300,431800,431800,430900,431000,431100,431200,431300,431400,431500,431600,431700,431800,24600,68400,18500,12500,8100,8600,23900,6700,21800,59400,430800,430700,430600,430500,430400,430300,430200,430100,430000,429900,11200,10400,32900,96900,1900,12100,12200,58900,210900,18200,439030,426130,9398910,4298376,0,0,0,0,0,
600036.SH,600036,20251209,135454000,430900,5800,249920,60435,0,,,36545876,1575056773,433000,428300,431800,431800,430900,431000,431100,431200,431300,431400,431500,431600,431700,431800,31700,59600,18500,12500,8100,8600,23900,6700,21800,59400,430800,430700,430600,430500,430400,430300,430200,430100,430000,429900,11000,10600,32900,96900,1900,12100,12200,58900,210900,18200,439030,426130,9397410,4296376,0,0,0,0,0,
600036.SH,600036,20251209,135457000,430800,700,30156,60440,0,,,36546576,1575086929,433000,428300,431800,431800,430900,431000,431100,431200,431300,431400,431500,431600,431700,431800,35100,59600,22300,12500,8100,8600,23900,6700,21800,59400,430800,430700,430600,430500,430400,430300,430200,430100,430000,429900,11000,10600,32900,96900,1900,12100,12200,58900,210900,18200,439030,426130,9404610,4296376,0,0,0,0,0,
600036.SH,600036,20251209,135500000,430900,1600,68939,60444,0,,,36548176,1575155868,433000,428300,431800,431800,430900,431000,431100,431200,431300,431400,431500,431600,431700,431800,34300,59600,22300,12500,8100,8600,23900,6700,21800,59400,430800,430700,430600,430500,430400,430300,430200,430100,430000,429900,10800,10600,32900,96900,1900,12100,12200,55900,210900,18200,439030,426140,9404310,4303076,0,0,0,0,0,
600036.SH,600036,20251209,135503000,430800,1100,47388,60446,0,,,36549276,1575203256,433000,428300,431800,431800,430900,431000,431100,431200,431300,431400,431500,431600,431700,431800,34400,58500,22300,12500,8100,8600,23900,6700,21800,59400,430800,430700,430600,430500,430400,430300,430200,430100,430000,429900,10500,10600,32900,96900,1900,12100,12200,55900,210900,18200,439030,426140,9402810,4302776,0,0,0,0,0,
600036.SH,600036,20251209,135506000,430800,12700,547128,60465,0,,,36561976,1575750384,433000,428300,431800,431800,430900,431000,431100,431200,431300,431400,431500,431600,431700,431800,33200,53000,22300,12500,8100,8600,23900,6700,21800,59400,430700,430600,430500,430400,430300,430200,430100,430000,429900,429800,10600,32800,96900,1900,12100,13600,55900,210900,18200,11700,439030,426130,9396110,4296676,0,0,0,0,0,
600036.SH,600036,20251209,135509000,430800,300,12924,60467,0,,,36562276,1575763308,433000,428300,431800,431800,430800,430900,431000,431100,431200,431300,431400,431500,431600,431700,600,39400,53100,22300,11900,8100,8600,23900,6700,21800,430700,430600,430500,430400,430300,430200,430100,430000,429900,429800,11100,32300,94900,1900,12100,14400,57000,211400,18200,11700,439030,426130,9402810,4298976,0,0,0,0,0,
600036.SH,600036,20251209,135512000,430700,8300,357497,60484,0,,,36570576,1576120805,433000,428300,431800,431800,430800,430900,431000,431100,431200,431300,431400,431500,431600,431700,9800,49300,48600,11000,11900,8100,8600,23900,6700,21800,430700,430600,430500,430400,430300,430200,430100,430000,429900,429800,4800,32300,94900,2300,12100,15500,56500,211400,18200,11700,439030,426120,9405610,4293276,0,0,0,0,0,
600036.SH,600036,20251209,135515000,430800,5900,254169,60497,0,,,36576476,1576374974,433000,428300,431800,431800,430800,430900,431000,431100,431200,431300,431400,431500,431600,431700,6600,48500,48500,11000,11900,8100,9100,23900,6700,20900,430700,430600,430500,430400,430300,430200,430100,430000,429900,429800,6400,32300,95400,3400,12100,15500,55900,210900,18200,11700,439030,426130,9400610,4294976,0,0,0,0,0,
600036.SH,600036,20251209,135518000,430700,1600,68912,60501,0,,,36578076,1576443886,433000,428300,431800,431800,430800,430900,431000,431100,431200,431300,431400,431500,431600,431700,8100,48500,53300,11000,7900,8100,9100,23900,6700,20900,430700,430600,430500,430400,430300,430200,430100,430000,429900,429800,7200,32300,95400,3400,12100,14100,55900,210900,18200,11700,439030,426130,9402910,4294376,0,0,0,0,0,
600036.SH,600036,20251209,135521000,430800,9600,413478,60519,0,,,36587676,1576857364,433000,428300,431800,431800,430800,430900,431000,431100,431200,431300,431400,431500,431600,431700,7500,48500,53300,11000,7900,8100,9100,23900,6700,20900,430600,430500,430400,430300,430200,430100,430000,429900,429800,429700,33500,95900,2900,12100,13700,55900,211500,18200,11700,9800,439030,426120,9401910,4288676,0,0,0,0,0,
600036.SH,600036,20251209,135524000,430700,3400,146443,60526,0,,,36591076,1577003807,433000,428300,431800,431800,430800,430900,431000,431100,431200,431300,431400,431500,431600,431700,15300,39700,53300,11000,7900,8100,9100,23900,6700,20900,430700,430600,430500,430400,430300,430200,430100,430000,429900,429800,1600,45700,97000,2900,12100,12900,55900,211600,18200,11700,439030,426130,9400210,4302876,0,0,0,0,0,
600036.SH,600036,20251209,135527000,430800,5600,241247,60540,0,,,36596676,1577245054,433000,428300,431800,431800,430800,430900,431000,431100,431200,431300,431400,431500,431600,431700,11000,39600,53500,11200,7900,8100,9100,23900,6700,20900,430700,430600,430500,430400,430300,430200,430100,430000,429900,429800,2100,45700,96900,3600,12100,12900,55900,211000,18200,11700,439030,426130,9395910,4302676,0,0,0,0,0,
600036.SH,600036,20251209,135530000,430800,18300,788164,60566,0,,,36614976,1578033218,433000,428300,431800,431800,430800,430900,431000,431100,431200,431300,431400,431500,431600,431700,10800,39600,54000,11600,7900,8100,9100,23900,6700,21300,430700,430600,430500,430400,430300,430200,430100,430000,429900,429800,900,39900,96900,4600,12000,12900,55900,211000,18200,11700,439030,426130,9401610,4296676,0,0,0,0,0,
600036.SH,600036,20251209,135533000,430700,100,4307,60567,0,,,36615076,1578037525,433000,428300,431800,431800,430800,430900,431000,431100,431200,431300,431400,431500,431600,431700,10700,39700,54500,11600,7400,8100,9100,23900,6700,21300,430700,430600,430500,430400,430300,430200,430100,430000,429900,429800,400,35300,96800,4600,12500,12900,55900,211000,18200,11700,439030,426120,9401610,4292376,0,0,0,0,0,
600036.SH,600036,20251209,135536000,430700,600,25842,60570,0,,,36615676,1578063367,433000,428300,431800,431800,430800,430900,431000,431100,431200,431300,431400,431500,431600,431700,11800,29700,58100,11600,7400,8100,9100,23900,6700,21300,430700,430600,430500,430400,430300,430200,430100,430000,429900,429800,2600,36500,96800,4600,12500,12900,55900,211000,18200,11700,439030,426130,9396610,4296676,0,0,0,0,0,
600036.SH,600036,20251209,135539000,430700,3600,155055,60579,0,,,36619276,1578218422,433000,428300,431800,431800,430700,430800,430900,431000,431100,431200,431300,431400,431500,431600,1800,11700,29700,58100,11600,7400,8100,9100,23900,6700,430600,430500,430400,430300,430200,430100,430000,429900,429800,429700,36200,96500,4600,12500,12900,55900,211000,18200,11700,9800,439030,426130,9398310,4298876,0,0,0,0,0,
600036.SH,600036,20251209,135542000,430700,5100,219657,60588,0,,,36624376,1578438079,433000,428300,431800,431800,430700,430800,430900,431000,431100,431200,431300,431400,431500,431600,11100,11700,29700,57900,11600,7400,8100,9100,23900,6700,430600,430500,430400,430300,430200,430100,430000,429900,429800,429700,37200,96500,4600,12500,12900,55900,211000,18200,11700,9800,439020,426130,9407410,4299876,0,0,0,0,0,
600036.SH,600036,20251209,135545000,430700,21300,917363,60600,0,,,36645676,1579355442,433000,428300,431800,431800,430800,430900,431000,431100,431200,431300,431400,431500,431600,431700,21400,33200,47000,600,7400,8100,9100,23900,6700,400,430600,430500,430400,430300,430200,430100,430000,429900,429800,429700,34400,96500,4600,12500,12900,55900,212700,18200,11700,9800,439060,426130,9364910,4299176,0,0,0,0,0,
600036.SH,600036,20251209,135548000,430700,500,21535,60602,0,,,36646176,1579376977,433000,428300,431800,431800,430800,430900,431000,431100,431200,431300,431400,431500,431600,431700,21400,33100,46500,600,7400,8100,9100,23900,6700,400,430600,430500,430400,430300,430200,430100,430000,429900,429800,429700,34400,96500,4600,12500,12900,56000,212700,18200,11700,9800,439060,426130,9362310,4299276,0,0,0,0,0,
600036.SH,600036,20251209,135551000,430600,4400,189524,60607,0,,,36650576,1579566501,433000,428300,431800,431800,430800,430900,431000,431100,431200,431300,431400,431500,431600,431700,18800,16700,46500,8400,16600,8100,9100,23900,6700,400,430600,430500,430400,430300,430200,430100,430000,429900,429800,429700,33000,96500,4000,12500,12900,56000,213400,18200,11700,9800,439060,426130,9359710,4298076,0,0,0,0,0,
600036.SH,600036,20251209,135554000,430600,9500,409168,60618,0,,,36660076,1579975669,433000,428300,431800,431800,430800,430900,431000,431100,431200,431300,431400,431500,431600,431700,14800,16700,46400,8400,16600,8100,9100,23900,6700,400,430600,430500,430400,430300,430200,430100,430000,429900,429800,429700,28600,96500,4000,12500,12900,57400,213400,18200,11700,9800,439070,426120,9355610,4294976,0,0,0,0,0,
600036.SH,600036,20251209,135557000,430600,500,21530,60619,0,,,36660576,1579997199,433000,428300,431800,431800,430800,430900,431000,431100,431200,431300,431400,431500,431600,431700,14800,16600,46500,8400,16600,8100,9100,23900,6700,400,430700,430600,430500,430400,430300,430200,430100,430000,429900,429800,300,28500,96500,4000,12500,12900,57400,213400,18200,11700,439070,426120,9355610,4295176,0,0,0,0,0,
600036.SH,600036,20251209,135600000,430700,1900,81838,60631,0,,,36662476,1580079037,433000,428300,431800,431800,430800,430900,431000,431100,431200,431300,431400,431500,431600,431700,15000,24400,58400,600,7000,8100,9100,23900,6700,400,430700,430600,430500,430400,430300,430200,430100,430000,429900,429800,5500,27500,96500,4600,12500,12900,57400,212700,18200,11700,439060,426170,9357110,4366276,0,0,0,0,0,
600036.SH,600036,20251209,135603000,430700,6500,279955,60639,0,,,36668976,1580358992,433000,428300,431800,431800,430800,430900,431000,431100,431200,431300,431400,431500,431600,431700,15200,22300,58400,600,7000,8100,9100,23900,6700,400,430600,430500,430400,430300,430200,430100,430000,429900,429800,429700,27500,97100,4600,12500,12900,58100,212700,18200,11700,9200,439070,426170,9355210,4361476,0,0,0,0,0,
600036.SH,600036,20251209,135606000,430700,3000,129230,60643,0,,,36671976,1580488222,433000,428300,431800,431800,430700,430800,430900,431000,431100,431200,431300,431400,431500,431600,4000,19500,22400,58400,600,7000,8100,9100,23900,6700,430600,430500,430400,430300,430200,430100,430000,429900,429800,429700,27500,97200,4600,13100,12900,58100,212900,18200,11700,9200,439060,426170,9363210,4362376,0,0,0,0,0,
600036.SH,600036,20251209,135609000,430700,2600,111967,60650,0,,,36674576,1580600189,433000,428300,431800,431800,430700,430800,430900,431000,431100,431200,431300,431400,431500,431600,3200,27000,26800,45600,600,7000,8100,9100,23900,6700,430600,430500,430400,430300,430200,430100,430000,429900,429800,429700,27100,97200,4600,13100,12900,58200,212900,18200,11700,9200,439060,426170,9361010,4362276,0,0,0,0,0,
600036.SH,600036,20251209,135612000,430700,15700,676199,60658,0,,,36690276,1581276388,433000,428300,431800,431800,430800,430900,431000,431100,431200,431300,431400,431500,431600,431700,27000,20500,45500,1000,7000,8100,9100,23900,6700,400,430700,430600,430500,430400,430300,430200,430100,430000,429900,429800,12400,27100,97200,4600,13100,12900,58200,212400,18200,11700,439070,426180,9352710,4374276,0,0,0,0,0,
600036.SH,600036,20251209,135615000,430700,14000,602992,60671,0,,,36704276,1581879380,433000,428300,431800,431800,430700,430800,430900,431000,431100,431200,431300,431400,431500,431600,600,25900,20200,45500,1000,6000,8100,9100,22900,6700,430600,430500,430400,430300,430200,430100,430000,429900,429800,429700,25800,97200,4600,13100,12900,58200,212400,18200,11700,9200,439070,426170,9350410,4360576,0,0,0,0,0,
600036.SH,600036,20251209,135618000,430700,4200,180869,60679,0,,,36708476,1582060249,433000,428300,431800,431800,430700,430800,430900,431000,431100,431200,431300,431400,431500,431600,4700,25900,21500,45500,1400,6400,8100,8700,22900,6300,430600,430500,430400,430300,430200,430100,430000,429900,429800,429700,25700,97200,4600,13100,12900,58200,212400,18200,11700,9200,439060,426170,9356310,4360376,0,0,0,0,0,
600036.SH,600036,20251209,135621000,430700,800,34456,60683,0,,,36709276,1582094705,433000,428300,431800,431800,430700,430800,430900,431000,431100,431200,431300,431400,431500,431600,4500,21600,21500,45500,1400,6400,8100,8700,22900,6300,430600,430500,430400,430300,430200,430100,430000,429900,429800,429700,25800,97400,4600,13100,12900,58200,212400,18200,11700,9200,439070,426170,9351810,4361476,0,0,0,0,0,
600036.SH,600036,20251209,135624000,430600,2400,103344,60684,0,,,36711676,1582198049,433000,428300,431800,431800,430700,430800,430900,431000,431100,431200,431300,431400,431500,431600,15400,22000,21500,45100,1400,6400,8100,8700,22900,6300,430600,430500,430400,430300,430200,430100,430000,429900,429800,429700,23000,97400,4600,13100,12900,58200,212400,18200,12700,9700,439060,426160,9362710,4360076,0,0,0,0,0,
600036.SH,600036,20251209,135627000,430600,4500,193814,60689,0,,,36716176,1582391863,433000,428300,431800,431800,430700,430800,430900,431000,431100,431200,431300,431400,431500,431600,11000,22000,21500,45100,1400,6500,8100,8700,22900,6300,430600,430500,430400,430300,430200,430100,430000,429900,429800,429700,22600,97400,4600,13100,12900,58200,212500,18200,12900,9700,439060,426160,9358410,4360976,0,0,0,0,0,
600036.SH,600036,20251209,135630000,430600,12700,546877,60701,0,,,36728876,1582938740,433000,428300,431800,431800,430700,430800,430900,431000,431100,431200,431300,431400,431500,431600,11900,22000,21500,46000,1400,6500,8100,8700,22900,6300,430600,430500,430400,430300,430200,430100,430000,429900,429800,429700,12000,97400,4600,13100,12900,58200,212600,18200,12900,9700,439060,426150,9361310,4350976,0,0,0,0,0,
600036.SH,600036,20251209,135633000,430600,1100,47371,60704,0,,,36729976,1582986111,433000,428300,431800,431800,430700,430800,430900,431000,431100,431200,431300,431400,431500,431600,11400,22000,21600,46100,1400,6500,8100,7300,22900,6300,430600,430500,430400,430300,430200,430100,430000,429900,429800,429700,12400,97400,4600,13400,12900,61200,212600,18200,12900,9700,439060,426160,9362510,4354576,0,0,0,0,0,
600036.SH,600036,20251209,135636000,430600,9000,387590,60708,0,,,36738976,1583373701,433000,428300,431800,431800,430700,430800,430900,431000,431100,431200,431300,431400,431500,431600,33700,19900,21600,46100,1400,6500,8100,7300,22900,6300,430600,430500,430400,430300,430200,430100,430000,429900,429800,429700,9000,97400,4600,13400,12900,61200,213600,18200,12900,9700,439040,426160,9382710,4352676,0,0,0,0,0,
600036.SH,600036,20251209,135639000,430600,14000,602840,60736,0,,,36752976,1583976541,433000,428300,431800,431800,430700,430800,430900,431000,431100,431200,431300,431400,431500,431600,42400,26000,21500,44900,1400,6500,8100,7300,22900,7300,430600,430500,430400,430300,430200,430100,430000,429900,429800,429700,200,97400,4600,13400,12900,61200,213600,18200,12900,9700,439040,426150,9385610,4343476,0,0,0,0,0,
600036.SH,600036,20251209,135642000,430600,5800,249754,60749,0,,,36758776,1584226295,433000,428300,431800,431800,430700,430800,430900,431000,431100,431200,431300,431400,431500,431600,40500,19900,21900,51300,1000,6500,8100,7300,22900,7300,430500,430400,430300,430200,430100,430000,429900,429800,429700,429600,96000,3400,12800,13400,61200,214300,18800,12900,9700,24800,439040,426160,9384010,4361576,0,0,0,0,0,
600036.SH,600036,20251209,135645000,430600,500,21530,60752,0,,,36759276,1584247825,433000,428300,431800,431800,430600,430700,430800,430900,431000,431100,431200,431300,431400,431500,1800,42000,19900,21900,51400,1000,6500,8100,7300,22900,430500,430400,430300,430200,430100,430000,429900,429800,429700,429600,96000,3100,12800,12700,61600,211800,18800,12900,10400,24800,439030,426160,9387810,4358876,0,0,0,0,0,
600036.SH,600036,20251209,135648000,430500,3800,163595,60756,0,,,36763076,1584411420,433000,428300,431800,431800,430600,430700,430800,430900,431000,431100,431200,431300,431400,431500,25200,61500,11000,9000,44900,1000,7000,8100,7300,22900,430500,430400,430300,430200,430100,430000,429900,429800,429700,429600,104400,3100,12800,12700,62600,211800,18800,12900,10400,24800,439020,426170,9402110,4368676,0,0,0,0,0,
600036.SH,600036,20251209,135651000,430500,3200,137790,60762,0,,,36766276,1584549210,433000,428300,431800,431800,430600,430700,430800,430900,431000,431100,431200,431300,431400,431500,22200,61500,11300,9400,44400,600,6900,8100,7300,22900,430500,430400,430300,430200,430100,430000,429900,429800,429700,429600,104200,3500,14200,23700,61900,211100,18200,12900,10600,24800,439020,426180,9399310,4379876,0,0,0,0,0,
600036.SH,600036,20251209,135654000,430600,15100,650085,60770,0,,,36781376,1585199295,433000,428300,431800,431800,430600,430700,430800,430900,431000,431100,431200,431300,431400,431500,22200,64100,11100,9400,44400,600,6900,8100,7300,22900,430500,430400,430300,430200,430100,430000,429900,429800,429700,429600,92500,3500,13400,24000,61900,211100,18200,12900,10600,24800,439020,426170,9401310,4368676,0,0,0,0,0,
600036.SH,600036,20251209,135657000,430500,200,8611,60772,0,,,36781576,1585207906,433000,428300,431800,431800,430600,430700,430800,430900,431000,431100,431200,431300,431400,431500,22300,65100,11100,9400,44300,600,6900,8100,7300,23900,430500,430400,430300,430200,430100,430000,429900,429800,429700,429600,93900,3500,14400,24000,61900,211100,18200,12900,10600,24800,439020,426170,9403210,4371276,0,0,0,0,0,
600036.SH,600036,20251209,135700000,430500,2300,99020,60776,0,,,36783876,1585306926,433000,428300,431800,431800,430600,430700,430800,430900,431000,431100,431200,431300,431400,431500,21800,65100,11100,9400,44300,600,6900,8100,7300,23900,430500,430400,430300,430200,430100,430000,429900,429800,429700,429600,92900,3600,14400,24000,61900,211100,18200,12900,10600,24900,439020,426170,9402610,4370276,0,0,0,0,0,
600036.SH,600036,20251209,135703000,430500,32300,1390538,60781,0,,,36816176,1586697464,433000,428300,431800,431800,430600,430700,430800,430900,431000,431100,431200,431300,431400,431500,19500,63800,11100,9400,44300,600,6900,8100,7300,23900,430500,430400,430300,430200,430100,430000,429900,429800,429700,429600,63400,3600,14400,24000,61900,211100,18200,12900,10600,24900,439030,426140,9389210,4341076,0,0,0,0,0,
600036.SH,600036,20251209,135706000,430600,800,34448,60784,0,,,36816976,1586731912,433000,428300,431800,431800,430600,430700,430800,430900,431000,431100,431200,431300,431400,431500,19300,63700,11100,9400,44300,600,6900,8100,7300,24100,430500,430400,430300,430200,430100,430000,429900,429800,429700,429600,62300,3600,14500,24000,61900,211300,18200,12900,10600,24900,439030,426140,9389410,4340676,0,0,0,0,0,
600036.SH,600036,20251209,135709000,430500,3200,137765,60793,0,,,36820176,1586869677,433000,428300,431800,431800,430600,430700,430800,430900,431000,431100,431200,431300,431400,431500,18900,63700,11100,9400,44300,600,6900,8100,7300,24100,430500,430400,430300,430200,430100,430000,429900,429800,429700,429600,62500,3900,14500,24000,61900,211300,18000,12900,10600,24900,439020,426140,9400710,4341176,0,0,0,0,0,
600036.SH,600036,20251209,135712000,430500,3000,129157,60800,0,,,36823176,1586998834,433000,428300,431800,431800,430600,430700,430800,430900,431000,431100,431200,431300,431400,431500,18300,63700,11100,9400,44300,600,6900,8100,7300,24100,430500,430400,430300,430200,430100,430000,429900,429800,429700,429600,60900,3900,14500,24000,61200,211300,14900,12900,10600,24900,439020,426130,9400210,4335776,0,0,0,0,0,
600036.SH,600036,20251209,135715000,430500,3900,167924,60807,0,,,36827076,1587166758,433000,428300,431800,431800,430600,430700,430800,430900,431000,431100,431200,431300,431400,431500,16000,63800,11100,9400,44300,600,6900,8100,7300,24100,430500,430400,430300,430200,430100,430000,429900,429800,429700,429600,59900,3900,14500,27000,61200,211300,14900,12900,10600,24900,439020,426140,9398010,4337076,0,0,0,0,0,
600036.SH,600036,20251209,135718000,430600,12300,529590,60818,0,,,36839376,1587696348,433000,428300,431800,431800,430600,430700,430800,430900,431000,431100,431200,431300,431400,431500,9900,38200,8000,9400,44300,600,6900,8100,7300,24100,430500,430400,430300,430200,430100,430000,429900,429800,429700,429600,55500,4000,14500,27000,61500,211300,14900,12900,10600,24900,439060,426130,9363210,4333076,0,0,0,0,0,
600036.SH,600036,20251209,135721000,430600,1900,81811,60823,0,,,36841276,1587778159,433000,428300,431800,431800,430600,430700,430800,430900,431000,431100,431200,431300,431400,431500,8300,38200,8000,9400,44300,600,6900,8100,7300,24100,430500,430400,430300,430200,430100,430000,429900,429800,429700,429600,56600,4000,14500,27000,62300,211800,14900,12900,10600,24900,439060,426130,9361910,4335476,0,0,0,0,0,
600036.SH,600036,20251209,135724000,430600,6400,275552,60842,0,,,36847676,1588053711,433000,428300,431800,431800,430600,430700,430800,430900,431000,431100,431200,431300,431400,431500,5300,40300,2900,9400,44300,600,6900,8100,7300,24200,430500,430400,430300,430200,430100,430000,429900,429800,429700,429600,53400,4000,14500,27000,62300,211800,14900,12900,10600,24900,439060,426130,9365710,4332976,0,0,0,0,0,
600036.SH,600036,20251209,135727000,430500,1100,47365,60847,0,,,36848776,1588101076,433000,428300,431800,431800,430600,430700,430800,430900,431000,431100,431200,431300,431400,431500,16800,40300,2900,9400,44300,600,6900,8100,7300,24200,430500,430400,430300,430200,430100,430000,429900,429800,429700,429600,53600,4000,14500,27000,62300,212000,14900,12900,10600,24900,439050,426130,9376510,4333576,0,0,0,0,0,
600036.SH,600036,20251209,135730000,430600,3900,167898,60850,0,,,36852676,1588268974,433000,428300,431800,431800,430600,430700,430800,430900,431000,431100,431200,431300,431400,431500,16800,36800,2900,9400,44300,600,6900,8100,7300,25200,430500,430400,430300,430200,430100,430000,429900,429800,429700,429600,50600,4000,14500,27000,61600,212000,14900,12900,10600,24900,439050,426140,9375110,4342876,0,0,0,0,0,
600036.SH,600036,20251209,135733000,430500,1300,55965,60852,0,,,36853976,1588324939,433000,428300,431800,431800,430600,430700,430800,430900,431000,431100,431200,431300,431400,431500,16200,36800,2900,34900,44300,600,6900,8100,7300,25200,430500,430400,430300,430200,430100,430000,429900,429800,429700,429600,49900,4000,14500,27000,61600,212000,14900,12900,10600,24100,439030,426130,9400010,4341376,0,0,0,0,0,
600036.SH,600036,20251209,135736000,430500,3100,133481,60865,0,,,36857076,1588458420,433000,428300,431800,431800,430600,430700,430800,430900,431000,431100,431200,431300,431400,431500,14200,36800,2900,34900,44300,600,6900,8100,8300,25200,430500,430400,430300,430200,430100,430000,429900,429800,429700,429600,50900,4000,14500,27000,61800,212300,14900,12900,10600,24100,439030,426140,9399010,4343376,0,0,0,0,0,
600036.SH,600036,20251209,135739000,430500,2100,90410,60868,0,,,36859176,1588548830,433000,428300,431800,431800,430600,430700,430800,430900,431000,431100,431200,431300,431400,431500,13800,36800,2900,34900,44300,600,6900,8100,8300,25200,430500,430400,430300,430200,430100,430000,429900,429800,429700,429600,50600,4000,14500,27300,61800,212300,14900,12900,10600,24100,439030,426140,9398410,4344676,0,0,0,0,0,
600036.SH,600036,20251209,135742000,430600,400,17224,60872,0,,,36859576,1588566054,433000,428300,431800,431800,430600,430700,430800,430900,431000,431100,431200,431300,431400,431500,13900,36800,2300,34900,44300,600,6900,8100,8300,25200,430500,430400,430300,430200,430100,430000,429900,429800,429700,429600,51500,4000,14500,27300,61800,212300,14900,12900,10600,24100,439030,426140,9398310,4345576,0,0,0,0,0,
600036.SH,600036,20251209,135745000,430600,5700,245390,60881,0,,,36865276,1588811444,433000,428300,431800,431800,430600,430700,430800,430900,431000,431100,431200,431300,431400,431500,13400,33800,2300,35400,44300,600,6900,8100,8300,25200,430500,430400,430300,430200,430100,430000,429900,429800,429700,429600,46300,4000,14500,27300,61800,212300,14900,12900,10600,24100,439030,426130,9395810,4340776,0,0,0,0,0,
600036.SH,600036,20251209,135748000,430600,3600,154991,60889,0,,,36868876,1588966435,433000,428300,431800,431800,430600,430700,430800,430900,431000,431100,431200,431300,431400,431500,14400,33800,2300,35400,44300,600,6900,8100,8300,25200,430500,430400,430300,430200,430100,430000,429900,429800,429700,429600,43800,4000,14500,27300,61800,212400,14900,12900,10600,24100,439030,426130,9395910,4340676,0,0,0,0,0,
600036.SH,600036,20251209,135751000,430600,6400,275540,60894,0,,,36875276,1589241975,433000,428300,431800,431800,430600,430700,430800,430900,431000,431100,431200,431300,431400,431500,14000,28800,2300,35400,44300,600,6900,8100,8300,25200,430500,430400,430300,430200,430100,430000,429900,429800,429700,429600,39600,4000,14500,27500,61800,212400,14900,12900,10600,24100,439030,426130,9390510,4338676,0,0,0,0,0,
600036.SH,600036,20251209,135754000,430600,4900,210990,60911,0,,,36880176,1589452965,433000,428300,431800,431800,430600,430700,430800,430900,431000,431100,431200,431300,431400,431500,7600,28200,2300,35400,44300,600,6900,8000,8300,25200,430500,430400,430300,430200,430100,430000,429900,429800,429700,429600,39700,4000,14500,27500,61800,212400,14900,12900,10600,24100,439040,426130,9383010,4339176,0,0,0,0,0,
600036.SH,600036,20251209,135757000,430500,45600,1963120,60986,0,,,36925776,1591416085,433000,428300,431800,431800,430500,430600,430700,430800,430900,431000,431100,431200,431300,431400,9500,6400,28200,1900,35400,44300,600,6900,8000,8300,430400,430300,430200,430100,430000,429900,429800,429700,429600,429500,5400,14500,27500,61800,212300,14900,12900,10600,24100,60400,439030,426090,9390910,4300276,0,0,0,0,0,
600036.SH,600036,20251209,135800000,430500,100,4305,60987,0,,,36925876,1591420390,433000,428300,431800,431800,430500,430600,430700,430800,430900,431000,431100,431200,431300,431400,21500,6400,16700,1900,35000,44300,600,6900,8000,8300,430400,430300,430200,430100,430000,429900,429800,429700,429600,429500,9400,13800,27500,61800,212900,14900,12900,10600,24100,60400,439030,426090,9392710,4304276,0,0,0,0,0,
600036.SH,600036,20251209,135803000,430500,4000,172175,61005,0,,,36929876,1591592565,433000,428300,431800,431800,430500,430600,430700,430800,430900,431000,431100,431200,431300,431400,21300,6100,12800,1900,35000,44300,600,6900,8000,8300,430400,430300,430200,430100,430000,429900,429800,429700,429600,429500,9000,13800,27500,62300,213200,14900,12900,10600,24100,60400,439030,426100,9388310,4305076,0,0,0,0,0,
600036.SH,600036,20251209,135806000,430500,18500,796289,61034,0,,,36948376,1592388854,433000,428300,431800,431800,430500,430600,430700,430800,430900,431000,431100,431200,431300,431400,2900,6100,12800,1400,31800,44300,600,6900,8000,8300,430400,430300,430200,430100,430000,429900,429800,429700,429600,429500,1700,18200,28100,62300,213200,14900,12900,10600,24100,60400,439050,426090,9366210,4302676,0,0,0,0,0,
600036.SH,600036,20251209,135809000,430500,1600,68877,61046,0,,,36949976,1592457731,433000,428300,431800,431800,430500,430600,430700,430800,430900,431000,431100,431200,431300,431400,3000,6400,11300,1400,31900,44300,600,6900,8000,8300,430400,430300,430200,430100,430000,429900,429800,429700,429600,429500,5500,19200,28100,62300,213200,14900,12900,10600,24100,60400,439060,426100,9365510,4312776,0,0,0,0,0,
600036.SH,600036,20251209,135812000,430500,14600,628390,61068,0,,,36964576,1593086121,433000,428300,431800,431800,430500,430600,430700,430800,430900,431000,431100,431200,431300,431400,3900,5300,11200,1400,31900,44300,600,6900,8000,8300,430400,430300,430200,430100,430000,429900,429800,429700,429600,429500,2900,20500,31500,62300,213200,14900,12900,10600,24100,60200,439060,426100,9363710,4315276,0,0,0,0,0,
600036.SH,600036,20251209,135815000,430500,3900,167895,61088,0,,,36968476,1593254016,433000,428300,431800,431800,430600,430700,430800,430900,431000,431100,431200,431300,431400,431500,5300,11200,1400,31900,44300,600,6900,8000,8300,25200,430500,430400,430300,430200,430100,430000,429900,429800,429700,429600,900,5300,20600,31500,63000,213200,15100,12900,10600,24100,439060,426110,9358810,4319676,0,0,0,0,0,
600036.SH,600036,20251209,135818000,430500,0,0,61088,0,,,36968476,1593254016,433000,428300,431800,431800,430600,430700,430800,430900,431000,431100,431200,431300,431400,431500,5800,11200,1400,31900,44300,600,6900,8000,8300,25200,430500,430400,430300,430200,430100,430000,429900,429800,429700,429600,1800,5400,20600,31500,63000,212500,15100,12900,10600,24100,439060,426110,9359310,4320076,0,0,0,0,0,
600036.SH,600036,20251209,135821000,430600,300,12918,61090,0,,,36968776,1593266934,433000,428300,431800,431800,430600,430700,430800,430900,431000,431100,431200,431300,431400,431500,5500,11200,1400,31900,44300,600,6900,8000,8300,25200,430500,430400,430300,430200,430100,430000,429900,429800,429700,429600,4400,5500,20500,31500,63700,212500,15100,13100,10600,24100,439060,426110,9359010,4322876,0,0,0,0,0,
600036.SH,600036,20251209,135824000,430500,4000,172207,61096,0,,,36972776,1593439141,433000,428300,431800,431800,430600,430700,430800,430900,431000,431100,431200,431300,431400,431500,16100,9200,1400,31900,44300,600,6900,8000,8300,25200,430500,430400,430300,430200,430100,430000,429900,429800,429700,429600,1700,4500,20500,31900,65700,213000,15100,13100,10600,24100,439050,426110,9367710,4322276,0,0,0,0,0,
600036.SH,600036,20251209,135827000,430500,1200,51660,61101,0,,,36973976,1593490801,433000,428300,431800,431800,430600,430700,430800,430900,431000,431100,431200,431300,431400,431500,43500,9200,1400,31800,44400,600,6900,8000,8300,25200,430500,430400,430300,430200,430100,430000,429900,429800,429700,429600,700,5500,20500,31900,65700,213000,15100,13100,10600,24300,439030,426110,9394910,4321876,0,0,0,0,0,
600036.SH,600036,20251209,135830000,430500,6600,284089,61120,0,,,36980576,1593774890,433000,428300,431800,431800,430500,430600,430700,430800,430900,431000,431100,431200,431300,431400,2900,44300,9200,1500,31800,44400,600,6900,8000,8300,430400,430300,430200,430100,430000,429900,429800,429700,429600,429500,1400,19300,31500,67500,216200,15100,13500,10600,24300,60300,439020,426110,9398810,4322776,0,0,0,0,0,
600036.SH,600036,20251209,135833000,430500,100,4305,61121,0,,,36980676,1593779195,433000,428300,431800,431800,430500,430600,430700,430800,430900,431000,431100,431200,431300,431400,3800,44500,9200,1400,31800,44400,600,6900,8000,8300,430400,430300,430200,430100,430000,429900,429800,429700,429600,429500,1500,19300,31500,67500,215400,16000,13500,10600,24300,60300,439020,426110,9399810,4323376,0,0,0,0,0,
600036.SH,600036,20251209,135836000,430500,9700,417546,61137,0,,,36990376,1594196741,433000,428300,431800,431800,430500,430600,430700,430800,430900,431000,431100,431200,431300,431400,600,44500,9200,1400,31800,44400,600,6900,8000,8300,430300,430200,430100,430000,429900,429800,429700,429600,429500,429400,13800,31500,67500,215400,16000,13500,10600,24300,60300,8200,439030,426100,9396810,4315976,0,0,0,0,0,
600036.SH,600036,20251209,135839000,430300,9100,391591,61158,0,,,36999476,1594588332,433000,428300,431800,431800,430500,430600,430700,430800,430900,431000,431100,431200,431300,431400,31200,17500,2700,1400,31800,44400,600,6900,7800,8300,430300,430200,430100,430000,429900,429800,429700,429600,429500,429400,7800,31500,67900,215400,16000,13100,10600,24300,60300,8200,439030,426100,9393710,4310176,0,0,0,0,0,
600036.SH,600036,20251209,135842000,430400,200,8608,61159,0,,,36999676,1594596940,433000,428300,431800,431800,430400,430500,430600,430700,430800,430900,431000,431100,431200,431300,300,31400,17500,3200,1400,31300,44400,600,6900,7800,430300,430200,430100,430000,429900,429800,429700,429600,429500,429400,8400,31500,67900,216000,16200,13100,10600,24300,60300,8200,439030,426100,9394210,4310576,0,0,0,0,0,
600036.SH,600036,20251209,135845000,430500,2900,124800,61168,0,,,37002576,1594721740,433000,428300,431800,431800,430500,430600,430700,430800,430900,431000,431100,431200,431300,431400,31400,17500,3500,1400,31300,44400,600,6900,7700,8300,430300,430200,430100,430000,429900,429800,429700,429600,429500,429400,6900,31600,67900,216200,16200,13100,10600,24300,60300,8200,439030,426100,9394110,4311376,0,0,0,0,0,
600036.SH,600036,20251209,135848000,430400,1800,77456,61173,0,,,37004376,1594799196,433000,428300,431800,431800,430500,430600,430700,430800,430900,431000,431100,431200,431300,431400,31400,17500,3500,1400,31300,44400,600,6900,7700,8300,430300,430200,430100,430000,429900,429800,429700,429600,429500,429400,7400,30700,67900,218200,16200,13100,11000,24800,60300,8200,439030,426100,9394110,4313876,0,0,0,0,0,
600036.SH,600036,20251209,135851000,430400,1400,60264,61177,0,,,37005776,1594859460,433000,428300,431800,431800,430500,430600,430700,430800,430900,431000,431100,431200,431300,431400,31000,17500,2700,1000,31300,44400,1100,6900,8100,8300,430300,430200,430100,430000,429900,429800,429700,429600,429500,429400,9800,32000,67900,217700,16200,13100,11000,24800,60300,8200,439030,426100,9393410,4317176,0,0,0,0,0,
600036.SH,600036,20251209,135854000,430500,1400,60269,61179,0,,,37007176,1594919729,433000,428300,431800,431800,430500,430600,430700,430800,430900,431000,431100,431200,431300,431400,29800,17500,2700,1000,31300,44500,1100,6900,8100,8300,430300,430200,430100,430000,429900,429800,429700,429600,429500,429400,11000,31500,67000,217100,16600,13200,11400,25200,60700,8200,439030,426100,9392310,4318776,0,0,0,0,0,
600036.SH,600036,20251209,135857000,430400,1600,68849,61184,0,,,37008776,1594988578,433000,428300,431800,431800,430500,430600,430700,430800,430900,431000,431100,431200,431300,431400,30200,16600,2700,1000,31300,44500,1100,6900,8100,8300,430400,430300,430200,430100,430000,429900,429800,429700,429600,429500,300,12300,31500,67000,217100,16600,13200,11400,25200,60700,439030,426100,9392310,4322376,0,0,0,0,0,
600036.SH,600036,20251209,135900000,430500,1800,77481,61193,0,,,37010576,1595066059,433000,428300,431800,431800,430500,430600,430700,430800,430900,431000,431100,431200,431300,431400,33800,17700,2700,1000,31300,44500,1100,6900,8100,8300,430400,430300,430200,430100,430000,429900,429800,429700,429600,429500,400,18200,32600,68800,217300,16600,13200,9900,24300,60500,439030,426110,9402810,4329776,0,0,0,0,0,
600036.SH,600036,20251209,135903000,430500,1100,47354,61200,0,,,37011676,1595113413,433000,428300,431800,431800,430500,430600,430700,430800,430900,431000,431100,431200,431300,431400,32900,17600,2700,1500,31300,44500,600,6900,8100,8300,430400,430300,430200,430100,430000,429900,429800,429700,429600,429500,3800,18200,32600,68800,217900,16600,13200,9900,24300,61000,439030,426120,9401010,4334576,0,0,0,0,0,
600036.SH,600036,20251209,135906000,430500,3500,150658,61209,0,,,37015176,1595264071,433000,428300,431800,431800,430500,430600,430700,430800,430900,431000,431100,431200,431300,431400,31100,17600,2700,1500,31300,44500,600,6900,8100,8300,430400,430300,430200,430100,430000,429900,429800,429700,429600,429500,2700,18200,32600,68800,218000,16600,13200,9900,24300,61600,439040,426120,9398210,4334976,0,0,0,0,0,
600036.SH,600036,20251209,135909000,430500,17900,770288,61250,0,,,37033076,1596034359,433000,428300,431800,431800,430500,430600,430700,430800,430900,431000,431100,431200,431300,431400,31800,17600,2700,1500,31300,44500,600,6900,8100,8300,430300,430200,430100,430000,429900,429800,429700,429600,429500,429400,24000,32600,69300,218000,16600,13200,9900,24300,61600,8200,439030,426120,9399310,4340676,0,0,0,0,0,
600036.SH,600036,20251209,135912000,430400,16100,692827,61268,0,,,37049176,1596727186,433000,428300,431800,431800,430500,430600,430700,430800,430900,431000,431100,431200,431300,431400,34700,17600,2700,1500,31300,44500,600,6900,8100,8300,430400,430300,430200,430100,430000,429900,429800,429700,429600,429500,100,12300,32600,69300,220400,16600,13200,9900,24300,61700,439030,426110,9402310,4331976,0,0,0,0,0,
600036.SH,600036,20251209,135915000,430500,6500,279822,61284,0,,,37055676,1597007008,433000,428300,431800,431800,430500,430600,430700,430800,430900,431000,431100,431200,431300,431400,28600,17600,2700,1500,31300,44500,600,6900,8100,8300,430400,430300,430200,430100,430000,429900,429800,429700,429600,429500,400,17100,32600,69800,220800,16600,13200,9900,24300,61700,439040,426120,9396210,4337976,0,0,0,0,0,
600036.SH,600036,20251209,135918000,430500,2800,120527,61299,0,,,37058476,1597127535,433000,428300,431800,431800,430500,430600,430700,430800,430900,431000,431100,431200,431300,431400,26800,17600,2700,1500,31300,44500,600,6900,8100,8300,430400,430300,430200,430100,430000,429900,429800,429700,429600,429500,11600,17300,32100,68400,220800,17100,13200,10800,24900,61700,439040,426130,9394110,4349576,0,0,0,0,0,
600036.SH,600036,20251209,135921000,430500,26000,1119300,61343,0,,,37084476,1598246835,433000,428300,431800,431800,430500,430600,430700,430800,430900,431000,431100,431200,431300,431400,800,17700,2700,1500,31300,44500,600,6900,8100,8300,430400,430300,430200,430100,430000,429900,429800,429700,429600,429500,20600,19300,32100,68600,220800,17100,13200,10800,24900,61700,439060,426140,9365210,4360876,0,0,0,0,0,
600036.SH,600036,20251209,135924000,430600,1000,43052,61351,0,,,37085476,1598289887,433000,428300,431800,431800,430600,430700,430800,430900,431000,431100,431200,431300,431400,431500,17400,2600,1600,31300,44500,600,6900,8100,8300,25300,430500,430400,430300,430200,430100,430000,429900,429800,429700,429600,5300,18600,19300,32200,67800,223500,17100,13200,10800,24900,439060,426140,9364110,4365276,0,0,0,0,0,
600036.SH,600036,20251209,135927000,430500,100,4305,61352,0,,,37085576,1598294192,433000,428300,431800,431800,430600,430700,430800,430900,431000,431100,431200,431300,431400,431500,17600,2700,1600,31300,44500,600,6900,8100,8300,25300,430500,430400,430300,430200,430100,430000,429900,429800,429700,429600,16800,19800,20300,34200,66600,223100,16700,13200,9900,24300,439060,426150,9364410,4377676,0,0,0,0,0,
600036.SH,600036,20251209,135930000,430600,25700,1106547,61415,0,,,37111276,1599400739,433000,428300,431800,431800,430600,430700,430800,430900,431000,431100,431200,431300,431400,431500,1600,2700,1600,31300,44500,600,6900,8100,8300,25300,430500,430400,430300,430200,430100,430000,429900,429800,429700,429600,7900,37300,20300,34200,66600,223000,17100,13200,9900,24100,439080,426160,9348410,4385776,0,0,0,0,0,
600036.SH,600036,20251209,135933000,430600,1700,73202,61420,0,,,37112976,1599473941,433000,428300,431800,431800,430600,430700,430800,430900,431000,431100,431200,431300,431400,431500,6300,2900,1500,31500,44500,600,6900,8100,8300,25300,430500,430400,430300,430200,430100,430000,429900,429800,429700,429600,11900,37300,20300,35300,66600,223000,17100,13200,9900,24100,439070,426170,9353410,4399676,0,0,0,0,0,
600036.SH,600036,20251209,135936000,430500,3700,159310,61428,0,,,37116676,1599633251,433000,428300,431800,431800,430600,430700,430800,430900,431000,431100,431200,431300,431400,431500,4700,2900,1500,31500,44500,600,6900,8100,8300,25300,430500,430400,430300,430200,430100,430000,429900,429800,429700,429600,14300,37300,19800,35300,66600,220800,17100,13200,9900,24100,439070,426170,9351610,4400376,0,0,0,0,0,
600036.SH,600036,20251209,135939000,430500,300,12915,61431,0,,,37116976,1599646166,433000,428300,431800,431800,430600,430700,430800,430900,431000,431100,431200,431300,431400,431500,5300,2900,1500,31500,44500,600,6900,8000,8300,25300,430500,430400,430300,430200,430100,430000,429900,429800,429700,429600,14800,37300,19800,35300,66600,220300,17200,13200,9900,24100,439070,426170,9352210,4400476,0,0,0,0,0,
600036.SH,600036,20251209,135942000,430600,100,4306,61432,0,,,37117076,1599650472,433000,428300,431800,431800,430600,430700,430800,430900,431000,431100,431200,431300,431400,431500,5500,2900,1500,31500,44500,600,6900,8000,8300,25300,430500,430400,430300,430200,430100,430000,429900,429800,429700,429600,14800,37500,19800,37200,66600,220300,17200,13200,9900,24100,439070,426180,9352410,4404576,0,0,0,0,0,
600036.SH,600036,20251209,135945000,430600,5500,236826,61443,0,,,37122576,1599887298,433000,428300,431800,431800,430600,430700,430800,430900,431000,431100,431200,431300,431400,431500,1500,2900,1500,31500,44500,600,6900,9000,8300,25300,430500,430400,430300,430200,430100,430000,429900,429800,429700,429600,15400,37600,19800,37600,68800,220300,17200,13200,9900,24100,439080,426180,9349510,4407376,0,0,0,0,0,
600036.SH,600036,20251209,135948000,430500,2000,86108,61448,0,,,37124576,1599973406,433000,428300,431800,431800,430600,430700,430800,430900,431000,431100,431200,431300,431400,431500,1000,2900,1500,31500,39700,600,6900,9000,8300,25300,430500,430400,430300,430200,430100,430000,429900,429800,429700,429600,15300,37600,20300,37600,68400,219800,17200,13200,9900,24100,439080,426180,9344110,4407276,0,0,0,0,0,
600036.SH,600036,20251209,135951000,430500,600,25834,61452,0,,,37125176,1599999240,433000,428300,431800,431800,430600,430700,430800,430900,431000,431100,431200,431300,431400,431500,3800,2900,1500,32100,39700,600,6900,9000,8300,25300,430500,430400,430300,430200,430100,430000,429900,429800,429700,429600,16300,38200,20300,34900,68400,220500,17200,13200,9900,24100,439080,426180,9347510,4407176,0,0,0,0,0,
600036.SH,600036,20251209,135954000,430500,200,8610,61453,0,,,37125376,1600007850,433000,428300,431800,431800,430600,430700,430800,430900,431000,431100,431200,431300,431400,431500,3900,2900,2600,32100,39600,600,6900,9000,8300,25300,430500,430400,430300,430200,430100,430000,429900,429800,429700,429600,18400,37800,20300,34900,68400,220500,17700,13200,9900,24100,439080,426180,9348810,4409476,0,0,0,0,0,
600036.SH,600036,20251209,135957000,430600,400,17224,61455,0,,,37125776,1600025074,433000,428300,431800,431800,430600,430700,430800,430900,431000,431100,431200,431300,431400,431500,4300,2900,2600,32100,39600,600,6900,9000,8300,25300,430500,430400,430300,430200,430100,430000,429900,429800,429700,429600,18400,37800,20300,34900,68400,225000,17700,13200,9900,24100,439080,426190,9348910,4415176,0,0,0,0,0,
600036.SH,600036,20251209,140000000,430600,900,38746,61457,0,,,37126676,1600063820,433000,428300,431800,431800,430600,430700,430800,430900,431000,431100,431200,431300,431400,431500,4400,2500,2100,31900,39600,600,6900,9000,8300,25300,430500,430400,430300,430200,430100,430000,429900,429800,429700,429600,20900,37800,20300,34900,68400,225000,17700,13200,9900,24100,439080,426190,9346610,4417076,0,0,0,0,0,
600036.SH,600036,20251209,140003000,430600,1500,64590,61462,0,,,37128176,1600128410,433000,428300,431800,431800,430600,430700,430800,430900,431000,431100,431200,431300,431400,431500,4800,2500,2100,31900,39600,600,6900,9000,8300,25300,430500,430400,430300,430200,430100,430000,429900,429800,429700,429600,21600,37900,20100,35600,68400,224300,17700,13200,9900,24100,439080,426190,9346610,4417576,0,0,0,0,0,
600036.SH,600036,20251209,140006000,430600,24600,1059050,61510,0,,,37152776,1601187460,433000,428300,431800,431800,430600,430700,430800,430900,431000,431100,431200,431300,431400,431500,4400,2500,2100,31900,39600,600,6900,9000,8300,25300,430400,430300,430200,430100,430000,429900,429800,429700,429600,429500,26400,14700,35500,68800,224500,17700,13200,9900,24100,60800,439080,426150,9346210,4379776,0,0,0,0,0,
600036.SH,600036,20251209,140009000,430400,400,17222,61512,0,,,37153176,1601204682,433000,428300,431800,431800,430500,430600,430700,430800,430900,431000,431100,431200,431300,431400,200,4300,2500,2100,31900,39600,600,6900,9000,8300,430400,430300,430200,430100,430000,429900,429800,429700,429600,429500,26900,14700,34800,68800,225000,17700,13200,10500,24100,60800,439080,426160,9346310,4380676,0,0,0,0,0,
600036.SH,600036,20251209,140012000,430400,4000,172172,61523,0,,,37157176,1601376854,433000,428300,431800,431800,430500,430600,430700,430800,430900,431000,431100,431200,431300,431400,20000,4300,2500,2100,31900,39600,600,6900,9000,8300,430400,430300,430200,430100,430000,429900,429800,429700,429600,429500,6800,14700,32500,73800,225100,18200,14000,11600,24900,60800,439060,426140,9366110,4367576,0,0,0,0,0,
600036.SH,600036,20251209,140015000,430500,3600,154975,61526,0,,,37160776,1601531829,433000,428300,431800,431800,430500,430600,430700,430800,430900,431000,431100,431200,431300,431400,21300,2800,2500,2100,31800,39600,600,6900,9000,8300,430400,430300,430200,430100,430000,429900,429800,429700,429600,429500,6500,14800,33400,76100,225500,17300,13200,10500,24100,60800,439060,426140,9365810,4367876,0,0,0,0,0,
600036.SH,600036,20251209,140018000,430400,8000,344378,61532,0,,,37168776,1601876207,433000,428300,431800,431800,430500,430600,430700,430800,430900,431000,431100,431200,431300,431400,15600,2800,2500,2200,31700,39600,600,6900,9000,8300,430400,430300,430200,430100,430000,429900,429800,429700,429600,429500,7200,14800,33400,76100,225100,17300,13200,10500,24100,60800,439070,426140,9360710,4368176,0,0,0,0,0,
600036.SH,600036,20251209,140021000,430500,100,4305,61533,0,,,37168876,1601880512,433000,428300,431800,431800,430500,430600,430700,430800,430900,431000,431100,431200,431300,431400,15700,2800,2500,2200,31700,40100,600,6900,9000,8300,430400,430300,430200,430100,430000,429900,429800,429700,429600,429500,13200,15100,33500,76600,225100,17300,13200,10500,24100,60800,439070,426150,9361310,4374176,0,0,0,0,0,
600036.SH,600036,20251209,140024000,430300,16000,688638,61557,0,,,37184876,1602569150,433000,428300,431800,431800,430400,430500,430600,430700,430800,430900,431000,431100,431200,431300,78000,23300,2700,2500,2200,31700,40100,1100,6800,9000,430300,430200,430100,430000,429900,429800,429700,429600,429500,429400,14900,33500,76300,225100,17300,13200,10500,24100,60800,8200,438990,426140,9447810,4359476,0,0,0,0,0,
600036.SH,600036,20251209,140027000,430200,30000,1290868,61601,0,,,37214876,1603860018,433000,428300,431800,431800,430300,430400,430500,430600,430700,430800,430900,431000,431100,431200,4800,88400,22600,2900,2800,3000,31800,40100,1100,6400,430200,430100,430000,429900,429800,429700,429600,429500,429400,429300,30300,74000,224700,19800,13600,10500,24100,60800,8200,18000,438970,426120,9461910,4340576,0,0,0,0,0,
600036.SH,600036,20251209,140030000,430200,8200,352768,61625,0,,,37223076,1604212786,433000,428300,431800,431800,430300,430400,430500,430600,430700,430800,430900,431000,431100,431200,39800,88600,22600,3100,1800,3000,31400,40100,1100,6400,430200,430100,430000,429900,429800,429700,429600,429500,429400,429300,22200,73700,224400,20100,13600,10500,24100,60800,8200,18000,438940,426110,9495910,4332776,0,0,0,0,0,
600036.SH,600036,20251209,140033000,430300,4700,202207,61643,0,,,37227776,1604414993,433000,428300,431800,431800,430300,430400,430500,430600,430700,430800,430900,431000,431100,431200,38800,89500,22700,3100,1800,3000,31400,40100,1100,6400,430200,430100,430000,429900,429800,429700,429600,429500,429400,429300,24200,73700,224300,20100,13600,10500,24100,60800,8200,18000,438940,426110,9496910,4336576,0,0,0,0,0,
600036.SH,600036,20251209,140036000,430300,22600,972283,61670,0,,,37250376,1605387276,433000,428300,431800,431800,430300,430400,430500,430600,430700,430800,430900,431000,431100,431200,33700,89500,22700,1500,1600,3000,31400,40100,1100,6400,430200,430100,430000,429900,429800,429700,429600,429500,429400,429300,5400,73500,224400,20100,13600,10500,24100,60800,8200,18000,438950,426090,9489010,4317276,0,0,0,0,0,
600036.SH,600036,20251209,140039000,430300,5700,245265,61673,0,,,37256076,1605632541,433000,428300,431800,431800,430300,430400,430500,430600,430700,430800,430900,431000,431100,431200,41300,79800,22800,1500,1600,3000,31400,40100,1100,6400,430200,430100,430000,429900,429800,429700,429600,429500,429400,429300,6500,73500,223400,20100,13600,10500,24100,60800,8200,18000,438950,426090,9486810,4317376,0,0,0,0,0,
600036.SH,600036,20251209,140042000,430300,500,21514,61678,0,,,37256576,1605654055,433000,428300,431800,431800,430300,430400,430500,430600,430700,430800,430900,431000,431100,431200,41600,79800,22700,1500,1600,3000,31400,40200,1100,6400,430200,430100,430000,429900,429800,429700,429600,429500,429400,429300,7200,73400,224200,20100,13600,10500,24100,60800,8800,18000,438950,426100,9487110,4318776,0,0,0,0,0,
600036.SH,600036,20251209,140045000,430300,0,0,61678,0,,,37256576,1605654055,433000,428300,431800,431800,430300,430400,430500,430600,430700,430800,430900,431000,431100,431200,43500,79900,23100,1500,1600,3000,31400,39300,1100,6400,430200,430100,430000,429900,429800,429700,429600,429500,429400,429300,7500,74800,224400,20100,13600,10500,24100,60800,8800,18000,438950,426100,9488410,4320676,0,0,0,0,0,
600036.SH,600036,20251209,140048000,430300,3100,133367,61681,0,,,37259676,1605787422,433000,428300,431800,431800,430300,430400,430500,430600,430700,430800,430900,431000,431100,431200,43000,79900,23100,1500,1600,2000,31400,39200,1100,6400,430200,430100,430000,429900,429800,429700,429600,429500,429400,429300,7100,74800,224500,20100,13600,10500,24100,60800,8800,18000,438950,426100,9487810,4320376,0,0,0,0,0,
600036.SH,600036,20251209,140051000,430300,2100,90343,61686,0,,,37261776,1605877765,433000,428300,431800,431800,430300,430400,430500,430600,430700,430800,430900,431000,431100,431200,51300,79900,15800,1500,1600,2000,31000,39200,1100,6400,430200,430100,430000,429900,429800,429700,429600,429500,429400,429300,7800,74900,224700,19200,13600,10500,25100,60800,8800,18000,438950,426100,9488410,4321276,0,0,0,0,0,
600036.SH,600036,20251209,140054000,430300,11500,494797,61712,0,,,37273276,1606372562,433000,428300,431800,431800,430300,430400,430500,430600,430700,430800,430900,431000,431100,431200,44900,79900,15700,1500,1600,1000,31000,39200,1800,6400,430200,430100,430000,429900,429800,429700,429600,429500,429400,429300,6600,74900,224800,19200,14600,10500,25100,60800,8800,18000,438950,426100,9481610,4321476,0,0,0,0,0,
600036.SH,600036,20251209,140057000,430200,100,4302,61713,0,,,37273376,1606376864,433000,428300,431800,431800,430300,430400,430500,430600,430700,430800,430900,431000,431100,431200,44900,79900,15700,1500,1600,1000,31000,39200,1800,6900,430200,430100,430000,429900,429800,429700,429600,429500,429400,429300,7000,74900,224800,19200,14900,10500,25100,60800,8800,18000,438960,426100,9473510,4308176,0,0,0,0,0,
600036.SH,600036,20251209,140100000,430200,1600,68832,61718,0,,,37274976,1606445696,433000,428300,431800,431800,430300,430400,430500,430600,430700,430800,430900,431000,431100,431200,45000,79900,15600,1500,1600,1000,31000,39200,1800,6900,430200,430100,430000,429900,429800,429700,429600,429500,429400,429300,7900,74900,225000,19600,14900,10500,25100,60800,8800,18000,438950,426100,9472010,4309476,0,0,0,0,0,
600036.SH,600036,20251209,140103000,430300,1800,77446,61724,0,,,37276776,1606523142,433000,428300,431800,431800,430300,430400,430500,430600,430700,430800,430900,431000,431100,431200,44700,79900,15000,1900,1600,1000,30900,39200,1800,6900,430200,430100,430000,429900,429800,429700,429600,429500,429400,429300,8100,75200,225300,20000,14900,10500,25100,60800,8800,18000,438950,426100,9472810,4311076,0,0,0,0,0,
600036.SH,600036,20251209,140106000,430300,200,8606,61726,0,,,37276976,1606531748,433000,428300,431800,431800,430300,430400,430500,430600,430700,430800,430900,431000,431100,431200,44500,79900,15000,1900,1600,1000,30700,39200,1800,6900,430200,430100,430000,429900,429800,429700,429600,429500,429400,429300,8700,74400,221100,20000,14900,10500,25100,60800,8800,18000,438950,426100,9479410,4306676,0,0,0,0,0,
600036.SH,600036,20251209,140109000,430200,900,38724,61731,0,,,37277876,1606570472,433000,428300,431800,431800,430300,430400,430500,430600,430700,430800,430900,431000,431100,431200,44100,79900,14800,1800,1600,1000,30700,39200,1800,6900,430200,430100,430000,429900,429800,429700,429600,429500,429400,429300,9300,74400,221600,20100,14900,10500,25100,60800,8800,18000,438950,426100,9478710,4304876,0,0,0,0,0,
600036.SH,600036,20251209,140112000,430200,500,21510,61734,0,,,37278376,1606591982,433000,428300,431800,431800,430300,430400,430500,430600,430700,430800,430900,431000,431100,431200,43200,80300,14800,1400,1600,1000,30700,39200,1800,6900,430200,430100,430000,429900,429800,429700,429600,429500,429400,429300,9100,74400,221700,20100,15900,10500,25100,60800,8800,18000,438950,426100,9477210,4304776,0,0,0,0,0,
600036.SH,600036,20251209,140115000,430200,11900,511939,61766,0,,,37290276,1607103921,433000,428300,431800,431800,430300,430400,430500,430600,430700,430800,430900,431000,431100,431200,52600,80300,14800,1400,1600,1000,30700,39300,1800,6900,430200,430100,430000,429900,429800,429700,429600,429500,429400,429300,5700,74600,222800,20100,17900,10500,25100,60800,8800,18000,438940,426100,9486710,4304776,0,0,0,0,0,
600036.SH,600036,20251209,140118000,430200,7100,305443,61779,0,,,37297376,1607409364,433000,428300,431800,431800,430200,430300,430400,430500,430600,430700,430800,430900,431000,431100,3600,54000,80300,14800,1400,1600,1000,30700,39300,1800,430100,430000,429900,429800,429700,429600,429500,429400,429300,429200,74600,225300,20100,17900,10500,25100,60900,8800,18000,24000,438940,426090,9491710,4301176,0,0,0,0,0,
600036.SH,600036,20251209,140121000,430200,7900,339804,61791,0,,,37305276,1607749168,433000,428300,431800,431800,430200,430300,430400,430500,430600,430700,430800,430900,431000,431100,15300,48600,80700,15200,1000,1200,1000,30700,39300,1800,430100,430000,429900,429800,429700,429600,429500,429400,429300,429200,78500,225600,20300,17900,10500,25100,60900,8800,18000,24000,438940,426100,9493910,4305576,0,0,0,0,0,
600036.SH,600036,20251209,140124000,430200,18300,787197,61816,0,,,37323576,1608536365,433000,428300,431800,431800,430200,430300,430400,430500,430600,430700,430800,430900,431000,431100,21100,39800,80700,14700,1000,2000,1000,30700,39300,1500,430100,430000,429900,429800,429700,429600,429500,429400,429300,429200,71700,225600,20300,17900,10500,25100,60900,8800,18000,24000,438940,426090,9490410,4299176,0,0,0,0,0,
600036.SH,600036,20251209,140127000,430200,1200,51624,61822,0,,,37324776,1608587989,433000,428300,431800,431800,430200,430300,430400,430500,430600,430700,430800,430900,431000,431100,20900,38800,80700,14700,1000,2000,1000,30700,39300,1500,430100,430000,429900,429800,429700,429600,429500,429400,429300,429200,74100,225900,20300,18400,10500,25100,62000,8800,18000,24000,438940,426100,9489310,4302676,0,0,0,0,0,
600036.SH,600036,20251209,140130000,430100,1500,64524,61828,0,,,37326276,1608652513,433000,428300,431800,431800,430200,430300,430400,430500,430600,430700,430800,430900,431000,431100,21700,37700,80500,14700,1000,2000,1000,30700,39300,1500,430100,430000,429900,429800,429700,429600,429500,429400,429300,429200,71900,225900,20200,20400,10500,25100,62200,8800,18000,24000,438940,426100,9489010,4301876,0,0,0,0,0,
600036.SH,600036,20251209,140133000,430200,3800,163456,61840,0,,,37330076,1608815969,433000,428300,431800,431800,430200,430300,430400,430500,430600,430700,430800,430900,431000,431100,20000,37800,80500,14700,1000,2000,1000,30700,39200,900,430100,430000,429900,429800,429700,429600,429500,429400,429300,429200,71100,224700,20200,20400,10500,25100,62200,8800,18000,24000,438940,426090,9488710,4299876,0,0,0,0,0,
600036.SH,600036,20251209,140136000,430200,9000,387107,61854,0,,,37339076,1609203076,433000,428300,431800,431800,430200,430300,430400,430500,430600,430700,430800,430900,431000,431100,25300,30500,80500,14700,1000,2000,1000,30700,39200,900,430100,430000,429900,429800,429700,429600,429500,429400,429300,429200,64400,225100,20200,20400,10500,25100,62200,8800,18000,24000,438940,426090,9486710,4296576,0,0,0,0,0,
600036.SH,600036,20251209,140139000,430200,13900,597945,61864,0,,,37352976,1609801021,433000,428300,431800,431800,430200,430300,430400,430500,430600,430700,430800,430900,431000,431100,15700,30500,80000,14700,1000,2000,1000,30700,39200,900,430100,430000,429900,429800,429700,429600,429500,429400,429300,429200,61200,225200,20200,19700,10500,25100,62200,8800,18000,24000,438950,426090,9476510,4292776,0,0,0,0,0,
600036.SH,600036,20251209,140142000,430100,10600,455908,61874,0,,,37363576,1610256929,433000,428300,431800,431800,430200,430300,430400,430500,430600,430700,430800,430900,431000,431100,45500,31300,80000,14700,1000,2000,1000,30700,39200,900,430100,430000,429900,429800,429700,429600,429500,429400,429300,429200,112100,225300,20200,19700,10500,25100,62200,8800,18000,24000,438920,426130,9506810,4343776,0,0,0,0,0,
600036.SH,600036,20251209,140145000,430200,10300,443079,61888,0,,,37373876,1610700008,433000,428300,431800,431800,430200,430300,430400,430500,430600,430700,430800,430900,431000,431100,59900,31300,80000,14700,1000,2000,1000,30700,39200,900,430100,430000,429900,429800,429700,429600,429500,429400,429300,429200,110100,225300,20300,23100,10700,25100,61700,8800,18000,24000,438910,426130,9518210,4344776,0,0,0,0,0,
600036.SH,600036,20251209,140148000,430200,2900,124731,61892,0,,,37376776,1610824739,433000,428300,431800,431800,430200,430300,430400,430500,430600,430700,430800,430900,431000,431100,59800,31200,80000,14700,1000,2000,1000,30700,39200,900,430100,430000,429900,429800,429700,429600,429500,429400,429300,429200,107500,225100,20300,23100,10700,25100,61900,8800,18000,24000,438910,426130,9518210,4342276,0,0,0,0,0,
600036.SH,600036,20251209,140151000,430200,3600,154842,61897,0,,,37380376,1610979581,433000,428300,431800,431800,430200,430300,430400,430500,430600,430700,430800,430900,431000,431100,64800,31200,80000,14700,1000,2000,1000,30700,39200,900,430100,430000,429900,429800,429700,429600,429500,429400,429300,429200,103700,225500,20300,23100,10700,25100,61900,8800,18000,24000,438910,426130,9523210,4340276,0,0,0,0,0,
600036.SH,600036,20251209,140154000,430200,18000,774212,61921,0,,,37398376,1611753793,433000,428300,431800,431800,430200,430300,430400,430500,430600,430700,430800,430900,431000,431100,56500,31200,80000,14700,1000,2000,1000,30700,39200,900,430100,430000,429900,429800,429700,429600,429500,429400,429300,429200,90800,227000,20300,23600,10700,25100,62100,8800,18000,24000,438910,426120,9515310,4330076,0,0,0,0,0,
600036.SH,600036,20251209,140157000,430200,8200,352754,61944,0,,,37406576,1612106547,433000,428300,431800,431800,430200,430300,430400,430500,430600,430700,430800,430900,431000,431100,50600,31200,80000,14700,1000,2000,1000,30700,39200,900,430100,430000,429900,429800,429700,429600,429500,429400,429300,429200,92600,227000,20300,23600,10700,26300,62100,10800,18000,24000,438920,426110,9508110,4337576,0,0,0,0,0,
600036.SH,600036,20251209,140200000,430200,1700,73134,61946,0,,,37408276,1612179681,433000,428300,431800,431800,430200,430300,430400,430500,430600,430700,430800,430900,431000,431100,50900,31200,80000,14700,1200,2000,1000,30700,39200,1900,430100,430000,429900,429800,429700,429600,429500,429400,429300,429200,92700,228700,20300,23600,10700,26300,62100,10800,18000,24000,438920,426110,9509610,4339976,0,0,0,0,0,
600036.SH,600036,20251209,140203000,430100,2300,98928,61951,0,,,37410576,1612278609,433000,428300,431800,431800,430200,430300,430400,430500,430600,430700,430800,430900,431000,431100,58800,31200,80000,14700,1200,2000,1000,30700,39200,2900,430100,430000,429900,429800,429700,429600,429500,429400,429300,429200,91400,228700,20300,23600,10700,26300,62100,10800,18000,24000,438910,426110,9518410,4337176,0,0,0,0,0,
600036.SH,600036,20251209,140206000,430100,6100,262361,61959,0,,,37416676,1612540970,433000,428300,431800,431800,430200,430300,430400,430500,430600,430700,430800,430900,431000,431100,59700,31200,80000,14700,1200,2000,1000,30700,39200,2900,430100,430000,429900,429800,429700,429600,429500,429400,429300,429200,85800,228700,20300,23600,10700,26300,62100,10800,18000,24000,438910,426100,9522310,4326676,0,0,0,0,0,
600036.SH,600036,20251209,140209000,430200,13100,563549,61967,0,,,37429776,1613104519,433000,428300,431800,431800,430200,430300,430400,430500,430600,430700,430800,430900,431000,431100,47500,31300,80000,14700,1200,2000,1000,30700,39200,2900,430100,430000,429900,429800,429700,429600,429500,429400,429300,429200,85700,228700,20400,23600,10700,26300,61600,10800,18000,24000,438920,426100,9510210,4328076,0,0,0,0,0,
600036.SH,600036,20251209,140212000,430200,3400,146236,61971,0,,,37433176,1613250755,433000,428300,431800,431800,430200,430300,430400,430500,430600,430700,430800,430900,431000,431100,47300,31300,80000,14700,1100,2000,1000,30700,39200,2900,430100,430000,429900,429800,429700,429600,429500,429400,429300,429200,83400,229000,20500,23600,10700,26400,61600,10800,18000,24000,438920,426100,9509910,4326976,0,0,0,0,0,
600036.SH,600036,20251209,140215000,430200,3200,137653,61977,0,,,37436376,1613388408,433000,428300,431800,431800,430200,430300,430400,430500,430600,430700,430800,430900,431000,431100,46400,31100,80000,14700,1100,2000,1000,30700,39200,2900,430100,430000,429900,429800,429700,429600,429500,429400,429300,429200,83400,229000,20500,23600,10700,26400,61600,10800,18000,24000,438910,426100,9518810,4327276,0,0,0,0,0,
600036.SH,600036,20251209,140218000,430200,20800,894813,61986,0,,,37457176,1614283221,433000,428300,431800,431800,430200,430300,430400,430500,430600,430700,430800,430900,431000,431100,25000,31100,80000,15100,1100,2000,1000,30700,39200,2900,430100,430000,429900,429800,429700,429600,429500,429400,429300,429200,83100,229400,20500,23600,10700,26400,61600,10800,18000,24000,438930,426100,9497810,4326876,0,0,0,0,0,
600036.SH,600036,20251209,140221000,430200,3400,146253,61992,0,,,37460576,1614429474,433000,428300,431800,431800,430200,430300,430400,430500,430600,430700,430800,430900,431000,431100,23700,31200,80000,15100,1100,2000,1000,30700,39200,2900,430100,430000,429900,429800,429700,429600,429500,429400,429300,429200,81600,229400,20500,24100,10700,26900,61600,10800,18000,24000,438930,426100,9496610,4328076,0,0,0,0,0,
600036.SH,600036,20251209,140224000,430200,3500,150563,61996,0,,,37464076,1614580037,433000,428300,431800,431800,430200,430300,430400,430500,430600,430700,430800,430900,431000,431100,22500,31200,80000,15100,1100,2000,1000,30700,39200,2900,430100,430000,429900,429800,429700,429600,429500,429400,429300,429200,86700,229600,20500,24100,10500,26900,61600,10800,18000,24000,438940,426100,9495110,4331776,0,0,0,0,0,
600036.SH,600036,20251209,140227000,430200,800,34415,62001,0,,,37464876,1614614452,433000,428300,431800,431800,430200,430300,430400,430500,430600,430700,430800,430900,431000,431100,22200,31200,80000,15100,1100,2000,1000,30700,39200,2900,430100,430000,429900,429800,429700,429600,429500,429400,429300,429200,86700,229600,20500,24100,10500,26900,61600,10800,18400,24000,438940,426100,9494810,4331176,0,0,0,0,0,
600036.SH,600036,20251209,140230000,430100,900,38713,62006,0,,,37465776,1614653165,433000,428300,431800,431800,430200,430300,430400,430500,430600,430700,430800,430900,431000,431100,20600,32400,80000,15100,1100,2000,1000,30700,39200,2900,430100,430000,429900,429800,429700,429600,429500,429400,429300,429200,87200,229700,20500,23100,10500,26900,61600,10800,18400,24000,438940,426100,9494410,4330776,0,0,0,0,0,
600036.SH,600036,20251209,140233000,430100,800,34413,62009,0,,,37466576,1614687578,433000,428300,431800,431800,430200,430300,430400,430500,430600,430700,430800,430900,431000,431100,21400,32400,80000,15100,1100,1000,1000,30700,39200,2900,430100,430000,429900,429800,429700,429600,429500,429400,429300,429200,87500,229700,20500,23100,10500,26900,61600,10800,18400,24000,438940,426100,9494210,4332276,0,0,0,0,0,
600036.SH,600036,20251209,140236000,430100,1300,55920,62012,0,,,37467876,1614743498,433000,428300,431800,431800,430200,430300,430400,430500,430600,430700,430800,430900,431000,431100,20800,32700,80000,15100,1100,1000,900,30600,39200,2900,430100,430000,429900,429800,429700,429600,429500,429400,429300,429200,87400,229800,20500,23100,10500,26900,61600,10800,18400,24000,438940,426110,9493210,4333276,0,0,0,0,0,
600036.SH,600036,20251209,140239000,430100,800,34409,62016,0,,,37468676,1614777907,433000,428300,431800,431800,430200,430300,430400,430500,430600,430700,430800,430900,431000,431100,31000,32700,80000,12600,1100,1000,900,30600,39200,2900,430100,430000,429900,429800,429700,429600,429500,429400,429300,429200,86800,229400,20500,23100,10500,26900,61600,10800,18400,24000,438930,426100,9500910,4332476,0,0,0,0,0,
600036.SH,600036,20251209,140242000,430200,3000,129060,62026,0,,,37471676,1614906967,433000,428300,431800,431800,430200,430300,430400,430500,430600,430700,430800,430900,431000,431100,34200,32400,80000,12600,1100,1000,900,30600,39200,2900,430100,430000,429900,429800,429700,429600,429500,429400,429300,429200,86800,229400,20500,23100,10500,26900,61600,10800,18400,24000,438930,426100,9503810,4332076,0,0,0,0,0,
600036.SH,600036,20251209,140245000,430100,1000,43016,62032,0,,,37472676,1614949983,433000,428300,431800,431800,430200,430300,430400,430500,430600,430700,430800,430900,431000,431100,34700,32400,80000,12600,1100,1000,900,30600,39200,2900,430100,430000,429900,429800,429700,429600,429500,429400,429300,429200,93000,228700,20500,23100,10500,26900,61600,10800,18400,24000,438930,426110,9504310,4337576,0,0,0,0,0,
600036.SH,600036,20251209,140248000,430100,1500,64521,62040,0,,,37474176,1615014504,433000,428300,431800,431800,430200,430300,430400,430500,430600,430700,430800,430900,431000,431100,34300,32300,80000,12600,1100,1000,900,30600,39200,2900,430100,430000,429900,429800,429700,429600,429500,429400,429300,429200,92600,228400,20500,23100,10500,26900,61600,10800,18400,24100,438930,426110,9503810,4341976,0,0,0,0,0,
600036.SH,600036,20251209,140251000,430100,2200,94633,62052,0,,,37476376,1615109137,433000,428300,431800,431800,430200,430300,430400,430500,430600,430700,430800,430900,431000,431100,33400,32100,80000,12600,1100,800,900,30600,39200,2900,430100,430000,429900,429800,429700,429600,429500,429400,429300,429200,109600,229400,20500,23100,10500,26900,61600,10800,19000,24100,438930,426130,9499510,4360176,0,0,0,0,0,
600036.SH,600036,20251209,140254000,430200,7200,309738,62073,0,,,37483576,1615418875,433000,428300,431800,431800,430200,430300,430400,430500,430600,430700,430800,430900,431000,431100,25700,31600,79600,12600,1100,800,900,30600,39200,2900,430100,430000,429900,429800,429700,429600,429500,429400,429300,429200,114300,229300,20500,23100,11200,26900,61600,10800,19000,24100,438940,426130,9490610,4365176,0,0,0,0,0,
600036.SH,600036,20251209,140257000,430100,4400,189286,62083,0,,,37487976,1615608161,433000,428300,431800,431800,430200,430300,430400,430500,430600,430700,430800,430900,431000,431100,21500,31600,79600,12700,1100,800,900,30600,39200,2900,430100,430000,429900,429800,429700,429600,429500,429400,429300,429200,115200,229200,20500,23100,11200,26900,61600,10800,19000,24100,438940,426130,9486510,4366376,0,0,0,0,0,
600036.SH,600036,20251209,140300000,430300,29000,1247654,62129,0,,,37516976,1616855815,433000,428300,431800,431800,430300,430400,430500,430600,430700,430800,430900,431000,431100,431200,22000,79600,12800,1100,800,1100,30600,39200,2900,2700,430200,430100,430000,429900,429800,429700,429600,429500,429400,429300,2500,115200,229200,20500,23100,11200,27100,61600,10800,19000,438970,426140,9455810,4369576,0,0,0,0,0,
600036.SH,600036,20251209,140303000,430400,16400,705665,62164,0,,,37533376,1617561480,433000,428300,431800,431800,430400,430500,430600,430700,430800,430900,431000,431100,431200,431300,78800,12800,1100,1200,1100,30600,39200,2900,2700,12000,430300,430200,430100,430000,429900,429800,429700,429600,429500,429400,2500,17700,114400,229200,20500,23100,11200,27100,61300,10800,438990,426150,9432110,4386976,0,0,0,0,0,
600036.SH,600036,20251209,140306000,430300,1400,60242,62166,0,,,37534776,1617621722,433000,428300,431800,431800,430400,430500,430600,430700,430800,430900,431000,431100,431200,431300,79900,12800,1100,1200,1100,30600,39200,2900,2700,12000,430300,430200,430100,430000,429900,429800,429700,429600,429500,429400,3600,22200,114200,229200,20600,23100,11000,27100,60700,10800,438990,426160,9433210,4391776,0,0,0,0,0,
600036.SH,600036,20251209,140309000,430400,3400,146333,62174,0,,,37538176,1617768055,433000,428300,431800,431800,430400,430500,430600,430700,430800,430900,431000,431100,431200,431300,76900,12400,1100,1200,1500,30600,39200,2900,2700,12000,430300,430200,430100,430000,429900,429800,429700,429600,429500,429400,17500,24700,113200,229200,19900,23100,11400,27100,60700,10800,438990,426170,9430210,4401476,0,0,0,0,0,
600036.SH,600036,20251209,140312000,430400,2100,90384,62177,0,,,37540276,1617858439,433000,428300,431800,431800,430400,430500,430600,430700,430800,430900,431000,431100,431200,431300,78600,12400,900,1200,1500,30600,39200,2900,2700,12000,430300,430200,430100,430000,429900,429800,429700,429600,429500,429400,24400,24700,109100,229200,19900,23100,11400,27100,60700,10800,438990,426170,9430910,4404376,0,0,0,0,0,
600036.SH,600036,20251209,140315000,430400,5200,223808,62181,0,,,37545476,1618082247,433000,428300,431800,431800,430400,430500,430600,430700,430800,430900,431000,431100,431200,431300,73400,12400,900,1200,1500,30600,39200,2900,2700,12000,430300,430200,430100,430000,429900,429800,429700,429600,429500,429400,26200,25400,112200,230900,18000,21200,11400,27300,60700,10800,439000,426170,9425710,4408176,0,0,0,0,0,
600036.SH,600036,20251209,140318000,430400,72700,3128997,62328,0,,,37618176,1621211244,433000,428300,431800,431800,430400,430500,430600,430700,430800,430900,431000,431100,431200,431300,1800,12400,900,1200,1500,30600,39200,2900,2700,12000,430300,430200,430100,430000,429900,429800,429700,429600,429500,429400,26900,25400,112200,230900,18000,21200,11400,27300,60700,10800,439060,426180,9352310,4410676,0,0,0,0,0,
600036.SH,600036,20251209,140321000,430400,19900,856664,62366,0,,,37638076,1622067908,433000,428300,431800,431800,430500,430600,430700,430800,430900,431000,431100,431200,431300,431400,1200,11700,3900,1500,30600,39200,2900,2700,12000,7900,430400,430300,430200,430100,430000,429900,429800,429700,429600,429500,2300,25600,25300,112200,231000,18000,21200,11400,27300,60700,439060,426180,9353710,4411676,0,0,0,0,0,
600036.SH,600036,20251209,140324000,430400,2500,107612,62373,0,,,37640576,1622175520,433000,428300,431800,431800,430600,430700,430800,430900,431000,431100,431200,431300,431400,431500,27100,3900,1500,30700,39200,2900,2700,12000,7900,25300,430400,430300,430200,430100,430000,429900,429800,429700,429600,429500,6700,24900,25800,112200,236300,6200,21200,11400,27300,60700,439050,426180,9368310,4410076,0,0,0,0,0,
600036.SH,600036,20251209,140327000,430600,30100,1296059,62434,0,,,37670676,1623471579,433000,428300,431800,431800,430600,430700,430800,430900,431000,431100,431200,431300,431400,431500,3400,3500,300,30100,39200,2900,2700,12000,8300,25800,430400,430300,430200,430100,430000,429900,429800,429700,429600,429500,20000,22800,25800,113700,236900,6200,21200,10800,27300,60700,439070,426190,9344710,4422676,0,0,0,0,0,
600036.SH,600036,20251209,140330000,430600,3800,163619,62442,0,,,37674476,1623635198,433000,428300,431800,431800,430500,430600,430700,430800,430900,431000,431100,431200,431300,431400,400,3300,2100,1000,32400,47900,2900,2700,12000,8300,430400,430300,430200,430100,430000,429900,429800,429700,429600,429500,23100,21600,25800,113700,236900,5200,21300,11300,27300,60700,439060,426190,9354710,4428976,0,0,0,0,0,
600036.SH,600036,20251209,140333000,430600,5100,219588,62469,0,,,37679576,1623854786,433000,428300,431800,431800,430600,430700,430800,430900,431000,431100,431200,431300,431400,431500,400,11200,900,32500,47900,2900,2700,12000,8300,25800,430500,430400,430300,430200,430100,430000,429900,429800,429700,429600,600,23000,18500,26400,118700,236400,5400,21300,11300,27300,439060,426190,9360410,4432176,0,0,0,0,0,
600036.SH,600036,20251209,140336000,430500,5000,215250,62479,0,,,37684576,1624070036,433000,428300,431800,431800,430600,430700,430800,430900,431000,431100,431200,431300,431400,431500,1200,16100,8300,30200,39200,3700,2700,12000,8300,25800,430500,430400,430300,430200,430100,430000,429900,429800,429700,429600,2600,22300,18400,26400,117600,235700,5400,20800,11300,27300,439060,426190,9364610,4431076,0,0,0,0,0,
600036.SH,600036,20251209,140339000,430500,24500,1054792,62539,0,,,37709076,1625124828,433000,428300,431800,431800,430500,430600,430700,430800,430900,431000,431100,431200,431300,431400,100,21500,16300,8300,30100,40100,4900,2700,12000,7900,430400,430300,430200,430100,430000,429900,429800,429700,429600,429500,23300,18200,25300,108600,237400,5400,21200,10800,27300,60700,439040,426180,9385310,4421276,0,0,0,0,0,
600036.SH,600036,20251209,140342000,430500,2600,111923,62552,0,,,37711676,1625236751,433000,428300,431800,431800,430500,430600,430700,430800,430900,431000,431100,431200,431300,431400,1100,21000,16300,8300,30100,40100,4900,2700,12000,7900,430400,430300,430200,430100,430000,429900,429800,429700,429600,429500,21800,18200,25400,109100,237400,5400,21200,10800,27300,60700,439040,426180,9385810,4421076,0,0,0,0,0,
600036.SH,600036,20251209,140345000,430500,1800,77490,62566,0,,,37713476,1625314241,433000,428300,431800,431800,430500,430600,430700,430800,430900,431000,431100,431200,431300,431400,300,23700,19600,6200,30100,40100,4900,2700,12000,7900,430400,430300,430200,430100,430000,429900,429800,429700,429600,429500,21800,18200,25400,109600,237400,5400,21200,10800,27300,60800,439030,426180,9388910,4422176,0,0,0,0,0,
600036.SH,600036,20251209,140348000,430500,9200,396060,62576,0,,,37722676,1625710301,433000,428300,431800,431800,430600,430700,430800,430900,431000,431100,431200,431300,431400,431500,23700,20000,6700,30100,39200,4900,2700,12000,7900,25300,430500,430400,430300,430200,430100,430000,429900,429800,429700,429600,7300,22800,18200,25400,109600,238400,5400,21200,10800,27300,439030,426190,9389610,4431676,0,0,0,0,0,
600036.SH,600036,20251209,140351000,430500,3400,146377,62583,0,,,37726076,1625856678,433000,428300,431800,431800,430600,430700,430800,430900,431000,431100,431200,431300,431400,431500,23000,20000,6700,30100,39200,4900,2700,12000,7900,25300,430500,430400,430300,430200,430100,430000,429900,429800,429700,429600,10100,23800,18200,25100,109000,238400,5400,21200,10800,27300,439030,426200,9388910,4434576,0,0,0,0,0,
600036.SH,600036,20251209,140354000,430500,6700,288436,62594,0,,,37732776,1626145114,433000,428300,431800,431800,430600,430700,430800,430900,431000,431100,431200,431300,431400,431500,23200,20000,6700,30100,39200,4900,2700,12000,7900,25300,430500,430400,430300,430200,430100,430000,429900,429800,429700,429600,6300,22000,19500,26200,108200,237100,5400,21200,10800,27300,439030,426190,9389110,4429876,0,0,0,0,0,
600036.SH,600036,20251209,140357000,430400,8200,353008,62613,0,,,37740976,1626498122,433000,428300,431800,431800,430500,430600,430700,430800,430900,431000,431100,431200,431300,431400,10100,24300,20000,10400,30100,39200,4900,2700,12000,7900,430400,430300,430200,430100,430000,429900,429800,429700,429600,429500,26800,20000,26200,107800,237100,5200,21200,10800,27300,61300,439020,426150,9404110,4361976,0,0,0,0,0,
600036.SH,600036,20251209,140400000,430500,600,25828,62617,0,,,37741576,1626523950,433000,428300,431800,431800,430500,430600,430700,430800,430900,431000,431100,431200,431300,431400,10900,24300,20000,10400,30100,39200,4900,2700,12000,7900,430400,430300,430200,430100,430000,429900,429800,429700,429600,429500,26900,20600,22000,107800,237900,5200,21200,10800,27300,61300,439020,426140,9404910,4359276,0,0,0,0,0,
600036.SH,600036,20251209,140403000,430400,9200,396054,62634,0,,,37750776,1626920004,433000,428300,431800,431800,430500,430600,430700,430800,430900,431000,431100,431200,431300,431400,4400,32700,23700,8700,30100,39200,4500,2700,12000,7900,430400,430300,430200,430100,430000,429900,429800,429700,429600,429500,27200,20200,24500,108200,239100,5200,21200,10800,27300,62300,439020,426150,9408310,4364376,0,0,0,0,0,
600036.SH,600036,20251209,140406000,430500,5900,253990,62656,0,,,37756676,1627173994,433000,428300,431800,431800,430500,430600,430700,430800,430900,431000,431100,431200,431300,431400,500,32700,23700,8700,30100,39200,4500,2700,12000,7900,430400,430300,430200,430100,430000,429900,429800,429700,429600,429500,26500,21600,24600,109100,239100,5200,21200,10800,27300,62300,439020,426150,9402810,4366476,0,0,0,0,0,
600036.SH,600036,20251209,140409000,430400,5100,219506,62664,0,,,37761776,1627393500,433000,428300,431800,431800,430500,430600,430700,430800,430900,431000,431100,431200,431300,431400,3200,32900,23800,8700,30100,39200,4500,2700,12000,7900,430400,430300,430200,430100,430000,429900,429800,429700,429600,429500,22200,21600,24700,108800,239600,5200,21200,10800,27300,62300,439020,426150,9405810,4361576,0,0,0,0,0,
600036.SH,600036,20251209,140412000,430400,5300,228177,62683,0,,,37767076,1627621677,433000,428300,431800,431800,430500,430600,430700,430800,430900,431000,431100,431200,431300,431400,3200,32200,23700,8700,30100,39200,4500,2700,12000,7900,430400,430300,430200,430100,430000,429900,429800,429700,429600,429500,23700,19800,24700,108800,239200,5200,21200,10800,27300,62300,439020,426140,9405010,4356776,0,0,0,0,0,
600036.SH,600036,20251209,140415000,430500,8400,361620,62693,0,,,37775476,1627983297,433000,428300,431800,431800,430500,430600,430700,430800,430900,431000,431100,431200,431300,431400,100,32200,23700,8900,30100,40200,4500,2700,12000,7900,430400,430300,430200,430100,430000,429900,429800,429700,429600,429500,24000,18800,22600,109200,242700,5200,21200,10800,27900,62300,439020,426140,9402710,4358476,0,0,0,0,0,
600036.SH,600036,20251209,140418000,430500,800,34435,62697,0,,,37776276,1628017732,433000,428300,431800,431800,430600,430700,430800,430900,431000,431100,431200,431300,431400,431500,34000,29400,6200,30100,40200,4500,2700,12000,7900,25300,430400,430300,430200,430100,430000,429900,429800,429700,429600,429500,23600,18900,22600,109200,242700,5200,21200,10800,27900,62500,439020,426150,9407410,4360676,0,0,0,0,0,
600036.SH,600036,20251209,140421000,430500,5500,236758,62707,0,,,37781776,1628254490,433000,428300,431800,431800,430500,430600,430700,430800,430900,431000,431100,431200,431300,431400,3600,33600,31900,6200,30100,40200,4500,2700,12000,7900,430400,430300,430200,430100,430000,429900,429800,429700,429600,429500,23500,18900,22600,109200,242700,5200,21200,10800,27900,62500,439010,426140,9414110,4360276,0,0,0,0,0,
600036.SH,600036,20251209,140424000,430500,100,4305,62708,0,,,37781876,1628258795,433000,428300,431800,431800,430600,430700,430800,430900,431000,431100,431200,431300,431400,431500,33700,31800,6200,30100,40200,4500,2700,12000,7900,25300,430500,430400,430300,430200,430100,430000,429900,429800,429700,429600,300,23500,18900,22600,109200,243700,5200,21200,10800,27900,439010,426150,9411210,4362076,0,0,0,0,0,
600036.SH,600036,20251209,140427000,430500,500,21525,62711,0,,,37782376,1628280320,433000,428300,431800,431800,430600,430700,430800,430900,431000,431100,431200,431300,431400,431500,33700,30500,9200,30100,40200,4500,2700,12000,7900,25300,430500,430400,430300,430200,430100,430000,429900,429800,429700,429600,900,22600,18900,22600,109200,244700,5200,21200,10800,27900,439010,426150,9412910,4362676,0,0,0,0,0,
600036.SH,600036,20251209,140430000,430500,4500,193707,62721,0,,,37786876,1628474027,433000,428300,431800,431800,430600,430700,430800,430900,431000,431100,431200,431300,431400,431500,43600,28000,9200,30100,40200,4500,2700,12000,7900,25300,430500,430400,430300,430200,430100,430000,429900,429800,429700,429600,1600,20700,18900,22600,109200,244900,5200,21200,10800,27900,439000,426150,9421410,4362176,0,0,0,0,0,
600036.SH,600036,20251209,140433000,430500,3400,146397,62729,0,,,37790276,1628620424,433000,428300,431800,431800,430600,430700,430800,430900,431000,431100,431200,431300,431400,431500,41300,28000,9200,30100,40200,4500,2700,12000,7900,25800,430500,430400,430300,430200,430100,430000,429900,429800,429700,429600,2300,20800,18900,23400,109200,244400,5200,21200,10800,27900,439010,426150,9419610,4364876,0,0,0,0,0,
600036.SH,600036,20251209,140436000,430600,1800,77507,62735,0,,,37792076,1628697931,433000,428300,431800,431800,430600,430700,430800,430900,431000,431100,431200,431300,431400,431500,34200,26600,9200,30100,40200,4500,2700,12000,7900,25800,430500,430400,430300,430200,430100,430000,429900,429800,429700,429600,3200,20100,18900,23400,109000,244400,5200,21200,10800,27900,439010,426150,9410110,4364876,0,0,0,0,0,
600036.SH,600036,20251209,140439000,430500,200,8611,62737,0,,,37792276,1628706542,433000,428300,431800,431800,430600,430700,430800,430900,431000,431100,431200,431300,431400,431500,34400,26600,9200,30100,40200,4500,2700,12000,7900,25800,430500,430400,430300,430200,430100,430000,429900,429800,429700,429600,3500,19500,18900,23900,109000,244400,5200,21200,10800,27900,439010,426150,9409310,4364376,0,0,0,0,0,
600036.SH,600036,20251209,140442000,430600,3100,133465,62742,0,,,37795376,1628840007,433000,428300,431800,431800,430600,430700,430800,430900,431000,431100,431200,431300,431400,431500,33500,26600,9200,30900,40200,3700,2700,12000,7900,25800,430500,430400,430300,430200,430100,430000,429900,429800,429700,429600,2100,19800,18900,24100,109600,244400,5200,21200,10800,27900,439020,426150,9407810,4364176,0,0,0,0,0,
600036.SH,600036,20251209,140445000,430500,900,38753,62745,0,,,37796276,1628878760,433000,428300,431800,431800,430600,430700,430800,430900,431000,431100,431200,431300,431400,431500,33600,26600,9200,30900,40200,3700,2700,12000,7900,25800,430500,430400,430300,430200,430100,430000,429900,429800,429700,429600,3400,19800,18900,24000,114600,244400,5200,21200,10800,27900,439020,426150,9407910,4371776,0,0,0,0,0,
600036.SH,600036,20251209,140448000,430500,4400,189432,62757,0,,,37800676,1629068192,433000,428300,431800,431800,430600,430700,430800,430900,431000,431100,431200,431300,431400,431500,32300,26600,9200,30900,40200,3700,2700,12000,7900,25800,430500,430400,430300,430200,430100,430000,429900,429800,429700,429600,2000,18700,18700,24000,109000,239300,5200,21200,10800,27900,439020,426140,9406610,4358376,0,0,0,0,0,
600036.SH,600036,20251209,140451000,430500,1400,60282,62760,0,,,37802076,1629128474,433000,428300,431800,431800,430600,430700,430800,430900,431000,431100,431200,431300,431400,431500,31100,26600,9200,30900,40200,3700,2700,12000,7900,25800,430500,430400,430300,430200,430100,430000,429900,429800,429700,429600,4400,17200,19000,24000,109000,239300,5200,21200,10800,27900,439020,426140,9404910,4358176,0,0,0,0,0,
600036.SH,600036,20251209,140454000,430600,1000,43060,62762,0,,,37803076,1629171534,433000,428300,431800,431800,430600,430700,430800,430900,431000,431100,431200,431300,431400,431500,30300,26600,9200,30900,40200,3700,2700,12000,7900,25800,430500,430400,430300,430200,430100,430000,429900,429800,429700,429600,4700,17200,19000,24000,109000,239300,5200,21200,10800,27900,439020,426140,9400610,4359176,0,0,0,0,0,
600036.SH,600036,20251209,140457000,430500,11000,473629,62785,0,,,37814076,1629645163,433000,428300,431800,431800,430600,430700,430800,430900,431000,431100,431200,431300,431400,431500,22700,22500,9200,30900,40200,3700,2700,12000,7900,25800,430500,430400,430300,430200,430100,430000,429900,429800,429700,429600,7300,16800,18500,24800,109200,239300,5200,21200,10800,27900,439030,426150,9388910,4361776,0,0,0,0,0,
600036.SH,600036,20251209,140500000,430500,700,30135,62787,0,,,37814776,1629675298,433000,428300,431800,431800,430600,430700,430800,430900,431000,431100,431200,431300,431400,431500,34600,22500,9200,51800,40200,3700,2700,12000,7900,25800,430500,430400,430300,430200,430100,430000,429900,429800,429700,429600,7700,16800,18500,24800,109200,239300,5200,21200,10800,27900,439000,426140,9421110,4362976,0,0,0,0,0,
600036.SH,600036,20251209,140503000,430600,11500,495146,62799,0,,,37826276,1630170444,433000,428300,431800,431800,430600,430700,430800,430900,431000,431100,431200,431300,431400,431500,30200,22500,12200,51800,40200,3700,2700,12000,7900,25800,430500,430400,430300,430200,430100,430000,429900,429800,429700,429600,5400,16800,18400,24800,109200,239400,5100,21200,10800,27900,439000,426140,9419710,4360576,0,0,0,0,0,
600036.SH,600036,20251209,140506000,430600,100,4306,62800,0,,,37826376,1630174750,433000,428300,431800,431800,430600,430700,430800,430900,431000,431100,431200,431300,431400,431500,30700,22500,9200,51900,40200,3700,2700,12000,7900,25800,430500,430400,430300,430200,430100,430000,429900,429800,429700,429600,8200,17300,20500,24200,109700,239400,5100,21200,10800,27900,439000,426150,9418810,4366376,0,0,0,0,0,
600036.SH,600036,20251209,140509000,430500,9100,391755,62821,0,,,37835476,1630566505,433000,428300,431800,431800,430500,430600,430700,430800,430900,431000,431100,431200,431300,431400,6100,30700,22500,9200,51900,40200,3700,2700,12000,7900,430400,430300,430200,430100,430000,429900,429800,429700,429600,429500,17300,25500,24200,109700,239400,5100,21200,10800,27900,61700,439000,426150,9424910,4364876,0,0,0,0,0,
600036.SH,600036,20251209,140512000,430500,1400,60268,62824,0,,,37836876,1630626773,433000,428300,431800,431800,430500,430600,430700,430800,430900,431000,431100,431200,431300,431400,5500,30200,22500,9200,51900,40200,3700,2700,12000,7900,430400,430300,430200,430100,430000,429900,429800,429700,429600,429500,17300,22900,24200,110500,239800,5100,25200,10800,27900,61700,439000,426150,9423010,4367476,0,0,0,0,0,
600036.SH,600036,20251209,140515000,430500,7100,305652,62838,0,,,37843976,1630932425,433000,428300,431800,431800,430600,430700,430800,430900,431000,431100,431200,431300,431400,431500,31000,22400,8800,51900,40200,3700,3200,12000,8500,25800,430500,430400,430300,430200,430100,430000,429900,429800,429700,429600,5500,18300,23100,24200,110000,239800,5100,28300,10800,27900,439000,426160,9421010,4376776,0,0,0,0,0,
600036.SH,600036,20251209,140518000,430600,500,21526,62840,0,,,37844476,1630953951,433000,428300,431800,431800,430600,430700,430800,430900,431000,431100,431200,431300,431400,431500,31100,23000,8800,51900,40200,3700,3200,12000,8500,25800,430500,430400,430300,430200,430100,430000,429900,429800,429700,429600,11900,19400,23400,24200,110000,239900,5100,28300,10800,27900,439000,426160,9421710,4384976,0,0,0,0,0,
600036.SH,600036,20251209,140521000,430600,1600,68896,62841,0,,,37846076,1631022847,433000,428300,431800,431800,430600,430700,430800,430900,431000,431100,431200,431300,431400,431500,29600,23100,8800,53200,40800,2900,2700,12000,7900,25800,430500,430400,430300,430200,430100,430000,429900,429800,429700,429600,12800,19500,23400,27200,110000,239900,5100,28300,10800,27900,439000,426170,9420310,4388676,0,0,0,0,0,
600036.SH,600036,20251209,140524000,430600,6100,262634,62847,0,,,37852176,1631285481,433000,428300,431800,431800,430600,430700,430800,430900,431000,431100,431200,431300,431400,431500,27800,23500,8800,53500,40800,2500,2700,11700,7900,25800,430500,430400,430300,430200,430100,430000,429900,429800,429700,429600,14800,19500,23300,27200,109100,239900,5100,28300,10800,27900,439000,426170,9417510,4389876,0,0,0,0,0,
600036.SH,600036,20251209,140527000,430500,12700,546856,62871,0,,,37864876,1631832337,433000,428300,431800,431800,430600,430700,430800,430900,431000,431100,431200,431300,431400,431500,16400,23500,11400,53600,40800,2500,2700,11700,7900,25800,430500,430400,430300,430200,430100,430000,429900,429800,429700,429600,34400,19500,23300,27200,109100,239900,5100,28300,10800,27900,439010,426190,9400810,4406476,0,0,0,0,0,
600036.SH,600036,20251209,140530000,430600,400,17224,62873,0,,,37865276,1631849561,433000,428300,431800,431800,430600,430700,430800,430900,431000,431100,431200,431300,431400,431500,18800,23500,11400,53600,41300,2500,2700,11700,7900,25800,430500,430400,430300,430200,430100,430000,429900,429800,429700,429600,43000,19400,23800,27200,108700,239900,5100,28300,10800,27900,439010,426200,9403710,4419876,0,0,0,0,0,
600036.SH,600036,20251209,140533000,430600,3700,159322,62879,0,,,37868976,1632008883,433000,428300,431800,431800,430600,430700,430800,430900,431000,431100,431200,431300,431400,431500,42500,23500,32300,53600,41300,2500,2800,11700,7900,25800,430500,430400,430300,430200,430100,430000,429900,429800,429700,429600,44100,19300,23800,27200,49700,239900,5100,28300,10800,27900,438970,426150,9448410,4361476,0,0,0,0,0,
600036.SH,600036,20251209,140536000,430500,1500,64587,62882,0,,,37870476,1632073470,433000,428300,431800,431800,430600,430700,430800,430900,431000,431100,431200,431300,431400,431500,41400,23400,32300,53600,41300,2500,2800,11700,7900,25800,430500,430400,430300,430200,430100,430000,429900,429800,429700,429600,44300,19300,23800,27600,49700,239500,5100,28300,10800,27900,438970,426150,9447210,4362176,0,0,0,0,0,
600036.SH,600036,20251209,140539000,430600,600,25835,62884,0,,,37871076,1632099305,433000,428300,431800,431800,430600,430700,430800,430900,431000,431100,431200,431300,431400,431500,41000,23400,32300,53600,41300,2500,2800,11700,7900,25800,430500,430400,430300,430200,430100,430000,429900,429800,429700,429600,47900,19300,23800,27700,49700,239500,5100,28400,10800,27900,438890,426150,9635520,4365876,0,0,0,0,0,
600036.SH,600036,20251209,140542000,430600,1400,60284,62885,0,,,37872476,1632159589,433000,428300,431800,431800,430600,430700,430800,430900,431000,431100,431200,431300,431400,431500,43300,23400,32300,53600,41300,2500,2700,11700,7900,25800,430500,430400,430300,430200,430100,430000,429900,429800,429700,429600,48000,19000,23800,27400,49700,239500,5100,28400,10800,27900,438890,426150,9636720,4365876,0,0,0,0,0,
600036.SH,600036,20251209,140545000,430600,100,4306,62886,0,,,37872576,1632163895,433000,428300,431800,431800,430600,430700,430800,430900,431000,431100,431200,431300,431400,431500,43800,23500,36800,53600,42200,2500,2700,11700,7900,25800,430500,430400,430300,430200,430100,430000,429900,429800,429700,429600,48500,19000,23800,27400,49700,239500,5100,28400,10800,27900,438880,426150,9642920,4366276,0,0,0,0,0,
600036.SH,600036,20251209,140548000,430600,4100,176512,62893,0,,,37876676,1632340407,433000,428300,431800,431800,430600,430700,430800,430900,431000,431100,431200,431300,431400,431500,47900,23500,36800,53600,42200,2500,2700,11700,7900,25800,430500,430400,430300,430200,430100,430000,429900,429800,429700,429600,51200,19100,23800,27400,50100,237500,5100,28400,10800,27900,438880,426160,9647020,4367176,0,0,0,0,0,
600036.SH,600036,20251209,140551000,430600,4400,189434,62898,0,,,37881076,1632529841,433000,428300,431800,431800,430600,430700,430800,430900,431000,431100,431200,431300,431400,431500,46500,23500,57700,53600,42200,2500,2700,11700,7900,25800,430500,430400,430300,430200,430100,430000,429900,429800,429700,429600,48200,19100,23900,27400,50100,236000,5100,28400,10800,27900,438860,426150,9666420,4362776,0,0,0,0,0,
600036.SH,600036,20251209,140554000,430600,300,12918,62900,0,,,37881376,1632542759,433000,428300,431800,431800,430600,430700,430800,430900,431000,431100,431200,431300,431400,431500,46200,23500,57700,53500,42200,2500,2700,11700,7900,25800,430500,430400,430300,430200,430100,430000,429900,429800,429700,429600,48700,19000,23300,27400,50600,236000,5100,28400,10800,27900,438930,426150,9497710,4361876,0,0,0,0,0,
600036.SH,600036,20251209,140557000,430500,700,30136,62903,0,,,37882076,1632572895,433000,428300,431800,431800,430600,430700,430800,430900,431000,431100,431200,431300,431400,431500,47700,23500,58300,53500,42200,2500,2700,11700,7900,25800,430500,430400,430300,430200,430100,430000,429900,429800,429700,429600,48100,19000,23500,27400,50600,236000,5100,28400,10800,27900,438920,426150,9499910,4362476,0,0,0,0,0,
600036.SH,600036,20251209,140600000,430500,6000,258301,62939,0,,,37888076,1632831196,433000,428300,431800,431800,430600,430700,430800,430900,431000,431100,431200,431300,431400,431500,56400,23500,58300,53500,42200,2500,2700,11700,7900,25800,430500,430400,430300,430200,430100,430000,429900,429800,429700,429600,57200,19800,23200,28400,50600,236000,5100,28400,10800,28300,438920,426160,9508010,4373476,0,0,0,0,0,
600036.SH,600036,20251209,140603000,430600,9300,400437,62961,0,,,37897376,1633231633,433000,428300,431800,431800,430600,430700,430800,430900,431000,431100,431200,431300,431400,431500,49600,23500,58300,53500,42200,2500,2700,11700,7900,25800,430500,430400,430300,430200,430100,430000,429900,429800,429700,429600,55900,18800,23200,28400,50600,236000,5100,30200,10800,28300,438930,426160,9496210,4373276,0,0,0,0,0,
600036.SH,600036,20251209,140606000,430400,59500,2561461,63010,0,,,37956876,1635793094,433000,428300,431800,431800,430500,430600,430700,430800,430900,431000,431100,431200,431300,431400,16300,59300,24300,58300,52700,42200,2500,2700,11700,7900,430400,430300,430200,430100,430000,429900,429800,429700,429600,429500,16400,23200,28400,50600,236000,5100,30200,10800,28300,60800,438900,426110,9522210,4330076,0,0,0,0,0,
600036.SH,600036,20251209,140609000,430300,36100,1553561,63089,0,,,37992976,1637346655,433000,428300,431800,431800,430400,430500,430600,430700,430800,430900,431000,431100,431200,431300,7100,36900,67000,7200,43600,51400,42200,2500,2700,11700,430300,430200,430100,430000,429900,429800,429700,429600,429500,429400,4900,28400,50700,236000,5100,30200,10800,28300,60800,10800,438900,426060,9524610,4305376,0,0,0,0,0,
600036.SH,600036,20251209,140612000,430300,5400,232365,63108,0,,,37998376,1637579020,433000,428300,431800,431800,430300,430400,430500,430600,430700,430800,430900,431000,431100,431200,100,10600,33800,67000,6900,43500,51400,42200,2500,2700,430200,430100,430000,429900,429800,429700,429600,429500,429400,429300,25600,50300,238500,5100,30200,10800,28300,60800,10800,14100,438900,426060,9524710,4299676,0,0,0,0,0,
600036.SH,600036,20251209,140615000,430400,6800,292669,63117,0,,,38005176,1637871689,433000,428300,431800,431800,430400,430500,430600,430700,430800,430900,431000,431100,431200,431300,7200,32600,67100,6900,43000,51400,42200,2500,2700,11700,430300,430200,430100,430000,429900,429800,429700,429600,429500,429400,900,26100,55000,238500,5100,30200,10800,28300,60800,10800,438900,426060,9519610,4305776,0,0,0,0,0,
600036.SH,600036,20251209,140618000,430400,1200,51642,63125,0,,,38006376,1637923331,433000,428300,431800,431800,430400,430500,430600,430700,430800,430900,431000,431100,431200,431300,7000,32600,66500,6200,43000,51100,42200,2500,2700,11700,430300,430200,430100,430000,429900,429800,429700,429600,429500,429400,500,26100,53800,238500,5100,30200,10800,28300,60800,10800,438910,426060,9516910,4303576,0,0,0,0,0,
600036.SH,600036,20251209,140621000,430300,32900,1415413,63207,0,,,38039276,1639338744,433000,428300,431800,431800,430400,430500,430600,430700,430800,430900,431000,431100,431200,431300,7100,33500,66400,6800,43000,51100,42000,2500,2700,11700,430300,430100,430000,429900,429800,429700,429600,429500,429400,429300,2000,52500,238500,5200,27200,10800,28300,60800,10800,14100,438900,426030,9518210,4274476,0,0,0,0,0,
600036.SH,600036,20251209,140624000,430300,5500,236683,63218,0,,,38044776,1639575427,433000,428300,431800,431800,430300,430400,430500,430600,430700,430800,430900,431000,431100,431200,400,26000,33500,63300,6800,43000,51100,42000,2500,2700,430200,430100,430000,429900,429800,429700,429600,429500,429400,429300,200,52300,238700,5200,27100,10800,28300,60800,10800,14100,438890,426030,9534410,4271676,0,0,0,0,0,
600036.SH,600036,20251209,140627000,430200,400,17208,63221,0,,,38045176,1639592635,433000,428300,431800,431800,430300,430400,430500,430600,430700,430800,430900,431000,431100,431200,2300,15200,33500,62300,5700,43000,51100,42000,2500,2700,430200,430100,430000,429900,429800,429700,429600,429500,429400,429300,1100,49100,238200,6600,27600,10800,28700,60800,10800,14100,438900,426040,9523410,4271876,0,0,0,0,0,
600036.SH,600036,20251209,140630000,430300,2800,120459,63231,0,,,38047976,1639713094,433000,428300,431800,431800,430300,430400,430500,430600,430700,430800,430900,431000,431100,431200,8300,19500,31600,57000,5700,43000,51100,42000,2500,2700,430200,430100,430000,429900,429800,429700,429600,429500,429400,429300,1000,48900,238200,6600,27600,10800,28700,60800,10800,14100,438900,426040,9526510,4271576,0,0,0,0,0,
600036.SH,600036,20251209,140633000,430200,3200,137664,63238,0,,,38051176,1639850758,433000,428300,431800,431800,430300,430400,430500,430600,430700,430800,430900,431000,431100,431200,10300,19500,28600,57000,5700,43000,51100,42000,2500,2700,430200,430100,430000,429900,429800,429700,429600,429500,429400,429300,300,48900,238200,6600,27600,10800,28700,61200,10800,14100,438900,426040,9523510,4271176,0,0,0,0,0,
600036.SH,600036,20251209,140636000,430100,3100,133361,63251,0,,,38054276,1639984119,433000,428300,431800,431800,430200,430300,430400,430500,430600,430700,430800,430900,431000,431100,100,17600,14200,31300,48200,6100,43000,51100,42000,2500,430100,430000,429900,429800,429700,429600,429500,429400,429300,429200,49300,234400,6200,27600,10800,28700,61500,10800,14100,23900,438900,426040,9519510,4267276,0,0,0,0,0,
600036.SH,600036,20251209,140639000,430200,1100,47321,63259,0,,,38055376,1640031440,433000,428300,431800,431800,430200,430300,430400,430500,430600,430700,430800,430900,431000,431100,1000,17600,14600,31800,47800,5600,43000,51100,42000,2500,430100,430000,429900,429800,429700,429600,429500,429400,429300,429200,50700,233300,6200,27600,10800,28700,62000,12200,14900,23900,438900,426040,9521510,4269476,0,0,0,0,0,
600036.SH,600036,20251209,140642000,430200,6000,258143,63276,0,,,38061376,1640289583,433000,428300,431800,431800,430300,430400,430500,430600,430700,430800,430900,431000,431100,431200,14600,14000,32200,47800,5700,43000,51100,42000,2500,2700,430200,430100,430000,429900,429800,429700,429600,429500,429400,429300,1000,51100,232900,8200,28900,10800,28700,61500,11300,14100,438900,426040,9517610,4271776,0,0,0,0,0,
600036.SH,600036,20251209,140645000,430300,2900,124771,63281,0,,,38064276,1640414354,433000,428300,431800,431800,430300,430400,430500,430600,430700,430800,430900,431000,431100,431200,13300,14100,40200,47300,5600,43000,51100,42000,2500,2700,430200,430100,430000,429900,429800,429700,429600,429500,429400,429300,4800,51900,233000,8200,28900,10800,28700,61600,11300,14100,438900,426050,9523610,4276576,0,0,0,0,0,
600036.SH,600036,20251209,140648000,430200,400,17208,63284,0,,,38064676,1640431562,433000,428300,431800,431800,430300,430400,430500,430600,430700,430800,430900,431000,431100,431200,13400,14200,40200,47300,5600,43000,51100,42000,2500,2700,430200,430100,430000,429900,429800,429700,429600,429500,429400,429300,6400,51900,233400,8200,28900,10800,28700,61600,11300,14100,438900,426050,9523810,4278276,0,0,0,0,0,
600036.SH,600036,20251209,140651000,430300,2300,98969,63287,0,,,38066976,1640530531,433000,428300,431800,431800,430300,430400,430500,430600,430700,430800,430900,431000,431100,431200,11200,14200,40200,47200,5600,43000,51100,42000,2500,2700,430200,430100,430000,429900,429800,429700,429600,429500,429400,429300,6600,51800,233400,68200,28900,10800,28700,61600,11300,14100,438900,426100,9521510,4338576,0,0,0,0,0,
600036.SH,600036,20251209,140654000,430200,12400,533451,63320,0,,,38079376,1641063982,433000,428300,431800,431800,430200,430300,430400,430500,430600,430700,430800,430900,431000,431100,15400,37100,9300,17500,37700,5600,43000,51100,42000,2500,430100,430000,429900,429800,429700,429600,429500,429400,429300,429200,50600,234000,68200,28900,10800,28700,61600,11400,14100,23900,438900,426100,9525710,4331376,0,0,0,0,0,
600036.SH,600036,20251209,140657000,430200,3800,163476,63327,0,,,38083176,1641227458,433000,428300,431800,431800,430200,430300,430400,430500,430600,430700,430800,430900,431000,431100,11700,37000,9300,17500,37600,5600,43000,51100,42000,2500,430100,430000,429900,429800,429700,429600,429500,429400,429300,429200,50000,234000,68200,28900,10800,28700,61600,11400,14100,23900,438900,426100,9521810,4330376,0,0,0,0,0,
600036.SH,600036,20251209,140700000,430200,10700,460314,63334,0,,,38093876,1641687772,433000,428300,431800,431800,430200,430300,430400,430500,430600,430700,430800,430900,431000,431100,6100,37300,10100,18200,37200,4100,43000,51200,42000,2500,430100,430000,429900,429800,429700,429600,429500,429400,429300,429200,49700,235000,68200,28900,10800,28700,61600,11400,14100,23900,438900,426100,9516210,4331776,0,0,0,0,0,
600036.SH,600036,20251209,140703000,430100,1000,43016,63338,0,,,38094876,1641730788,433000,428300,431800,431800,430200,430300,430400,430500,430600,430700,430800,430900,431000,431100,5600,43200,10000,18200,37200,4100,43000,51200,42000,2500,430100,430000,429900,429800,429700,429600,429500,429400,429300,429200,51200,235000,68200,28900,10800,28700,61600,11400,14100,23900,438900,426100,9521510,4333576,0,0,0,0,0,
600036.SH,600036,20251209,140706000,430100,200,8603,63340,0,,,38095076,1641739391,433000,428300,431800,431800,430200,430300,430400,430500,430600,430700,430800,430900,431000,431100,5400,43200,10000,18200,37200,4100,43000,51200,42000,2500,430100,430000,429900,429800,429700,429600,429500,429400,429300,429200,51100,237000,68200,28900,11800,28700,61600,11400,14100,23900,438900,426100,9521310,4336376,0,0,0,0,0,
600036.SH,600036,20251209,140709000,430200,500,21508,63345,0,,,38095576,1641760899,433000,428300,431800,431800,430200,430300,430400,430500,430600,430700,430800,430900,431000,431100,10000,39700,12500,17600,37100,4100,43000,51200,42000,2500,430100,430000,429900,429800,429700,429600,429500,429400,429300,429200,51400,237000,68200,28900,11800,28700,61600,11400,14100,23900,438900,426100,9524010,4336776,0,0,0,0,0,
600036.SH,600036,20251209,140712000,430100,24900,1071085,63393,0,,,38120476,1642831984,433000,428300,431800,431800,430200,430300,430400,430500,430600,430700,430800,430900,431000,431100,5900,31900,12500,17600,37100,4100,43000,51200,42000,2500,430100,430000,429900,429800,429700,429600,429500,429400,429300,429200,41300,236100,68200,28900,11800,28700,61600,11400,14100,23900,438910,426090,9511110,4326176,0,0,0,0,0,
600036.SH,600036,20251209,140715000,430100,200,8602,63395,0,,,38120676,1642840586,433000,428300,431800,431800,430200,430300,430400,430500,430600,430700,430800,430900,431000,431100,18000,31900,12500,18100,37500,3600,43000,51200,42000,2500,430100,430000,429900,429800,429700,429600,429500,429400,429300,429200,40800,236100,68200,28900,12500,28700,61600,11400,14100,23900,438900,426090,9523610,4326376,0,0,0,0,0,
600036.SH,600036,20251209,140718000,430100,1500,64519,63400,0,,,38122176,1642905105,433000,428300,431800,431800,430200,430300,430400,430500,430600,430700,430800,430900,431000,431100,17900,31900,12500,18100,36500,3600,43000,51200,42000,2500,430100,430000,429900,429800,429700,429600,429500,429400,429300,429200,40300,236100,68200,27900,12500,28700,61600,11400,14100,23900,438900,426090,9522510,4325876,0,0,0,0,0,
600036.SH,600036,20251209,140721000,430200,4900,210798,63426,0,,,38127076,1643115903,433000,428300,431800,431800,430200,430300,430400,430500,430600,430700,430800,430900,431000,431100,13000,31900,15300,17200,36400,3600,43000,51200,42000,2500,430100,430000,429900,429800,429700,429600,429500,429400,429300,429200,40700,236100,68200,27900,12500,28700,61600,11400,14100,23900,438900,426090,9519510,4327476,0,0,0,0,0,
600036.SH,600036,20251209,140724000,430200,3000,129043,63436,0,,,38130076,1643244946,433000,428300,431800,431800,430200,430300,430400,430500,430600,430700,430800,430900,431000,431100,12100,33200,15300,17200,36400,3600,43000,51200,42000,2500,430100,430000,429900,429800,429700,429600,429500,429400,429300,429200,45500,236100,68200,27900,12500,29000,61600,11400,14400,23900,438900,426100,9519610,4333876,0,0,0,0,0,
600036.SH,600036,20251209,140727000,430100,600,25806,63438,0,,,38130676,1643270752,433000,428300,431800,431800,430200,430300,430400,430500,430600,430700,430800,430900,431000,431100,11200,33200,15300,17200,36400,3600,43000,51200,42000,2500,430100,430000,429900,429800,429700,429600,429500,429400,429300,429200,50100,236400,68200,27900,12500,29000,61600,11400,14400,23900,438900,426100,9519310,4338776,0,0,0,0,0,
600036.SH,600036,20251209,140730000,430100,1500,64515,63439,0,,,38132176,1643335267,433000,428300,431800,431800,430200,430300,430400,430500,430600,430700,430800,430900,431000,431100,10900,33400,15300,17200,36400,3600,43000,51200,42000,2500,430100,430000,429900,429800,429700,429600,429500,429400,429300,429200,59900,236500,68200,27900,12500,29000,61600,11400,14400,23900,438900,426110,9519310,4349276,0,0,0,0,0,
600036.SH,600036,20251209,140733000,430200,4000,172079,63444,0,,,38136176,1643507346,433000,428300,431800,431800,430200,430300,430400,430500,430600,430700,430800,430900,431000,431100,7000,33400,20600,17200,36400,3600,43000,51200,42000,2500,430100,430000,429900,429800,429700,429600,429500,429400,429300,429200,74900,237300,68200,27900,12500,29000,61600,11400,14400,23900,438900,426130,9526710,4365176,0,0,0,0,0,
600036.SH,600036,20251209,140736000,430100,6100,262365,63462,0,,,38142276,1643769711,433000,428300,431800,431800,430200,430300,430400,430500,430600,430700,430800,430900,431000,431100,8500,33400,20200,17000,36400,3600,43000,51200,42000,2500,430100,430000,429900,429800,429700,429600,429500,429400,429300,429200,69300,237200,68200,27900,12500,29000,61700,11400,14400,23900,438900,426120,9527610,4360176,0,0,0,0,0,
600036.SH,600036,20251209,140739000,430100,8800,378490,63483,0,,,38151076,1644148201,433000,428300,431800,431800,430200,430300,430400,430500,430600,430700,430800,430900,431000,431100,14900,33300,19000,17500,36400,3600,43000,51200,42000,2500,430100,430000,429900,429800,429700,429600,429500,429400,429300,429200,62300,236900,68200,27900,12500,29000,61900,11400,14400,23900,438890,426120,9530710,4353076,0,0,0,0,0,
600036.SH,600036,20251209,140742000,430100,2800,120436,63488,0,,,38153876,1644268637,433000,428300,431800,431800,430200,430300,430400,430500,430600,430700,430800,430900,431000,431100,14400,33300,19000,17100,36400,3600,43000,51200,42000,2500,430100,430000,429900,429800,429700,429600,429500,429400,429300,429200,60300,236900,68200,23900,12500,29000,61900,11400,14400,23900,438890,426110,9529810,4347276,0,0,0,0,0,
600036.SH,600036,20251209,140745000,430100,5800,249502,63500,0,,,38159676,1644518139,433000,428300,431800,431800,430200,430300,430400,430500,430600,430700,430800,430900,431000,431100,17700,33300,18600,17100,36400,3600,43000,51200,42000,2500,430100,430000,429900,429800,429700,429600,429500,429400,429300,429200,59900,241900,68200,23900,13200,29000,61900,11400,14400,23900,438890,426110,9532710,4353676,0,0,0,0,0,
600036.SH,600036,20251209,140748000,430200,600,25812,63506,0,,,38160276,1644543951,433000,428300,431800,431800,430200,430300,430400,430500,430600,430700,430800,430900,431000,431100,17600,33300,18500,17100,36400,3600,42800,51200,42000,2500,430100,430000,429900,429800,429700,429600,429500,429400,429300,429200,60700,241300,68500,23900,13200,29000,61900,11400,14400,23900,438870,426120,9563510,4353976,0,0,0,0,0,
600036.SH,600036,20251209,140751000,430200,9600,412953,63527,0,,,38169876,1644956904,433000,428300,431800,431800,430200,430300,430400,430500,430600,430700,430800,430900,431000,431100,13900,33600,18500,17100,36400,3600,42800,51200,42000,2500,430100,430000,429900,429800,429700,429600,429500,429400,429300,429200,57100,241400,68500,23900,13200,29000,61900,11400,14400,23900,438870,426110,9560110,4350676,0,0,0,0,0,
600036.SH,600036,20251209,140754000,430200,2100,90331,63535,0,,,38171976,1645047235,433000,428300,431800,431800,430200,430300,430400,430500,430600,430700,430800,430900,431000,431100,12900,33600,18500,17100,36800,3600,42800,51200,42000,2500,430100,430000,429900,429800,429700,429600,429500,429400,429300,429200,55900,241400,68600,23900,13700,29000,61900,11400,14400,23900,438870,426110,9559610,4350776,0,0,0,0,0,
600036.SH,600036,20251209,140757000,430100,400,17206,63538,0,,,38172376,1645064441,433000,428300,431800,431800,430200,430300,430400,430500,430600,430700,430800,430900,431000,431100,12800,33600,18500,17100,36800,3600,42800,51100,42000,2500,430100,430000,429900,429800,429700,429600,429500,429400,429300,429200,56600,241400,68600,23900,13700,29000,61900,11400,14400,23900,438870,426110,9558910,4351776,0,0,0,0,0,
600036.SH,600036,20251209,140800000,430100,4300,184943,63542,0,,,38176676,1645249384,433000,428300,431800,431800,430200,430300,430400,430500,430600,430700,430800,430900,431000,431100,20100,33600,18500,16100,36800,3600,42900,51100,42000,2500,430100,430000,429900,429800,429700,429600,429500,429400,429300,429200,53600,241400,68600,23900,13700,29000,61900,11400,14400,23900,438870,426110,9565910,4345876,0,0,0,0,0,
600036.SH,600036,20251209,140803000,430100,700,30107,63544,0,,,38177376,1645279491,433000,428300,431800,431800,430200,430300,430400,430500,430600,430700,430800,430900,431000,431100,21300,33300,27100,16100,36800,3600,42900,51100,42000,2500,430100,430000,429900,429800,429700,429600,429500,429400,429300,429200,53900,242000,68600,23900,13700,29000,61900,11400,14400,23900,438860,426110,9575410,4346276,0,0,0,0,0,
600036.SH,600036,20251209,140806000,430200,1900,81722,63547,0,,,38179276,1645361213,433000,428300,431800,431800,430200,430300,430400,430500,430600,430700,430800,430900,431000,431100,21300,33300,27100,16100,36800,3600,42900,51100,42000,2500,430100,430000,429900,429800,429700,429600,429500,429400,429300,429200,52900,242000,68600,23900,13700,29000,61900,11400,14400,23900,438860,426110,9573910,4344576,0,0,0,0,0,
600036.SH,600036,20251209,140809000,430100,7000,301111,63562,0,,,38186276,1645662324,433000,428300,431800,431800,430200,430300,430400,430500,430600,430700,430800,430900,431000,431100,17300,33100,27100,16100,36800,3600,42900,51100,42000,2500,430100,430000,429900,429800,429700,429600,429500,429400,429300,429200,38200,242600,68600,23900,14700,29000,61900,11400,14400,23900,438860,426100,9569710,4332176,0,0,0,0,0,
600036.SH,600036,20251209,140812000,430100,15300,658056,63599,0,,,38201576,1646320380,433000,428300,431800,431800,430200,430300,430400,430500,430600,430700,430800,430900,431000,431100,27500,33000,27100,16100,36800,5600,42900,51100,42000,2500,430100,430000,429900,429800,429700,429600,429500,429400,429300,429200,24100,247600,68600,23900,14700,29000,61900,11400,14400,23900,438850,426090,9582810,4326076,0,0,0,0,0,
600036.SH,600036,20251209,140815000,430200,600,25811,63601,0,,,38202176,1646346191,433000,428300,431800,431800,430200,430300,430400,430500,430600,430700,430800,430900,431000,431100,27000,33000,27100,16100,36000,5600,42900,51100,50000,2500,430100,430000,429900,429800,429700,429600,429500,429400,429300,429200,33800,247600,68600,23900,14700,29000,62000,11400,14400,23900,438850,426100,9589510,4336976,0,0,0,0,0,
600036.SH,600036,20251209,140818000,430100,600,25811,63603,0,,,38202776,1646372002,433000,428300,431800,431800,430200,430300,430400,430500,430600,430700,430800,430900,431000,431100,26500,33000,27100,16700,36000,5600,42900,51100,50000,2500,430100,430000,429900,429800,429700,429600,429500,429400,429300,429200,34200,248600,68600,23900,14700,29000,62000,11400,14400,23900,438850,426100,9589610,4339376,0,0,0,0,0,
600036.SH,600036,20251209,140821000,430100,8600,369907,63610,0,,,38211376,1646741909,433000,428300,431800,431800,430200,430300,430400,430500,430600,430700,430800,430900,431000,431100,24400,33000,27300,16700,36000,5600,22000,30200,50000,2500,430100,430000,429900,429800,429700,429600,429500,429400,429300,429200,29500,249100,68600,23900,14700,29000,62000,11400,14400,23900,438880,426100,9545810,4334776,0,0,0,0,0,
600036.SH,600036,20251209,140824000,430100,5000,215094,63619,0,,,38216376,1646957003,433000,428300,431800,431800,430200,430300,430400,430500,430600,430700,430800,430900,431000,431100,18800,33000,27300,16700,36000,5600,21900,30200,50000,2500,430100,430000,429900,429800,429700,429600,429500,429400,429300,429200,29800,249200,68600,23900,14700,29000,62000,11400,14400,23900,438890,426100,9540110,4335276,0,0,0,0,0,
600036.SH,600036,20251209,140827000,430200,200,8603,63621,0,,,38216576,1646965606,433000,428300,431800,431800,430200,430300,430400,430500,430600,430700,430800,430900,431000,431100,26100,33000,27300,16700,36000,5600,21900,30200,50100,2500,430100,430000,429900,429800,429700,429600,429500,429400,429300,429200,35100,249200,68700,23900,14700,29000,62000,11400,14400,23900,438880,426100,9547510,4340976,0,0,0,0,0,
600036.SH,600036,20251209,140830000,430100,8300,356984,63636,0,,,38224876,1647322590,433000,428300,431800,431800,430200,430300,430400,430500,430600,430700,430800,430900,431000,431100,26200,33000,27300,16700,36000,5600,21900,30200,50100,2500,430100,430000,429900,429800,429700,429600,429500,429400,429300,429200,28300,249200,68700,23900,15300,28900,62000,11400,14400,23900,438880,426100,9547610,4334676,0,0,0,0,0,
600036.SH,600036,20251209,140833000,430200,2300,98939,63644,0,,,38227176,1647421529,433000,428300,431800,431800,430200,430300,430400,430500,430600,430700,430800,430900,431000,431100,24700,33000,27300,16700,36000,5600,21900,30200,50100,2500,430100,430000,429900,429800,429700,429600,429500,429400,429300,429200,28500,249200,68700,23900,15300,28900,62000,11400,14400,23900,438880,426100,9546110,4336776,0,0,0,0,0,
600036.SH,600036,20251209,140836000,430100,4500,193558,63654,0,,,38231676,1647615087,433000,428300,431800,431800,430200,430300,430400,430500,430600,430700,430800,430900,431000,431100,30100,33000,27300,16700,36000,5600,21900,30200,50100,2500,430100,430000,429900,429800,429700,429600,429500,429400,429300,429200,32600,249200,68700,23900,15300,28900,62000,11400,14400,23900,438880,426100,9551510,4340876,0,0,0,0,0,
600036.SH,600036,20251209,140839000,430100,4300,184946,63668,0,,,38235976,1647800033,433000,428300,431800,431800,430200,430300,430400,430500,430600,430700,430800,430900,431000,431100,40500,32100,27300,16700,36000,5600,21900,30200,50100,2500,430100,430000,429900,429800,429700,429600,429500,429400,429300,429200,28600,245300,68700,23600,15700,28900,62000,11400,14400,23900,438870,426090,9561110,4332876,0,0,0,0,0,
600036.SH,600036,20251209,140842000,430200,500,21510,63669,0,,,38236476,1647821543,433000,428300,431800,431800,430200,430300,430400,430500,430600,430700,430800,430900,431000,431100,40000,32000,29200,16700,36000,5600,21900,30200,50100,2500,430100,430000,429900,429800,429700,429600,429500,429400,429300,429200,35900,245300,68700,23600,15700,28900,62000,11400,14400,23900,438870,426100,9562110,4339576,0,0,0,0,0,
600036.SH,600036,20251209,140845000,430100,14900,640874,63679,0,,,38251376,1648462417,433000,428300,431800,431800,430200,430300,430400,430500,430600,430700,430800,430900,431000,431100,58200,32000,29200,16700,36000,5600,21900,30200,50100,2500,430100,430000,429900,429800,429700,429600,429500,429400,429300,429200,23600,245300,68700,23600,15700,28900,62000,11400,14400,23900,438850,426090,9580310,4327776,0,0,0,0,0,
600036.SH,600036,20251209,140848000,430100,89800,3862740,63748,0,,,38341176,1652325157,433000,428300,431800,431800,430100,430200,430300,430400,430500,430600,430700,430800,430900,431000,2600,10600,32000,27000,16700,36000,5600,21900,30200,50100,430000,429900,429800,429700,429600,429500,429400,429300,429200,429100,238100,68700,23600,15700,28900,62100,11400,14400,23900,80200,438900,426060,9530410,4298076,0,0,0,0,0,
600036.SH,600036,20251209,140851000,430100,6900,296769,63761,0,,,38348076,1652621926,433000,428300,431800,431800,430100,430200,430300,430400,430500,430600,430700,430800,430900,431000,1900,11000,30100,26600,16700,36000,5600,21900,30200,50100,430000,429900,429800,429700,429600,429500,429400,429300,429200,429100,238700,68700,23600,16300,28900,62100,11400,14400,23900,80200,438900,426060,9527810,4299276,0,0,0,0,0,
600036.SH,600036,20251209,140854000,430100,10500,451587,63775,0,,,38358576,1653073513,433000,428300,431800,431800,430200,430300,430400,430500,430600,430700,430800,430900,431000,431100,12900,21900,10200,16700,36000,5600,21900,30200,50100,2500,430100,430000,429900,429800,429700,429600,429500,429400,429300,429200,4700,258700,68700,23600,16300,28900,62100,11400,14400,23900,438920,426090,9503210,4324276,0,0,0,0,0,
600036.SH,600036,20251209,140857000,430200,1400,60224,63778,0,,,38359976,1653133737,433000,428300,431800,431800,430200,430300,430400,430500,430600,430700,430800,430900,431000,431100,13100,22000,10200,16700,36000,5600,21900,30200,50100,2500,430100,430000,429900,429800,429700,429600,429500,429400,429300,429200,6300,258900,68800,23600,16300,29100,62100,11400,14400,23900,438920,426090,9503510,4326376,0,0,0,0,0,
600036.SH,600036,20251209,140900000,430200,800,34414,63781,0,,,38360776,1653168151,433000,428300,431800,431800,430200,430300,430400,430500,430600,430700,430800,430900,431000,431100,13300,25100,26300,16700,36000,5600,21900,30200,50100,2500,430100,430000,429900,429800,429700,429600,429500,429400,429300,429200,6500,259900,69800,23600,16300,29100,62100,11400,14400,23900,438900,426090,9522910,4328376,0,0,0,0,0,
600036.SH,600036,20251209,140903000,430100,1400,60218,63785,0,,,38362176,1653228369,433000,428300,431800,431800,430200,430300,430400,430500,430600,430700,430800,430900,431000,431100,18300,25100,26300,16700,36000,5600,21900,30200,50100,2500,430100,430000,429900,429800,429700,429600,429500,429400,429300,429200,18700,267400,69800,23600,16300,29100,62100,11400,14400,23900,438900,426110,9527110,4348076,0,0,0,0,0,
600036.SH,600036,20251209,140906000,430200,2200,94644,63801,0,,,38364376,1653323013,433000,428300,431800,431800,430200,430300,430400,430500,430600,430700,430800,430900,431000,431100,15400,24900,26300,16700,36000,5600,21900,30200,50100,2500,430100,430000,429900,429800,429700,429600,429500,429400,429300,429200,30500,268000,69800,23600,16300,29100,62100,11400,14400,23900,438900,426120,9524010,4361476,0,0,0,0,0,
600036.SH,600036,20251209,140909000,430100,4500,193545,63809,0,,,38368876,1653516558,433000,428300,431800,431800,430200,430300,430400,430500,430600,430700,430800,430900,431000,431100,15700,24900,29500,16700,36000,5600,21900,30200,50100,2500,430100,430000,429900,429800,429700,429600,429500,429400,429300,429200,28100,268000,69800,23600,16300,29100,62200,11400,14400,23900,438900,426120,9527510,4360576,0,0,0,0,0,
600036.SH,600036,20251209,140912000,430100,0,0,63809,0,,,38368876,1653516558,433000,428300,431800,431800,430200,430300,430400,430500,430600,430700,430800,430900,431000,431100,16200,24900,29500,16700,36000,5600,21900,30200,50100,2500,430100,430000,429900,429800,429700,429600,429500,429400,429300,429200,30900,268200,69800,23600,16300,29100,62200,11400,14400,23900,438900,426120,9528010,4362876,0,0,0,0,0,
600036.SH,600036,20251209,140915000,430100,300,12905,63811,0,,,38369176,1653529463,433000,428300,431800,431800,430200,430300,430400,430500,430600,430700,430800,430900,431000,431100,16000,24900,29500,16700,36000,5600,21900,30200,50100,2500,430100,430000,429900,429800,429700,429600,429500,429400,429300,429200,33000,269600,69800,23600,16300,29100,62200,11400,14400,23900,438900,426120,9526510,4366576,0,0,0,0,0,
600036.SH,600036,20251209,140918000,430200,2200,94625,63817,0,,,38371376,1653624088,433000,428300,431800,431800,430200,430300,430400,430500,430600,430700,430800,430900,431000,431100,15900,24900,29500,17700,36000,5600,21900,30200,50100,2500,430100,430000,429900,429800,429700,429600,429500,429400,429300,429200,31100,269600,69800,23600,16800,29100,62200,11400,14400,23900,438900,426120,9526410,4365376,0,0,0,0,0,
600036.SH,600036,20251209,140921000,430100,6200,266706,63832,0,,,38377576,1653890794,433000,428300,431800,431800,430200,430300,430400,430500,430600,430700,430800,430900,431000,431100,11700,24900,29500,17800,36000,5600,21900,30200,50100,2500,430100,430000,429900,429800,429700,429600,429500,429400,429300,429200,30300,269600,69800,23600,16800,29100,62500,11400,14400,23900,438900,426120,9522310,4364876,0,0,0,0,0,
600036.SH,600036,20251209,140924000,430200,5500,236575,63850,0,,,38383076,1654127369,433000,428300,431800,431800,430200,430300,430400,430500,430600,430700,430800,430900,431000,431100,9900,25100,29500,17800,36000,5600,21900,30200,50100,2500,430100,430000,429900,429800,429700,429600,429500,429400,429300,429200,32300,269800,69800,23600,16800,29100,62500,11600,14400,23900,438910,426120,9520310,4367876,0,0,0,0,0,
600036.SH,600036,20251209,140927000,430100,100,4301,63851,0,,,38383176,1654131670,433000,428300,431800,431800,430200,430300,430400,430500,430600,430700,430800,430900,431000,431100,10700,25100,29500,17800,36000,5600,21900,30200,50100,2500,430100,430000,429900,429800,429700,429600,429500,429400,429300,429200,41600,269800,69800,23600,16800,29100,62500,11600,14800,23900,438900,426130,9521110,4377576,0,0,0,0,0,
600036.SH,600036,20251209,140930000,430200,6500,279577,63859,0,,,38389676,1654411247,433000,428300,431800,431800,430200,430300,430400,430500,430600,430700,430800,430900,431000,431100,14900,25100,29500,17800,36000,5600,21900,30200,50100,2500,430100,430000,429900,429800,429700,429600,429500,429400,429300,429200,38200,269300,69700,23600,16800,29100,62500,11600,14800,23900,438900,426130,9525310,4371976,0,0,0,0,0,
600036.SH,600036,20251209,140933000,430100,3200,137651,63866,0,,,38392876,1654548898,433000,428300,431800,431800,430200,430300,430400,430500,430600,430700,430800,430900,431000,431100,13100,25100,29500,17800,36100,5600,21400,30200,50100,2500,430100,430000,429900,429800,429700,429600,429500,429400,429300,429200,38100,269300,69700,23600,16800,29100,62500,11600,14800,24100,438900,426130,9523110,4372276,0,0,0,0,0,
600036.SH,600036,20251209,140936000,430200,13600,585013,63893,0,,,38406476,1655133911,433000,428300,431800,431800,430200,430300,430400,430500,430600,430700,430800,430900,431000,431100,6000,25100,29500,17800,36100,5600,21400,30200,50100,2500,430100,430000,429900,429800,429700,429600,429500,429400,429300,429200,35000,265600,69700,23600,16800,29100,62500,11600,14800,24100,438910,426120,9516010,4365976,0,0,0,0,0,
600036.SH,600036,20251209,140939000,430200,6300,270978,63901,0,,,38412776,1655404889,433000,428300,431800,431800,430200,430300,430400,430500,430600,430700,430800,430900,431000,431100,11900,25100,29600,17800,36000,3600,21400,30200,50600,2500,430100,430000,429900,429800,429700,429600,429500,429400,429300,429200,34200,265600,69700,23600,16800,29100,62500,11600,14800,24100,438910,426120,9520710,4365176,0,0,0,0,0,
600036.SH,600036,20251209,140942000,430200,10000,430135,63913,0,,,38422776,1655835024,433000,428300,431800,431800,430200,430300,430400,430500,430600,430700,430800,430900,431000,431100,14100,25200,29500,18100,36000,3600,21400,30200,50600,2500,430100,430000,429900,429800,429700,429600,429500,429400,429300,429200,30700,265600,69700,23600,16800,29100,62600,11600,14800,24100,438900,426120,9524210,4361976,0,0,0,0,0,
600036.SH,600036,20251209,140945000,430100,23500,1010741,63947,0,,,38446276,1656845765,433000,428300,431800,431800,430200,430300,430400,430500,430600,430700,430800,430900,431000,431100,13900,25200,29500,18100,36000,3600,21400,30200,50600,2500,430100,430000,429900,429800,429700,429600,429500,429400,429300,429200,8000,267400,69700,23600,16800,29100,62600,11600,14800,25300,438900,426100,9524010,4342376,0,0,0,0,0,
600036.SH,600036,20251209,140948000,430200,1600,68831,63952,0,,,38447876,1656914596,433000,428300,431800,431800,430200,430300,430400,430500,430600,430700,430800,430900,431000,431100,19200,25200,29500,18100,36000,3600,21400,30200,50600,2500,430100,430000,429900,429800,429700,429600,429500,429400,429300,429200,9900,267500,69700,23600,16900,29100,62900,11600,14800,25300,438900,426100,9528610,4344976,0,0,0,0,0,
600036.SH,600036,20251209,140951000,430100,2400,103225,63958,0,,,38450276,1657017821,433000,428300,431800,431800,430200,430300,430400,430500,430600,430700,430800,430900,431000,431100,19600,25200,29500,18100,36000,3600,21400,30200,50600,2500,430100,430000,429900,429800,429700,429600,429500,429400,429300,429200,9300,267700,69700,23600,16900,29100,62900,11600,14800,25300,438900,426100,9529010,4345176,0,0,0,0,0,
600036.SH,600036,20251209,140954000,430200,4800,206483,63963,0,,,38455076,1657224304,433000,428300,431800,431800,430200,430300,430400,430500,430600,430700,430800,430900,431000,431100,17000,25200,29500,18100,36000,3600,21400,30200,50600,2500,430100,430000,429900,429800,429700,429600,429500,429400,429300,429200,9500,268800,69700,23600,16900,29100,62900,11600,14800,25300,438900,426100,9526410,4346676,0,0,0,0,0,
600036.SH,600036,20251209,140957000,430100,4800,206453,63974,0,,,38459876,1657430757,433000,428300,431800,431800,430200,430300,430400,430500,430600,430700,430800,430900,431000,431100,17200,25400,29500,18100,36000,3600,21300,30200,50600,2500,430100,430000,429900,429800,429700,429600,429500,429400,429300,429200,6200,268800,69700,23600,16900,29100,62900,11600,14800,25300,438900,426090,9526710,4327976,0,0,0,0,0,
600036.SH,600036,20251209,141000000,430100,3900,167751,63986,0,,,38463776,1657598508,433000,428300,431800,431800,430200,430300,430400,430500,430600,430700,430800,430900,431000,431100,16100,25400,29500,18100,36000,3600,21300,30200,50600,2500,430100,430000,429900,429800,429700,429600,429500,429400,429300,429200,4100,269000,69700,23600,16900,29100,62900,11600,14800,25300,438900,426090,9526610,4326076,0,0,0,0,0,
600036.SH,600036,20251209,141003000,430200,3100,133348,63993,0,,,38466876,1657731856,433000,428300,431800,431800,430200,430300,430400,430500,430600,430700,430800,430900,431000,431100,14500,25400,29500,18100,36000,3600,21300,30200,50600,2500,430100,430000,429900,429800,429700,429600,429500,429400,429300,429200,6800,269100,69700,23600,16900,29100,62900,11600,14800,25800,438900,426090,9525010,4329276,0,0,0,0,0,
600036.SH,600036,20251209,141006000,430100,2800,120428,64002,0,,,38469676,1657852284,433000,428300,431800,431800,430200,430300,430400,430500,430600,430700,430800,430900,431000,431100,14700,25400,29500,18100,36000,3600,21300,30200,50600,2500,430100,430000,429900,429800,429700,429600,429500,429400,429300,429200,5900,270800,69700,23600,16900,30600,63000,11600,14800,25800,438900,426090,9525110,4331776,0,0,0,0,0,
600036.SH,600036,20251209,141009000,430000,9400,404276,64020,0,,,38479076,1658256560,433000,428300,431800,431800,430200,430300,430400,430500,430600,430700,430800,430900,431000,431100,16400,25400,29500,18100,36000,3600,21300,30200,50600,2500,430000,429900,429800,429700,429600,429500,429400,429300,429200,429100,268700,69700,23200,16500,30600,63000,11600,15200,25800,79700,438900,426080,9526810,4323576,0,0,0,0,0,
600036.SH,600036,20251209,141012000,430000,22600,971846,64056,0,,,38501676,1659228406,433000,428300,431800,431800,430100,430200,430300,430400,430500,430600,430700,430800,430900,431000,800,34000,26000,26400,17500,36000,3600,21300,30100,50600,430000,429900,429800,429700,429600,429500,429400,429300,429200,429100,249900,69700,23600,16500,30200,63200,11600,15200,25800,79700,438890,426070,9542010,4305576,0,0,0,0,0,
600036.SH,600036,20251209,141015000,430000,14900,640723,64072,0,,,38516576,1659869129,433000,428300,431800,431800,430100,430200,430300,430400,430500,430600,430700,430800,430900,431000,16400,20300,25900,26400,17500,35900,3600,21300,30100,50600,430000,429900,429800,429700,429600,429500,429400,429300,429200,429100,238400,69700,23600,16500,30200,75200,11600,15200,25800,79700,438880,426070,9544210,4306076,0,0,0,0,0,
600036.SH,600036,20251209,141018000,430000,6300,270950,64076,0,,,38522876,1660140079,433000,428300,431800,431800,430100,430200,430300,430400,430500,430600,430700,430800,430900,431000,12000,20500,25900,26400,17500,35900,3600,21300,30100,50600,430000,429900,429800,429700,429600,429500,429400,429300,429200,429100,237300,69700,23600,16500,30200,75200,11600,15200,25800,79700,438890,426070,9540010,4304776,0,0,0,0,0,
600036.SH,600036,20251209,141021000,430100,15000,645036,64114,0,,,38537876,1660785115,433000,428300,431800,431800,430100,430200,430300,430400,430500,430600,430700,430800,430900,431000,21400,34300,9300,7100,17500,35900,3600,21100,30100,50600,430000,429900,429800,429700,429600,429500,429400,429300,429200,429100,225200,69700,23600,16500,30200,75200,11600,15200,25800,79700,438900,426050,9527110,4292976,0,0,0,0,0,
600036.SH,600036,20251209,141024000,430100,7500,322554,64123,0,,,38545376,1661107669,433000,428300,431800,431800,430100,430200,430300,430400,430500,430600,430700,430800,430900,431000,16200,34300,9000,7100,17500,35900,3600,21100,30100,50600,430000,429900,429800,429700,429600,429500,429400,429300,429200,429100,223300,69700,23600,16600,30200,75200,11600,15200,25800,79700,438900,426050,9521610,4290876,0,0,0,0,0,
600036.SH,600036,20251209,141027000,430100,6600,283806,64133,0,,,38551976,1661391475,433000,428300,431800,431800,430100,430200,430300,430400,430500,430600,430700,430800,430900,431000,17500,37800,9000,7100,17500,35900,3600,21100,30100,50600,430000,429900,429800,429700,429600,429500,429400,429300,429200,429100,217500,69700,23600,16600,30200,75800,11600,14700,25800,79700,438900,426050,9526410,4284076,0,0,0,0,0,
600036.SH,600036,20251209,141030000,430100,6600,283866,64145,0,,,38558576,1661675341,433000,428300,431800,431800,430100,430200,430300,430400,430500,430600,430700,430800,430900,431000,17800,38500,9000,7600,17500,35900,3600,21100,30100,50600,430000,429900,429800,429700,429600,429500,429400,429300,429200,429100,217700,69700,23600,16600,30200,75800,11600,14700,25800,79700,438900,426050,9527710,4284576,0,0,0,0,0,
600036.SH,600036,20251209,141033000,430100,18000,774180,64166,0,,,38576576,1662449521,433000,428300,431800,431800,430100,430200,430300,430400,430500,430600,430700,430800,430900,431000,100,38600,9000,7600,17500,35900,3600,21100,30100,51600,430000,429900,429800,429700,429600,429500,429400,429300,429200,429100,218300,69700,23600,16600,30200,75800,11600,14700,25800,79700,438910,426050,9511110,4285876,0,0,0,0,0,
600036.SH,600036,20251209,141036000,430000,3600,154866,64175,0,,,38580176,1662604387,433000,428300,431800,431800,430100,430200,430300,430400,430500,430600,430700,430800,430900,431000,2500,41100,9000,7200,15600,35900,3600,21100,30100,52000,430000,429900,429800,429700,429600,429500,429400,429300,429200,429100,219400,69900,23600,16600,30200,75800,11600,14700,25800,79700,438910,426050,9515910,4287176,0,0,0,0,0,
600036.SH,600036,20251209,141039000,430200,11300,485956,64196,0,,,38591476,1663090343,433000,428300,431800,431800,430200,430300,430400,430500,430600,430700,430800,430900,431000,431100,39800,9000,7200,15600,35900,3600,21100,30100,52000,2500,430100,430000,429900,429800,429700,429600,429500,429400,429300,429200,200,212400,70000,23600,16600,30200,75800,11600,14700,25800,438910,426040,9512110,4279576,0,0,0,0,0,
600036.SH,600036,20251209,141042000,430000,9500,408591,64201,0,,,38600976,1663498934,433000,428300,431800,431800,430200,430300,430400,430500,430600,430700,430800,430900,431000,431100,44000,9800,7200,15600,36900,4000,21900,30100,51600,2500,430100,430000,429900,429800,429700,429600,429500,429400,429300,429200,1100,210000,70000,23600,16600,30200,75300,11600,14700,25800,438910,426040,9516110,4280376,0,0,0,0,0,
600036.SH,600036,20251209,141045000,430100,9600,412871,64211,0,,,38610576,1663911805,433000,428300,431800,431800,430100,430200,430300,430400,430500,430600,430700,430800,430900,431000,100,43600,3200,7200,15600,36900,4000,21900,30100,51600,430000,429900,429800,429700,429600,429500,429400,429300,429200,429100,210100,70000,23600,16600,30200,75300,11600,14700,25800,79700,438910,426040,9509210,4280376,0,0,0,0,0,
600036.SH,600036,20251209,141048000,430200,13200,567862,64230,0,,,38623776,1664479667,433000,428300,431800,431800,430200,430300,430400,430500,430600,430700,430800,430900,431000,431100,31000,3200,7200,15500,36900,4000,21900,30100,51600,2500,430100,430000,429900,429800,429700,429600,429500,429400,429300,429200,200,213800,70000,23600,16600,30200,75300,11600,14700,25800,438930,426040,9496410,4285676,0,0,0,0,0,
600036.SH,600036,20251209,141051000,430200,12300,528927,64244,0,,,38636076,1665008594,433000,428300,431800,431800,430200,430300,430400,430500,430600,430700,430800,430900,431000,431100,30700,2500,8200,15500,36900,4000,21900,30100,51600,2500,430000,429900,429800,429700,429600,429500,429400,429300,429200,429100,203900,70000,23200,16600,30200,75300,11600,15100,25800,79700,438930,426030,9496210,4274176,0,0,0,0,0,
600036.SH,600036,20251209,141054000,430200,2100,90340,64247,0,,,38638176,1665098934,433000,428300,431800,431800,430200,430300,430400,430500,430600,430700,430800,430900,431000,431100,28400,4400,7200,15500,36900,4000,21900,30100,51600,2500,430100,430000,429900,429800,429700,429600,429500,429400,429300,429200,2900,208900,69000,22300,16600,30200,75800,12100,15500,26200,438930,426040,9494810,4281976,0,0,0,0,0,
600036.SH,600036,20251209,141057000,430100,200,8603,64249,0,,,38638376,1665107537,433000,428300,431800,431800,430200,430300,430400,430500,430600,430700,430800,430900,431000,431100,28700,4500,7200,15500,36800,4000,21900,30100,51600,2500,430100,430000,429900,429800,429700,429600,429500,429400,429300,429200,3000,209200,69000,22300,16600,30200,75800,12100,15500,26200,438930,426040,9495110,4282576,0,0,0,0,0,
600036.SH,600036,20251209,141100000,430200,16900,726800,64270,0,,,38655276,1665834337,433000,428300,431800,431800,430200,430300,430400,430500,430600,430700,430800,430900,431000,431100,14200,2600,7200,15500,36800,4000,21900,30100,51600,2500,430100,430000,429900,429800,429700,429600,429500,429400,429300,429200,3100,199800,69000,22700,16600,30200,76200,12100,15100,26200,438940,426030,9479710,4273476,0,0,0,0,0,
600036.SH,600036,20251209,141103000,430200,0,0,64270,0,,,38655276,1665834337,433000,428300,431800,431800,430200,430300,430400,430500,430600,430700,430800,430900,431000,431100,19700,2800,7200,15500,36800,4000,21900,30100,51600,2500,430100,430000,429900,429800,429700,429600,429500,429400,429300,429200,4100,200000,70900,23700,16200,30200,76200,11600,14700,25800,438940,426040,9485410,4275676,0,0,0,0,0,
600036.SH,600036,20251209,141106000,430200,3600,154869,64278,0,,,38658876,1665989206,433000,428300,431800,431800,430200,430300,430400,430500,430600,430700,430800,430900,431000,431100,20000,2700,7300,15500,36700,4000,21900,30100,51600,2500,430100,430000,429900,429800,429700,429600,429500,429400,429300,429200,3800,196200,70900,23700,16200,30200,76200,11600,14700,25800,438940,426030,9485710,4271576,0,0,0,0,0,
600036.SH,600036,20251209,141109000,430200,1200,51613,64281,0,,,38660076,1666040819,433000,428300,431800,431800,430200,430300,430400,430500,430600,430700,430800,430900,431000,431100,22600,3500,7300,15500,36700,4000,21900,30100,51600,2500,430100,430000,429900,429800,429700,429600,429500,429400,429300,429200,2700,200100,70900,23700,16200,30200,76200,11600,14700,25800,438930,426040,9489110,4274576,0,0,0,0,0,
600036.SH,600036,20251209,141112000,430200,1700,73134,64285,0,,,38661776,1666113953,433000,428300,431800,431800,430200,430300,430400,430500,430600,430700,430800,430900,431000,431100,21000,3500,7400,15500,36700,4000,21900,30100,51600,2500,430100,430000,429900,429800,429700,429600,429500,429400,429300,429200,2800,200100,70900,23700,16200,30200,76200,11600,14700,25800,438940,426040,9477310,4274576,0,0,0,0,0,
600036.SH,600036,20251209,141115000,430100,2700,116145,64293,0,,,38664476,1666230098,433000,428300,431800,431800,430200,430300,430400,430500,430600,430700,430800,430900,431000,431100,20400,3500,7400,15500,36700,4000,21900,30100,51600,2500,430100,430000,429900,429800,429700,429600,429500,429400,429300,429200,4900,200200,71100,23700,16200,30200,76200,11600,14700,25800,438940,426040,9472110,4277976,0,0,0,0,0,
600036.SH,600036,20251209,141118000,430100,100,4301,64294,0,,,38664576,1666234399,433000,428300,431800,431800,430200,430300,430400,430500,430600,430700,430800,430900,431000,431100,20500,5300,7400,15500,36700,4000,21900,30100,51600,2500,430100,430000,429900,429800,429700,429600,429500,429400,429300,429200,12400,200100,71100,23700,16100,30200,76200,11600,14700,25800,438940,426040,9473810,4285276,0,0,0,0,0,
600036.SH,600036,20251209,141121000,430100,1000,43010,64296,0,,,38665576,1666277409,433000,428300,431800,431800,430200,430300,430400,430500,430600,430700,430800,430900,431000,431100,20800,5300,7400,15500,36700,4000,21900,30100,53600,2500,430100,430000,429900,429800,429700,429600,429500,429400,429300,429200,18100,200100,70700,23700,16100,30200,76700,11600,14700,25800,438940,426050,9476110,4291076,0,0,0,0,0,
600036.SH,600036,20251209,141124000,430100,2000,86030,64304,0,,,38667576,1666363439,433000,428300,431800,431800,430200,430300,430400,430500,430600,430700,430800,430900,431000,431100,19800,5100,7400,15500,36700,4000,21900,30200,53600,2500,430100,430000,429900,429800,429700,429600,429500,429400,429300,429200,19100,195300,70700,23700,16100,30200,76700,11600,14700,25800,438940,426050,9475010,4287776,0,0,0,0,0,
600036.SH,600036,20251209,141127000,430100,8300,356983,64314,0,,,38675876,1666720422,433000,428300,431800,431800,430200,430300,430400,430500,430600,430700,430800,430900,431000,431100,22300,4500,7400,15500,36700,4000,21900,30200,53600,3000,430100,430000,429900,429800,429700,429600,429500,429400,429300,429200,13000,195600,70700,23700,16100,30200,76700,11600,14700,25800,438940,426040,9477410,4282276,0,0,0,0,0,
600036.SH,600036,20251209,141130000,430100,0,0,64314,0,,,38675876,1666720422,433000,428300,431800,431800,430200,430300,430400,430500,430600,430700,430800,430900,431000,431100,28800,4600,7300,15500,36700,4000,21900,30200,53600,3000,430100,430000,429900,429800,429700,429600,429500,429400,429300,429200,16200,196100,70700,23700,16100,30200,76700,11600,14700,25800,438930,426050,9484110,4287976,0,0,0,0,0,
600036.SH,600036,20251209,141133000,430100,300,12905,64316,0,,,38676176,1666733327,433000,428300,431800,431800,430200,430300,430400,430500,430600,430700,430800,430900,431000,431100,28700,4600,7300,15500,36700,4000,21900,30100,53600,3000,430100,430000,429900,429800,429700,429600,429500,429400,429300,429200,17000,195200,70700,23800,16100,30200,76800,11600,14700,25900,438930,426050,9483910,4288976,0,0,0,0,0,
600036.SH,600036,20251209,141136000,430100,1400,60217,64319,0,,,38677576,1666793544,433000,428300,431800,431800,430200,430300,430400,430500,430600,430700,430800,430900,431000,431100,30900,4600,7300,15500,36700,4000,21900,30100,53600,3000,430100,430000,429900,429800,429700,429600,429500,429400,429300,429200,15900,192800,73700,23300,16400,30200,76800,11600,14700,25900,438930,426050,9486110,4287276,0,0,0,0,0,
600036.SH,600036,20251209,141139000,430100,2200,94631,64324,0,,,38679776,1666888175,433000,428300,431800,431800,430200,430300,430400,430500,430600,430700,430800,430900,431000,431100,31800,4600,9300,15500,36700,4000,21900,30100,53600,3000,430100,430000,429900,429800,429700,429600,429500,429400,429300,429200,15200,193000,73700,23300,16400,30200,76700,11600,14700,25900,438930,426040,9489010,4282176,0,0,0,0,0,
600036.SH,600036,20251209,141142000,430100,11200,481818,64350,0,,,38690976,1667369993,433000,428300,431800,431800,430200,430300,430400,430500,430600,430700,430800,430900,431000,431100,21900,2700,9300,15500,36700,4000,21900,30100,53600,3000,430100,430000,429900,429800,429700,429600,429500,429400,429300,429200,16200,193000,73700,23300,16900,30200,76700,11600,15000,25900,438940,426040,9476210,4283676,0,0,0,0,0,
600036.SH,600036,20251209,141145000,430200,3000,129043,64357,0,,,38693976,1667499036,433000,428300,431800,431800,430200,430300,430400,430500,430600,430700,430800,430900,431000,431100,23700,2700,9300,15500,34200,4000,21900,30100,53600,3000,430100,430000,429900,429800,429700,429600,429500,429400,429300,429200,14800,193000,73700,23300,16900,30200,76900,11600,15000,25900,438940,426040,9475510,4281976,0,0,0,0,0,
600036.SH,600036,20251209,141148000,430200,4500,193579,64375,0,,,38698476,1667692615,433000,428300,431800,431800,430200,430300,430400,430500,430600,430700,430800,430900,431000,431100,25100,2900,9900,15500,33600,4000,21900,30100,53600,3000,430100,430000,429900,429800,429700,429600,429500,429400,429300,429200,14000,193100,73900,23300,16900,30200,76900,11600,15000,25900,438940,426040,9477110,4281976,0,0,0,0,0,
600036.SH,600036,20251209,141151000,430100,4300,184976,64389,0,,,38702776,1667877591,433000,428300,431800,431800,430200,430300,430400,430500,430600,430700,430800,430900,431000,431100,29800,3000,9900,15500,33600,4000,21900,30100,53600,3000,430100,430000,429900,429800,429700,429600,429500,429400,429300,429200,13000,192900,72900,23300,16900,30200,76900,11600,15000,25900,438930,426040,9481910,4279776,0,0,0,0,0,
600036.SH,600036,20251209,141154000,430100,4400,189262,64401,0,,,38707176,1668066853,433000,428300,431800,431800,430200,430300,430400,430500,430600,430700,430800,430900,431000,431100,31500,3000,9900,15500,33600,4000,21900,30100,53600,3000,430100,430000,429900,429800,429700,429600,429500,429400,429300,429200,10800,193300,72700,23300,16900,30200,76900,11600,15000,25900,438930,426040,9483910,4284776,0,0,0,0,0,
600036.SH,600036,20251209,141157000,430100,4700,202164,64416,0,,,38711876,1668269017,433000,428300,431800,431800,430200,430300,430400,430500,430600,430700,430800,430900,431000,431100,31500,3000,9900,15500,33600,4000,21900,30100,53600,3000,430100,430000,429900,429800,429700,429600,429500,429400,429300,429200,9500,193300,72700,23300,16900,30000,77900,11600,15000,25900,438930,426040,9483910,4284776,0,0,0,0,0,
600036.SH,600036,20251209,141200000,430200,5000,215067,64430,0,,,38716876,1668484084,433000,428300,431800,431800,430200,430300,430400,430500,430600,430700,430800,430900,431000,431100,26800,3000,9900,15500,33600,4000,21900,30100,53600,3000,430100,430000,429900,429800,429700,429600,429500,429400,429300,429200,6200,193500,72700,23300,16900,30000,77900,11600,15200,25900,438930,426040,9478710,4281876,0,0,0,0,0,
600036.SH,600036,20251209,141203000,430100,3200,137648,64439,0,,,38720076,1668621732,433000,428300,431800,431800,430200,430300,430400,430500,430600,430700,430800,430900,431000,431100,25100,4500,9400,15500,33500,4000,21900,30100,53600,3000,430100,430000,429900,429800,429700,429600,429500,429400,429300,429200,5300,193500,72700,23300,16900,30000,77900,11600,15200,25900,438940,426040,9477610,4280976,0,0,0,0,0,
600036.SH,600036,20251209,141206000,430200,3100,133353,64448,0,,,38723176,1668755085,433000,428300,431800,431800,430200,430300,430400,430500,430600,430700,430800,430900,431000,431100,24100,4500,9400,15500,33500,4000,21900,30100,53600,3000,430100,430000,429900,429800,429700,429600,429500,429400,429300,429200,7300,193600,72700,23300,16900,30200,77900,11600,15200,25900,438940,426040,9476610,4282776,0,0,0,0,0,
600036.SH,600036,20251209,141209000,430100,1100,47316,64455,0,,,38724276,1668802401,433000,428300,431800,431800,430200,430300,430400,430500,430600,430700,430800,430900,431000,431100,25000,4500,9400,15500,33200,4000,21900,30100,53600,3000,430100,430000,429900,429800,429700,429600,429500,429400,429300,429200,7700,202700,72700,23300,16900,30200,77900,11600,15200,25900,438940,426050,9477210,4292376,0,0,0,0,0,
600036.SH,600036,20251209,141212000,430200,3200,137664,64462,0,,,38727476,1668940065,433000,428300,431800,431800,430200,430300,430400,430500,430600,430700,430800,430900,431000,431100,21900,4500,9400,15500,33200,4000,21900,30100,53600,3000,430100,430000,429900,429800,429700,429600,429500,429400,429300,429200,9700,202700,72700,23300,16900,30200,77900,11600,15200,25900,438940,426080,9474110,4289976,0,0,0,0,0,
600036.SH,600036,20251209,141215000,430200,0,0,64462,0,,,38727476,1668940065,433000,428300,431800,431800,430200,430300,430400,430500,430600,430700,430800,430900,431000,431100,24200,4600,9400,15100,33200,4000,21900,30100,53600,3000,430100,430000,429900,429800,429700,429600,429500,429400,429300,429200,11200,202700,72700,23300,16900,30200,77900,11600,15200,25900,438940,426090,9476110,4291176,0,0,0,0,0,
600036.SH,600036,20251209,141218000,430200,4600,197883,64471,0,,,38732076,1669137948,433000,428300,431800,431800,430200,430300,430400,430500,430600,430700,430800,430900,431000,431100,20800,4700,9300,15100,33200,4000,21900,30100,53600,3000,430100,430000,429900,429800,429700,429600,429500,429400,429300,429200,10200,202700,72700,23300,16900,30200,77900,11600,15200,25900,438940,426090,9472710,4290876,0,0,0,0,0,
600036.SH,600036,20251209,141221000,430100,5300,227956,64483,0,,,38737376,1669365904,433000,428300,431800,431800,430200,430300,430400,430500,430600,430700,430800,430900,431000,431100,24800,4860,9300,15100,33200,4000,21900,30100,53600,3000,430100,430000,429900,429800,429700,429600,429500,429400,429300,429200,7000,202700,72700,24800,16900,30200,77900,11600,15200,25900,438940,426080,9476870,4286676,0,0,0,0,0,
600036.SH,600036,20251209,141224000,430100,2800,120428,64490,0,,,38740176,1669486332,433000,428300,431800,431800,430200,430300,430400,430500,430600,430700,430800,430900,431000,431100,30100,4860,9200,15100,33200,4000,21900,30100,53600,3000,430100,430000,429900,429800,429700,429600,429500,429400,429300,429200,7700,202800,72700,24800,16900,30200,77900,11600,15200,25900,438930,426080,9482070,4285576,0,0,0,0,0,
600036.SH,600036,20251209,141227000,430200,3000,129035,64503,0,,,38743176,1669615367,433000,428300,431800,431800,430200,430300,430400,430500,430600,430700,430800,430900,431000,431100,30500,4860,8600,15100,33200,4000,21900,30100,53600,3000,430100,430000,429900,429800,429700,429600,429500,429400,429300,429200,6800,203300,72700,24700,16900,30200,77900,11600,15200,25900,438930,426080,9481870,4284976,0,0,0,0,0,
600036.SH,600036,20251209,141230000,430200,900,38717,64505,0,,,38744076,1669654084,433000,428300,431800,431800,430200,430300,430400,430500,430600,430700,430800,430900,431000,431100,30300,4860,8600,15100,33200,4000,21900,30100,53600,3000,430100,430000,429900,429800,429700,429600,429500,429400,429300,429200,10200,203300,72700,24700,17300,30200,77900,11600,14800,25900,438930,426090,9481670,4288376,0,0,0,0,0,
600036.SH,600036,20251209,141233000,430200,100,4302,64506,0,,,38744176,1669658386,433000,428300,431800,431800,430200,430300,430400,430500,430600,430700,430800,430900,431000,431100,32700,4860,8500,15600,33200,4000,21900,30100,53600,3000,430100,430000,429900,429800,429700,429600,429500,429400,429300,429200,10200,203300,72800,24800,17300,30200,77800,11600,14800,25900,438930,426090,9476470,4287476,0,0,0,0,0,
600036.SH,600036,20251209,141236000,430100,2600,111842,64513,0,,,38746776,1669770228,433000,428300,431800,431800,430200,430300,430400,430500,430600,430700,430800,430900,431000,431100,32600,4860,8500,15600,33200,4000,21900,30100,53600,3000,430100,430000,429900,429800,429700,429600,429500,429400,429300,429200,11400,203000,72800,25800,17300,30200,77800,11600,14800,26200,438930,426090,9476370,4289576,0,0,0,0,0,
600036.SH,600036,20251209,141239000,430200,2700,116152,64519,0,,,38749476,1669886380,433000,428300,431800,431800,430200,430300,430400,430500,430600,430700,430800,430900,431000,431100,31000,4860,8500,15600,33200,4000,21900,30100,53600,3000,430100,430000,429900,429800,429700,429600,429500,429400,429300,429200,16800,203100,72900,25800,16800,30200,77800,11600,14800,26200,438940,426090,9474170,4294676,0,0,0,0,0,
600036.SH,600036,20251209,141242000,430200,1200,51624,64521,0,,,38750676,1669938004,433000,428300,431800,431800,430200,430300,430400,430500,430600,430700,430800,430900,431000,431100,29800,4860,8500,15600,33200,4000,21900,30100,53600,3000,430100,430000,429900,429800,429700,429600,429500,429400,429300,429200,17600,202900,72900,27700,16800,30200,77800,11600,14800,26200,438940,426100,9472970,4297176,0,0,0,0,0,
600036.SH,600036,20251209,141245000,430100,100,4301,64522,0,,,38750776,1669942305,433000,428300,431800,431800,430200,430300,430400,430500,430600,430700,430800,430900,431000,431100,30100,4860,8500,15600,33200,4000,21900,30100,53600,3000,430100,430000,429900,429800,429700,429600,429500,429400,429300,429200,17600,202900,72900,27700,16800,30200,77800,11600,14800,26200,438940,426100,9472970,4297176,0,0,0,0,0,
600036.SH,600036,20251209,141248000,430200,11000,473200,64549,0,,,38761776,1670415505,433000,428300,431800,431800,430200,430300,430400,430500,430600,430700,430800,430900,431000,431100,22700,4860,8500,15600,33200,4000,21900,30100,53600,3000,430100,430000,429900,429800,429700,429600,429500,429400,429300,429200,18600,203700,72900,27700,16800,30200,77800,11600,14800,26200,438940,426100,9465570,4299276,0,0,0,0,0,
600036.SH,600036,20251209,141251000,430200,700,30114,64552,0,,,38762476,1670445619,433000,428300,431800,431800,430200,430300,430400,430500,430600,430700,430800,430900,431000,431100,23200,4860,8500,15600,33200,4000,21900,30100,53600,3000,430100,430000,429900,429800,429700,429600,429500,429400,429300,429200,19900,203500,72900,28900,16800,30200,77800,11600,14800,26200,438940,426100,9466070,4301576,0,0,0,0,0,
600036.SH,600036,20251209,141254000,430200,3200,137664,64562,0,,,38765676,1670583283,433000,428300,431800,431800,430200,430300,430400,430500,430600,430700,430800,430900,431000,431100,21200,4860,8500,15600,33200,4000,21900,30100,53600,3000,430100,430000,429900,429800,429700,429600,429500,429400,429300,429200,20400,204000,72900,28500,16800,30200,77800,11600,14800,26200,438940,426100,9464070,4302476,0,0,0,0,0,
600036.SH,600036,20251209,141257000,430100,600,25807,64565,0,,,38766276,1670609090,433000,428300,431800,431800,430200,430300,430400,430500,430600,430700,430800,430900,431000,431100,21100,4860,8500,15600,33200,4000,21900,30100,53600,3000,430100,430000,429900,429800,429700,429600,429500,429400,429300,429200,21400,190900,72900,28500,16800,30200,77800,11600,14800,26200,438940,426090,9463970,4290276,0,0,0,0,0,
600036.SH,600036,20251209,141300000,430200,5300,228006,64571,0,,,38771576,1670837096,433000,428300,431800,431800,430200,430300,430400,430500,430600,430700,430800,430900,431000,431100,17500,4860,8500,15600,33200,4000,21900,30100,53600,3000,430100,430000,429900,429800,429700,429600,429500,429400,429300,429200,22900,190900,72900,28500,16800,30200,77800,11600,14800,26200,438950,426090,9460370,4292476,0,0,0,0,0,
600036.SH,600036,20251209,141303000,430200,17700,761450,64613,0,,,38789276,1671598546,433000,428300,431800,431800,430200,430300,430400,430500,430600,430700,430800,430900,431000,431100,500,4760,8600,15600,33200,4000,21900,30100,53600,3000,430100,430000,429900,429800,429700,429600,429500,429400,429300,429200,23600,190800,72900,28500,16800,30200,77800,11600,14800,26200,438960,426090,9443370,4293676,0,0,0,0,0,
600036.SH,600036,20251209,141306000,430200,4200,180698,64628,0,,,38793476,1671779244,433000,428300,431800,431800,430200,430300,430400,430500,430600,430700,430800,430900,431000,431100,1100,5460,8500,15600,33300,4000,21900,30100,53600,3000,430100,430000,429900,429800,429700,429600,429500,429400,429300,429200,23800,191400,72900,28500,16800,30200,77800,11600,14800,26200,438960,426090,9444670,4294876,0,0,0,0,0,
600036.SH,600036,20251209,141309000,430300,4200,180703,64650,0,,,38797676,1671959947,433000,428300,431800,431800,430300,430400,430500,430600,430700,430800,430900,431000,431100,431200,3460,7900,15600,32900,4000,21900,30100,54100,3000,3100,430200,430100,430000,429900,429800,429700,429600,429500,429400,429300,100,25300,191100,72900,28500,16800,30200,77800,11600,14800,438970,426100,9441470,4296176,0,0,0,0,0,
600036.SH,600036,20251209,141312000,430200,1100,47322,64653,0,,,38798776,1672007269,433000,428300,431800,431800,430200,430300,430400,430500,430600,430700,430800,430900,431000,431100,6900,5060,8600,15600,32800,4000,21900,30100,54100,3000,430100,430000,429900,429800,429700,429600,429500,429400,429300,429200,24800,191100,72900,28500,16800,30200,77800,11600,15300,26700,438960,426100,9451070,4296776,0,0,0,0,0,
600036.SH,600036,20251209,141315000,430300,8400,361379,64664,0,,,38807176,1672368648,433000,428300,431800,431800,430300,430400,430500,430600,430700,430800,430900,431000,431100,431200,3860,8500,15600,32800,4000,21900,30100,54100,3000,3100,430200,430100,430000,429900,429800,429700,429600,429500,429400,429300,6700,26700,192100,74000,28100,14200,30200,77700,11600,15300,438960,426100,9444370,4304576,0,0,0,0,0,
600036.SH,600036,20251209,141318000,430200,200,8604,64666,0,,,38807376,1672377252,433000,428300,431800,431800,430300,430400,430500,430600,430700,430800,430900,431000,431100,431200,3860,8500,15600,32800,4000,21900,30100,54100,3000,3100,430200,430100,430000,429900,429800,429700,429600,429500,429400,429300,7000,28100,192100,74000,28100,14200,30200,78100,11600,15300,438960,426100,9444370,4304976,0,0,0,0,0,
600036.SH,600036,20251209,141321000,430400,6200,266793,64680,0,,,38813576,1672644045,433000,428300,431800,431800,430400,430500,430600,430700,430800,430900,431000,431100,431200,431300,7860,15600,32800,4000,21900,30100,54100,3000,3100,9100,430200,430100,430000,429900,429800,429700,429600,429500,429400,429300,10600,28200,192100,74000,28100,14200,30200,78100,11600,15300,438970,426110,9439870,4308676,0,0,0,0,0,
600036.SH,600036,20251209,141324000,430300,1800,77453,64690,0,,,38815376,1672721498,433000,428300,431800,431800,430400,430500,430600,430700,430800,430900,431000,431100,431200,431300,9660,15100,32800,4000,21900,30100,54600,3000,3100,9100,430300,430200,430100,430000,429900,429800,429700,429600,429500,429400,1500,11600,27800,192100,74600,28100,14200,30200,78100,11600,438970,426110,9441670,4311376,0,0,0,0,0,
600036.SH,600036,20251209,141327000,430400,2900,124800,64700,0,,,38818276,1672846298,433000,428300,431800,431800,430400,430500,430600,430700,430800,430900,431000,431100,431200,431300,8760,15500,32800,4000,21900,30100,54600,3000,3100,9100,430300,430200,430100,430000,429900,429800,429700,429600,429500,429400,4600,13700,28600,192500,73700,27000,14200,30200,78100,11600,438970,426110,9441170,4314776,0,0,0,0,0,
600036.SH,600036,20251209,141330000,430400,100,4304,64701,0,,,38818376,1672850602,433000,428300,431800,431800,430400,430500,430600,430700,430800,430900,431000,431100,431200,431300,8960,15500,32800,4000,21900,30100,54600,3000,3100,9100,430300,430200,430100,430000,429900,429800,429700,429600,429500,429400,10900,14100,28600,192000,73700,27000,14200,30200,78100,11600,438970,426120,9441370,4321076,0,0,0,0,0,
600036.SH,600036,20251209,141333000,430400,1400,60256,64705,0,,,38819776,1672910858,433000,428300,431800,431800,430400,430500,430600,430700,430800,430900,431000,431100,431200,431300,8860,15500,32800,4000,21900,30100,54600,2500,3100,9100,430300,430200,430100,430000,429900,429800,429700,429600,429500,429400,11800,14500,30500,191600,72500,27000,14200,30200,78100,11600,438970,426120,9440770,4322776,0,0,0,0,0,
600036.SH,600036,20251209,141336000,430400,1000,43040,64707,0,,,38820776,1672953898,433000,428300,431800,431800,430400,430500,430600,430700,430800,430900,431000,431100,431200,431300,7960,15500,32800,4400,21900,30100,54100,2500,3100,9100,430300,430200,430100,430000,429900,429800,429700,429600,429500,429400,12500,14400,30700,192100,72500,27000,13800,30200,78000,11600,438970,426110,9439770,4308576,0,0,0,0,0,
600036.SH,600036,20251209,141339000,430400,1600,68863,64714,0,,,38822376,1673022761,433000,428300,431800,431800,430400,430500,430600,430700,430800,430900,431000,431100,431200,431300,6960,15500,32800,4400,21900,30200,53600,2500,3100,9100,430300,430200,430100,430000,429900,429800,429700,429600,429500,429400,12400,13900,25800,192100,72500,27000,13800,30200,78000,11600,438970,426110,9439370,4303076,0,0,0,0,0,
600036.SH,600036,20251209,141342000,430400,7060,303863,64736,0,,,38829436,1673326624,433000,428300,431800,431800,430500,430600,430700,430800,430900,431000,431100,431200,431300,431400,15700,32800,4400,21900,30200,45600,2500,3100,9100,7600,430400,430300,430200,430100,430000,429900,429800,429700,429600,429500,40,12400,13900,25800,192000,72500,27000,13800,30200,78000,438980,426110,9426010,4302316,0,0,0,0,0,
600036.SH,600036,20251209,141345000,430500,7000,301244,64748,0,,,38836436,1673627868,433000,428300,431800,431800,430500,430600,430700,430800,430900,431000,431100,431200,431300,431400,15100,32900,4400,21900,30200,45600,2500,3100,9100,7600,430400,430300,430200,430100,430000,429900,429800,429700,429600,429500,2400,10200,13900,25400,192400,72300,27000,13400,30200,78000,438980,426110,9425510,4301076,0,0,0,0,0,
600036.SH,600036,20251209,141348000,430400,1200,51653,64754,0,,,38837636,1673679521,433000,428300,431800,431800,430500,430600,430700,430800,430900,431000,431100,431200,431300,431400,14800,32900,4400,21900,30200,45600,2500,3100,9100,7600,430400,430300,430200,430100,430000,429900,429800,429700,429600,429500,2600,10900,13900,27000,191900,70200,27000,13400,30200,78000,438980,426110,9425210,4298976,0,0,0,0,0,
600036.SH,600036,20251209,141351000,430500,1300,55962,64758,0,,,38838936,1673735483,433000,428300,431800,431800,430500,430600,430700,430800,430900,431000,431100,431200,431300,431400,15700,32900,4400,21900,30200,45600,2500,3100,9100,7600,430400,430300,430200,430100,430000,429900,429800,429700,429600,429500,3800,11500,13900,27000,192000,70200,27000,13400,30700,78200,438980,426110,9426110,4301176,0,0,0,0,0,
600036.SH,600036,20251209,141354000,430400,1500,64560,64761,0,,,38840436,1673800043,433000,428300,431800,431800,430500,430600,430700,430800,430900,431000,431100,431200,431300,431400,16500,32900,4400,21900,30200,45600,2500,3100,9100,7600,430400,430300,430200,430100,430000,429900,429800,429700,429600,429500,3000,11500,14100,27000,192000,70200,27000,13400,30700,78200,438980,426110,9426910,4300576,0,0,0,0,0,
600036.SH,600036,20251209,141357000,430500,1000,43048,64766,0,,,38841436,1673843091,433000,428300,431800,431800,430500,430600,430700,430800,430900,431000,431100,431200,431300,431400,15800,32900,4400,22400,30200,45600,2500,3100,9100,7600,430400,430300,430200,430100,430000,429900,429800,429700,429600,429500,3800,11500,14100,27900,193000,70200,27000,13400,30700,78200,438980,426110,9426710,4302876,0,0,0,0,0,
600036.SH,600036,20251209,141400000,430400,11900,512282,64786,0,,,38853336,1674355373,433000,428300,431800,431800,430500,430600,430700,430800,430900,431000,431100,431200,431300,431400,6000,29300,4400,22400,30200,45600,2500,3100,9100,7600,430400,430300,430200,430100,430000,429900,429800,429700,429600,429500,9100,11500,13700,27200,193000,75200,27000,13400,30700,78200,438990,426120,9413310,4312076,0,0,0,0,0,
600036.SH,600036,20251209,141403000,430400,2400,103306,64790,0,,,38855736,1674458679,433000,428300,431800,431800,430500,430600,430700,430800,430900,431000,431100,431200,431300,431400,6400,29400,4400,22500,30200,45600,2500,3100,9100,7600,430400,430300,430200,430100,430000,429900,429800,429700,429600,429500,23100,11600,16700,27200,193000,75200,27500,13400,30700,78200,438990,426140,9414410,4330676,0,0,0,0,0,
600036.SH,600036,20251209,141406000,430500,4600,198009,64813,0,,,38860336,1674656688,433000,428300,431800,431800,430500,430600,430700,430800,430900,431000,431100,431200,431300,431400,4600,29500,4400,22500,30200,45900,2500,3100,9100,7600,430400,430300,430200,430100,430000,429900,429800,429700,429600,429500,27300,11900,16700,26800,192600,75200,27500,13400,30700,78200,438990,426140,9413010,4334376,0,0,0,0,0,
600036.SH,600036,20251209,141409000,430500,7600,327179,64839,0,,,38867936,1674983867,433000,428300,431800,431800,430500,430600,430700,430800,430900,431000,431100,431200,431300,431400,8600,29500,4400,22500,30200,45900,2500,3100,9100,7600,430400,430300,430200,430100,430000,429900,429800,429700,429600,429500,25800,11600,16800,27100,192700,75300,27500,13400,30700,78200,438990,426140,9416810,4333776,0,0,0,0,0,
600036.SH,600036,20251209,141412000,430400,26700,1149235,64856,0,,,38894636,1676133102,433000,428300,431800,431800,430500,430600,430700,430800,430900,431000,431100,431200,431300,431400,2300,29500,4400,23000,30200,49900,2500,3100,9100,7600,430400,430300,430200,430100,430000,429900,429800,429700,429600,429500,5800,11600,16800,27600,193000,75400,27000,13400,30700,68200,438990,426110,9414810,4304176,0,0,0,0,0,
600036.SH,600036,20251209,141415000,430500,5900,253961,64870,0,,,38900536,1676387063,433000,428300,431800,431800,430500,430600,430700,430800,430900,431000,431100,431200,431300,431400,3500,31400,4500,23000,30200,49900,2500,3100,9100,7600,430400,430300,430200,430100,430000,429900,429800,429700,429600,429500,4100,11600,16800,27800,193000,75400,27000,13400,30700,68200,438980,426110,9430010,4301776,0,0,0,0,0,
600036.SH,600036,20251209,141418000,430400,5100,219508,64883,0,,,38905636,1676606571,433000,428300,431800,431800,430500,430600,430700,430800,430900,431000,431100,431200,431300,431400,2100,31500,4400,23000,30200,49900,2500,3100,9100,7600,430300,430200,430100,430000,429900,429800,429700,429600,429500,429400,11700,16700,27800,193000,75400,27000,13400,30700,68200,11600,438980,426110,9428310,4297276,0,0,0,0,0,
600036.SH,600036,20251209,141421000,430400,800,34434,64887,0,,,38906436,1676641005,433000,428300,431800,431800,430400,430500,430600,430700,430800,430900,431000,431100,431200,431300,4000,2000,31500,4400,23000,30200,49900,2500,3100,9100,430300,430200,430100,430000,429900,429800,429700,429600,429500,429400,12100,16700,28200,193100,75400,27000,13400,30700,68200,11600,438980,426110,9433910,4298176,0,0,0,0,0,
600036.SH,600036,20251209,141424000,430400,1700,73158,64892,0,,,38908136,1676714163,433000,428300,431800,431800,430500,430600,430700,430800,430900,431000,431100,431200,431300,431400,4800,31500,4000,22200,30200,49900,2500,3300,9500,8000,430300,430200,430100,430000,429900,429800,429700,429600,429500,429400,12400,16700,27800,192700,75400,27000,13400,30700,68600,11600,438980,426110,9432910,4298676,0,0,0,0,0,
600036.SH,600036,20251209,141427000,430400,1000,43041,64899,0,,,38909136,1676757204,433000,428300,431800,431800,430500,430600,430700,430800,430900,431000,431100,431200,431300,431400,5500,31500,4100,22200,30200,49900,2500,3300,9500,8000,430400,430300,430200,430100,430000,429900,429800,429700,429600,429500,300,10500,16700,27800,192700,75400,27000,13400,30700,68600,438980,426110,9433710,4296776,0,0,0,0,0,
600036.SH,600036,20251209,141430000,430400,5500,236674,64909,0,,,38914636,1676993878,433000,428300,431800,431800,430400,430500,430600,430700,430800,430900,431000,431100,431200,431300,400,5600,31500,6100,22200,30200,49900,2500,3300,9500,430300,430200,430100,430000,429900,429800,429700,429600,429500,429400,3600,16700,25800,193700,75900,27000,14500,30700,68200,11600,438970,426100,9437010,4289776,0,0,0,0,0,
600036.SH,600036,20251209,141433000,430400,9500,408880,64953,0,,,38924136,1677402758,433000,428300,431800,431800,430400,430500,430600,430700,430800,430900,431000,431100,431200,431300,100,1700,31500,6100,22600,31000,50300,2500,2900,9100,430300,430200,430100,430000,429900,429800,429700,429600,429500,429400,700,20700,25800,193700,75900,27000,14500,30700,68200,11600,438980,426100,9432810,4290576,0,0,0,0,0,
600036.SH,600036,20251209,141436000,430500,1300,55960,64962,0,,,38925436,1677458718,433000,428300,431800,431800,430400,430500,430600,430700,430800,430900,431000,431100,431200,431300,100,1900,31500,6500,22200,30600,52300,2500,3300,10200,430300,430200,430100,430000,429900,429800,429700,429600,429500,429400,700,20700,25800,193700,75900,27000,14500,30800,68200,11600,438970,426100,9441010,4291276,0,0,0,0,0,
600036.SH,600036,20251209,141439000,430400,700,30127,64966,0,,,38926136,1677488845,433000,428300,431800,431800,430400,430500,430600,430700,430800,430900,431000,431100,431200,431300,600,1900,31500,6500,22200,30600,52300,2500,3300,10200,430300,430200,430100,430000,429900,429800,429700,429600,429500,429400,900,17700,25800,193700,75900,27000,14500,30800,68200,11600,438970,426100,9440810,4288776,0,0,0,0,0,
600036.SH,600036,20251209,141442000,430400,2600,111894,64977,0,,,38928736,1677600739,433000,428300,431800,431800,430400,430500,430600,430700,430800,430900,431000,431100,431200,431300,100,2400,31500,8200,22800,30200,51400,2500,2900,9100,430300,430200,430100,430000,429900,429800,429700,429600,429500,429400,2700,17700,25500,193700,75900,27000,14500,30800,68200,11600,438970,426100,9440310,4288876,0,0,0,0,0,
600036.SH,600036,20251209,141445000,430500,4600,197992,64990,0,,,38933336,1677798731,433000,428300,431800,431800,430400,430500,430600,430700,430800,430900,431000,431100,431200,431300,200,1600,31400,8300,22800,30200,51400,2500,2900,9100,430300,430200,430100,430000,429900,429800,429700,429600,429500,429400,3400,17700,24600,193700,16300,27000,14500,30800,68200,11600,438970,426040,9439610,4227976,0,0,0,0,0,
600036.SH,600036,20251209,141448000,430400,5200,223823,64997,0,,,38938536,1678022554,433000,428300,431800,431800,430400,430500,430600,430700,430800,430900,431000,431100,431200,431300,200,3400,31400,8300,22800,30200,51400,2500,2900,9100,430300,430200,430100,430000,429900,429800,429700,429600,429500,429400,1700,17700,24600,194400,16300,27000,14500,30800,68200,11600,438970,426040,9441410,4227976,0,0,0,0,0,
600036.SH,600036,20251209,141451000,430400,1000,43040,65002,0,,,38939536,1678065594,433000,428300,431800,431800,430400,430500,430600,430700,430800,430900,431000,431100,431200,431300,5500,3300,31400,8300,22800,30200,51400,2500,2900,9100,430300,430200,430100,430000,429900,429800,429700,429600,429500,429400,5100,17700,24800,194800,16300,27000,14500,30800,68200,11600,438960,426050,9446610,4231876,0,0,0,0,0,
600036.SH,600036,20251209,141454000,430400,100,4304,65003,0,,,38939636,1678069898,433000,428300,431800,431800,430400,430500,430600,430700,430800,430900,431000,431100,431200,431300,5600,3300,31500,8300,22800,30200,51400,2500,2900,9100,430300,430200,430100,430000,429900,429800,429700,429600,429500,429400,7300,17700,24800,195200,16300,27300,14500,30800,68200,11600,439000,426050,9395610,4234776,0,0,0,0,0,
600036.SH,600036,20251209,141457000,430400,1400,60255,65006,0,,,38941036,1678130153,433000,428300,431800,431800,430400,430500,430600,430700,430800,430900,431000,431100,431200,431300,10400,3300,31500,8300,22800,30200,51400,2500,2900,9100,430300,430200,430100,430000,429900,429800,429700,429600,429500,429400,7800,17800,24800,195200,16800,27300,14500,30800,68200,11600,439000,426050,9400410,4235376,0,0,0,0,0,
600036.SH,600036,20251209,141500000,430400,5200,223808,65011,0,,,38946236,1678353961,433000,428300,431800,431800,430400,430500,430600,430700,430800,430900,431000,431100,431200,431300,5300,3300,31500,8300,22800,30200,51400,2500,2900,9100,430300,430200,430100,430000,429900,429800,429700,429600,429500,429400,7800,17800,24800,194200,16800,27300,14500,30700,68200,11600,439000,426050,9394710,4234176,0,0,0,0,0,
600036.SH,600036,20251209,141503000,430400,100,4304,65012,0,,,38946336,1678358265,433000,428300,431800,431800,430400,430500,430600,430700,430800,430900,431000,431100,431200,431300,7100,3300,81400,8300,22800,30200,51400,2500,2900,9100,430300,430200,430100,430000,429900,429800,429700,429600,429500,429400,8500,19800,24800,194200,17100,27300,14600,30700,68200,11600,438960,426060,9446410,4234176,0,0,0,0,0,
600036.SH,600036,20251209,141506000,430300,1500,64546,65017,0,,,38947836,1678422811,433000,428300,431800,431800,430400,430500,430600,430700,430800,430900,431000,431100,431200,431300,7700,3400,81600,8300,23200,30200,51400,2500,2900,9100,430300,430200,430100,430000,429900,429800,429700,429600,429500,429400,6100,19800,24800,194200,17100,27300,14600,30700,68200,11600,438960,426050,9447710,4232176,0,0,0,0,0,
600036.SH,600036,20251209,141509000,430400,2100,90379,65025,0,,,38949936,1678513190,433000,428300,431800,431800,430400,430500,430600,430700,430800,430900,431000,431100,431200,431300,6700,3800,81600,8300,23200,30200,51400,2500,2900,9100,430300,430200,430100,430000,429900,429800,429700,429600,429500,429400,6700,19800,29800,194200,17100,27300,14600,30700,68200,11600,438950,426060,9448110,4238276,0,0,0,0,0,
600036.SH,600036,20251209,141512000,430300,9800,421773,65045,0,,,38959736,1678934963,433000,428300,431800,431800,430500,430600,430700,430800,430900,431000,431100,431200,431300,431400,4100,81600,8300,23200,30200,47300,2500,2900,9100,7600,430300,430200,430100,430000,429900,429800,429700,429600,429500,429400,7400,19800,29800,194200,17100,27300,14600,30700,67900,11600,438960,426060,9437810,4238676,0,0,0,0,0,
600036.SH,600036,20251209,141515000,430500,10900,469047,65067,0,,,38970636,1679404010,433000,428300,431800,431800,430500,430600,430700,430800,430900,431000,431100,431200,431300,431400,10800,81700,6600,22200,30200,47300,3900,3300,10100,7600,430300,430200,430100,430000,429900,429800,429700,429600,429500,429400,2000,20000,26900,194200,17500,27300,14600,30700,67500,11600,438960,426050,9444710,4230076,0,0,0,0,0,
600036.SH,600036,20251209,141518000,430300,1600,68858,65075,0,,,38972236,1679472868,433000,428300,431800,431800,430400,430500,430600,430700,430800,430900,431000,431100,431200,431300,200,18200,81800,6600,22200,30200,47300,3900,3300,10100,430300,430200,430100,430000,429900,429800,429700,429600,429500,429400,2400,22000,27600,194200,17500,27300,14600,30700,67500,11600,438950,426050,9456610,4232876,0,0,0,0,0,
600036.SH,600036,20251209,141521000,430300,7500,322727,65091,0,,,38979736,1679795595,433000,428300,431800,431800,430300,430400,430500,430600,430700,430800,430900,431000,431100,431200,500,6500,18600,82300,6200,21700,30200,47300,3900,3300,430200,430100,430000,429900,429800,429700,429600,429500,429400,429300,21900,36300,194500,17500,27700,14600,30700,67500,11600,16800,438940,426060,9463410,4239776,0,0,0,0,0,
600036.SH,600036,20251209,141524000,430300,1100,47333,65095,0,,,38980836,1679842928,433000,428300,431800,431800,430300,430400,430500,430600,430700,430800,430900,431000,431100,431200,20800,3900,5900,83700,6800,21700,30200,47300,2500,2900,430200,430100,430000,429900,429800,429700,429600,429500,429400,429300,20800,36400,194500,17500,27700,14600,30700,67500,11600,16800,438940,426060,9467310,4238376,0,0,0,0,0,
600036.SH,600036,20251209,141527000,430200,1700,73134,65097,0,,,38982536,1679916062,433000,428300,431800,431800,430300,430400,430500,430600,430700,430800,430900,431000,431100,431200,21300,3900,5900,83700,6900,21700,30200,47300,2500,2900,430200,430100,430000,429900,429800,429700,429600,429500,429400,429300,20300,36300,195200,18600,27700,13500,30700,67500,11600,16800,438940,426060,9467910,4239476,0,0,0,0,0,
600036.SH,600036,20251209,141530000,430300,16000,688479,65107,0,,,38998536,1680604541,433000,428300,431800,431800,430300,430400,430500,430600,430700,430800,430900,431000,431100,431200,5700,3900,4900,83700,6900,21700,30200,47300,2500,2900,430200,430100,430000,429900,429800,429700,429600,429500,429400,429300,21100,37400,196200,18600,27700,13500,30700,67600,11600,16800,438950,426060,9451310,4242876,0,0,0,0,0,
600036.SH,600036,20251209,141533000,430400,7900,339959,65131,0,,,39006436,1680944500,433000,428300,431800,431800,430400,430500,430600,430700,430800,430900,431000,431100,431200,431300,1700,8600,83700,6900,21700,30200,47300,2500,2900,9100,430300,430200,430100,430000,429900,429800,429700,429600,429500,429400,3900,21200,37400,196200,18600,27700,13500,30700,67600,11600,438960,426070,9447110,4246876,0,0,0,0,0,
600036.SH,600036,20251209,141536000,430400,100,4304,65132,0,,,39006536,1680948804,433000,428300,431800,431800,430400,430500,430600,430700,430800,430900,431000,431100,431200,431300,19000,9600,83700,6900,21700,30200,47300,2500,2900,9100,430300,430200,430100,430000,429900,429800,429700,429600,429500,429400,4300,21100,37700,197900,18600,27700,13500,30700,67600,11600,438940,426070,9465310,4249176,0,0,0,0,0,
600036.SH,600036,20251209,141539000,430400,5400,232416,65139,0,,,39011936,1681181220,433000,428300,431800,431800,430500,430600,430700,430800,430900,431000,431100,431200,431300,431400,10300,83700,6900,21700,30200,47300,2500,2900,9100,11600,430300,430200,430100,430000,429900,429800,429700,429600,429500,429400,7600,21100,37700,198000,18600,27700,13500,30700,68000,11800,438960,426070,9447010,4252476,0,0,0,0,0,
600036.SH,600036,20251209,141542000,430300,12500,537866,65155,0,,,39024436,1681719086,433000,428300,431800,431800,430300,430400,430500,430600,430700,430800,430900,431000,431100,431200,2000,7200,10800,83700,6900,21700,30200,47300,2500,2900,430200,430100,430000,429900,429800,429700,429600,429500,429400,429300,20300,37700,198000,18600,27700,13500,30700,68000,11800,16800,438950,426060,9455910,4243876,0,0,0,0,0,
600036.SH,600036,20251209,141545000,430300,10800,464635,65173,0,,,39035236,1682183721,433000,428300,431800,431800,430300,430400,430500,430600,430700,430800,430900,431000,431100,431200,17200,7500,10300,83700,6900,21700,30200,47300,2500,2900,430200,430100,430000,429900,429800,429700,429600,429500,429400,429300,10300,37700,197800,18600,27700,13500,30700,68000,11800,16800,438930,426050,9471010,4233276,0,0,0,0,0,
600036.SH,600036,20251209,141548000,430100,15500,666822,65201,0,,,39050736,1682850543,433000,428300,431800,431800,430300,430400,430500,430600,430700,430800,430900,431000,431100,431200,2300,7700,10000,83700,6900,21700,30200,47300,2500,2900,430200,430100,430000,429900,429800,429700,429600,429500,429400,429300,200,37300,198000,18600,27700,13500,30700,68300,11800,17300,438950,426040,9456010,4218776,0,0,0,0,0,
600036.SH,600036,20251209,141551000,430300,6400,275401,65221,0,,,39057136,1683125944,433000,428300,431800,431800,430300,430400,430500,430600,430700,430800,430900,431000,431100,431200,700,6700,10000,83700,6900,21700,31200,47300,2500,2900,430200,430100,430000,429900,429800,429700,429600,429500,429400,429300,1800,37300,200000,18600,27700,13500,30700,68300,11800,17300,438950,426030,9451910,4213376,0,0,0,0,0,
600036.SH,600036,20251209,141554000,430300,600,25818,65222,0,,,39057736,1683151762,433000,428300,431800,431800,430300,430400,430500,430600,430700,430800,430900,431000,431100,431200,200,6700,10000,83400,6900,21700,31200,47300,2500,2900,430200,430100,430000,429900,429800,429700,429600,429500,429400,429300,2900,35900,200000,18600,27700,13500,30700,68600,11800,17300,438950,426020,9451110,4214576,0,0,0,0,0,
600036.SH,600036,20251209,141557000,430200,1000,43029,65227,0,,,39058736,1683194791,433000,428300,431800,431800,430400,430500,430600,430700,430800,430900,431000,431100,431200,431300,6700,10000,83400,6900,21700,31200,47300,2500,2900,9100,430200,430100,430000,429900,429800,429700,429600,429500,429400,429300,3700,36200,200000,18600,27700,13500,30700,68600,11800,17300,438950,426020,9449910,4215676,0,0,0,0,0,
600036.SH,600036,20251209,141600000,430400,5300,228084,65237,0,,,39064036,1683422875,433000,428300,431800,431800,430400,430500,430600,430700,430800,430900,431000,431100,431200,431300,2900,10000,83400,6900,22100,31200,47300,2500,2900,9100,430300,430200,430100,430000,429900,429800,429700,429600,429500,429400,500,2900,38300,198700,18600,27700,13900,30900,68600,11800,438960,426020,9446510,4216276,0,0,0,0,0,
600036.SH,600036,20251209,141603000,430200,2700,116196,65243,0,,,39066736,1683539071,433000,428300,431800,431800,430400,430500,430600,430700,430800,430900,431000,431100,431200,431300,500,10000,83400,6900,22100,31200,47300,2500,2900,9100,430300,430200,430100,430000,429900,429800,429700,429600,429500,429400,1800,2800,42500,198800,19400,27700,13900,30900,68600,11800,438960,426030,9444110,4223176,0,0,0,0,0,
600036.SH,600036,20251209,141606000,430400,4300,185060,65256,0,,,39071036,1683724131,433000,428300,431800,431800,430400,430500,430600,430700,430800,430900,431000,431100,431200,431300,600,10000,83400,6900,22100,31200,49800,2500,2900,9100,430300,430200,430100,430000,429900,429800,429700,429600,429500,429400,3700,3300,42500,198700,19800,27300,13900,30900,68600,11800,438950,426030,9447410,4225476,0,0,0,0,0,
600036.SH,600036,20251209,141609000,430500,8900,383103,65275,0,,,39079936,1684107234,433000,428300,431800,431800,430500,430600,430700,430800,430900,431000,431100,431200,431300,431400,4300,83300,6900,22100,31200,49800,2500,2900,9100,10600,430300,430200,430100,430000,429900,429800,429700,429600,429500,429400,13500,3300,41500,198700,19800,27500,13900,30900,68600,11800,438960,426040,9441010,4234576,0,0,0,0,0,
600036.SH,600036,20251209,141612000,430400,3400,146358,65283,0,,,39083336,1684253592,433000,428300,431800,431800,430400,430500,430600,430700,430800,430900,431000,431100,431200,431300,20000,3000,82900,6900,22100,31200,50300,2500,3300,9100,430300,430200,430100,430000,429900,429800,429700,429600,429500,429400,15400,3600,42500,198700,19800,27500,13900,30900,68600,11800,438940,426010,9460210,4241476,0,0,0,0,0,
600036.SH,600036,20251209,141615000,430500,24700,1063102,65303,0,,,39108036,1685316694,433000,428300,431800,431800,430500,430600,430700,430800,430900,431000,431100,431200,431300,431400,1600,83400,7300,22100,31200,49800,2500,2900,9100,10600,430400,430300,430200,430100,430000,429900,429800,429700,429600,429500,100,22000,2900,42500,198700,19800,27500,13900,30900,68600,438960,426020,9438810,4247876,0,0,0,0,0,
600036.SH,600036,20251209,141618000,430600,14800,637104,65323,0,,,39122836,1685953798,433000,428300,431800,431800,430600,430700,430800,430900,431000,431100,431200,431300,431400,431500,76800,7300,22100,31200,49800,2500,2900,9100,10600,28800,430400,430300,430200,430100,430000,429900,429800,429700,429600,429500,500,17100,3400,43000,198300,19400,27500,13900,30900,68600,438970,426020,9430610,4243576,0,0,0,0,0,
600036.SH,600036,20251209,141621000,430600,1000,43059,65325,0,,,39123836,1685996857,433000,428300,431800,431800,430600,430700,430800,430900,431000,431100,431200,431300,431400,431500,93600,5900,21700,31100,49900,2500,3400,10200,11100,28800,430400,430300,430200,430100,430000,429900,429800,429700,429600,429500,6600,17100,2900,42400,198000,19400,27500,13900,30900,68600,438950,426020,9447810,4247376,0,0,0,0,0,
600036.SH,600036,20251209,141624000,430400,7700,331426,65344,0,,,39131536,1686328283,433000,428300,431800,431800,430400,430600,430700,430800,430900,431000,431100,431200,431300,431400,700,92700,5900,21700,31100,49900,2500,3400,10200,11100,430300,430200,430100,430000,429900,429800,429700,429600,429500,429400,21000,2900,42400,198000,19400,27500,13900,30900,68600,11800,438950,426020,9447410,4244676,0,0,0,0,0,
600036.SH,600036,20251209,141627000,430400,1400,60263,65352,0,,,39132936,1686388546,433000,428300,431800,431800,430500,430600,430700,430800,430900,431000,431100,431200,431300,431400,30900,92600,5900,22200,31100,49900,2600,3400,9700,11100,430400,430300,430200,430100,430000,429900,429800,429700,429600,429500,2000,22600,3900,43100,197600,17300,27500,13900,30900,68900,438930,426020,9477510,4247876,0,0,0,0,0,
600036.SH,600036,20251209,141630000,430400,100,4304,65353,0,,,39133036,1686392850,433000,428300,431800,431800,430500,430600,430700,430800,430900,431000,431100,431200,431300,431400,30900,92200,5900,23700,31700,49800,2600,2900,9100,10600,430400,430300,430200,430100,430000,429900,429800,429700,429600,429500,2800,22800,3800,43100,197600,17300,27500,13900,30900,68900,438930,426020,9477510,4248276,0,0,0,0,0,
600036.SH,600036,20251209,141633000,430500,5400,232459,65361,0,,,39138436,1686625309,433000,428300,431800,431800,430500,430600,430700,430800,430900,431000,431100,431200,431300,431400,27600,92200,5900,23700,31700,49900,2600,2900,9100,10600,430400,430300,430200,430100,430000,429900,429800,429700,429600,429500,5100,22800,5800,43100,197800,17300,25500,13900,30700,68900,438930,426020,9474310,4250676,0,0,0,0,0,
600036.SH,600036,20251209,141636000,430400,3200,137728,65371,0,,,39141636,1686763037,433000,428300,431800,431800,430500,430600,430700,430800,430900,431000,431100,431200,431300,431400,28000,92200,5900,23800,31700,49900,2600,2900,9100,10600,430400,430300,430200,430100,430000,429900,429800,429700,429600,429500,3100,22800,6800,43100,197900,17300,25500,13900,30700,68900,438930,426020,9474810,4250076,0,0,0,0,0,
600036.SH,600036,20251209,141639000,430400,3400,146341,65378,0,,,39145036,1686909378,433000,428300,431800,431800,430400,430500,430600,430700,430800,430900,431000,431100,431200,431300,500,28800,92200,5900,23800,31700,49900,2600,2900,9100,430300,430200,430100,430000,429900,429800,429700,429600,429500,429400,22800,8800,43100,197900,17300,25500,13900,30700,68900,11800,438930,426020,9476610,4248876,0,0,0,0,0,
600036.SH,600036,20251209,141642000,430400,1300,55952,65383,0,,,39146336,1686965330,433000,428300,431800,431800,430500,430600,430700,430800,430900,431000,431100,431200,431300,431400,29400,92200,5900,23800,31700,49800,2600,2900,9100,10600,430400,430300,430200,430100,430000,429900,429800,429700,429600,429500,9200,21700,8800,43600,197400,17300,25500,13900,30700,68900,438930,426030,9476610,4256976,0,0,0,0,0,
600036.SH,600036,20251209,141645000,430500,9000,387369,65397,0,,,39155336,1687352699,433000,428300,431800,431800,430500,430600,430700,430800,430900,431000,431100,431200,431300,431400,29400,92200,5900,23800,31700,49900,2600,2900,9100,10600,430400,430300,430200,430100,430000,429900,429800,429700,429600,429500,4700,23700,9000,43600,197400,17300,25500,13900,30700,68800,438930,426030,9473710,4253776,0,0,0,0,0,
600036.SH,600036,20251209,141648000,430500,1500,64574,65401,0,,,39156836,1687417273,433000,428300,431800,431800,430500,430600,430700,430800,430900,431000,431100,431200,431300,431400,27700,92200,5900,23800,31700,49900,2600,2900,9100,10600,430400,430300,430200,430100,430000,429900,429800,429700,429600,429500,5400,23800,9000,43700,197400,17300,25500,13900,30700,68800,438930,426030,9472310,4254676,0,0,0,0,0,
600036.SH,600036,20251209,141651000,430400,9200,395968,65410,0,,,39166036,1687813241,433000,428300,431800,431800,430400,430500,430600,430700,430800,430900,431000,431100,431200,431300,21000,27700,92700,5900,22900,31700,49900,2600,2900,9100,430300,430200,430100,430000,429900,429800,429700,429600,429500,429400,23800,14000,43700,197300,17300,25500,13900,30700,68800,11800,438910,426030,9492410,4253776,0,0,0,0,0,
600036.SH,600036,20251209,141654000,430400,3100,133424,65415,0,,,39169136,1687946665,433000,428300,431800,431800,430400,430500,430600,430700,430800,430900,431000,431100,431200,431300,29200,27700,81400,5900,22900,31700,49800,2600,2900,9100,430300,430200,430100,430000,429900,429800,429700,429600,429500,429400,23800,14200,44000,197200,17300,25500,13900,30700,68800,11800,438920,426030,9489210,4255376,0,0,0,0,0,
600036.SH,600036,20251209,141657000,430300,2300,98991,65417,0,,,39171436,1688045656,433000,428300,431800,431800,430400,430500,430600,430700,430800,430900,431000,431100,431200,431300,28600,27700,81500,5900,22900,31700,49800,2600,2900,9100,430300,430200,430100,430000,429900,429800,429700,429600,429500,429400,24400,14200,44000,197100,17300,25500,13900,30700,68800,11800,438920,426030,9488810,4255876,0,0,0,0,0,
600036.SH,600036,20251209,141700000,430400,700,30124,65420,0,,,39172136,1688075780,433000,428300,431800,431800,430400,430500,430600,430700,430800,430900,431000,431100,431200,431300,29200,27700,81500,5900,22900,31700,49800,2600,2900,9100,430300,430200,430100,430000,429900,429800,429700,429600,429500,429400,24900,16200,44300,197500,17300,25500,13900,30700,68800,11800,438920,426030,9489410,4259076,0,0,0,0,0,
600036.SH,600036,20251209,141703000,430400,16300,701517,65425,0,,,39188436,1688777297,433000,428300,431800,431800,430400,430500,430600,430700,430800,430900,431000,431100,431200,431300,16400,27700,81500,5900,22900,31700,49800,2600,2900,9100,430300,430200,430100,430000,429900,429800,429700,429600,429500,429400,22500,16200,44300,197500,17300,25500,13900,30700,68800,11800,438930,426030,9475510,4256076,0,0,0,0,0,
600036.SH,600036,20251209,141706000,430400,16400,705856,65454,0,,,39204836,1689483153,433000,428300,431800,431800,430500,430600,430700,430800,430900,431000,431100,431200,431300,431400,28700,81500,5900,22900,31700,49800,2600,2900,9100,10600,430300,430200,430100,430000,429900,429800,429700,429600,429500,429400,30200,16500,44800,195500,17300,25500,13900,30700,68800,11800,438940,426040,9460410,4262576,0,0,0,0,0,
600036.SH,600036,20251209,141709000,430400,1500,64566,65459,0,,,39206336,1689547719,433000,428300,431800,431800,430500,430600,430700,430800,430900,431000,431100,431200,431300,431400,26600,81400,7900,22900,31700,49800,2600,2900,9100,10600,430400,430300,430200,430100,430000,429900,429800,429700,429600,429500,2600,30000,16600,44800,195500,17300,25500,13900,30700,68800,438940,426040,9456010,4264976,0,0,0,0,0,
600036.SH,600036,20251209,141712000,430400,15000,645749,65466,0,,,39221336,1690193468,433000,428300,431800,431800,430500,430600,430700,430800,430900,431000,431100,431200,431300,431400,10700,81400,7900,22900,31700,49900,2600,2900,9100,10600,430400,430300,430200,430100,430000,429900,429800,429700,429600,429500,7000,22300,18600,44800,195500,17300,25500,13900,30700,68800,438960,426040,9440410,4263676,0,0,0,0,0,
600036.SH,600036,20251209,141715000,430500,7300,314214,65476,0,,,39228636,1690507682,433000,428300,431800,431800,430500,430600,430700,430800,430900,431000,431100,431200,431300,431400,8500,81000,7900,22900,32100,49900,2600,2900,9100,10600,430400,430300,430200,430100,430000,429900,429800,429700,429600,429500,5900,22300,18600,44800,195500,17300,25500,13900,30700,68800,438960,426040,9438210,4263076,0,0,0,0,0,
600036.SH,600036,20251209,141718000,430400,800,34432,65479,0,,,39229436,1690542114,433000,428300,431800,431800,430500,430600,430700,430800,430900,431000,431100,431200,431300,431400,15800,81000,7900,22900,32100,49900,2600,2900,9100,10600,430400,430300,430200,430100,430000,429900,429800,429700,429600,429500,5100,22300,18600,44800,195500,17300,25500,13900,30700,68500,438950,426030,9446010,4261976,0,0,0,0,0,
600036.SH,600036,20251209,141721000,430500,500,21525,65481,0,,,39229936,1690563639,433000,428300,431800,431800,430500,430600,430700,430800,430900,431000,431100,431200,431300,431400,17300,81000,7900,22900,32100,49900,2600,2900,9100,10600,430400,430300,430200,430100,430000,429900,429800,429700,429600,429500,5500,22200,18600,44800,195500,17300,25500,13900,30700,68500,438950,426040,9447510,4263276,0,0,0,0,0,
600036.SH,600036,20251209,141724000,430400,6800,292674,65497,0,,,39236736,1690856313,433000,428300,431800,431800,430500,430600,430700,430800,430900,431000,431100,431200,431300,431400,27600,81000,7900,22900,32100,49900,2600,2900,9100,10600,430400,430300,430200,430100,430000,429900,429800,429700,429600,429500,100,24300,18600,44300,195500,17300,25500,13900,30700,68500,438940,426030,9456810,4257676,0,0,0,0,0,
600036.SH,600036,20251209,141727000,430400,6200,266788,65505,0,,,39242936,1691123101,433000,428300,431800,431800,430400,430500,430600,430700,430800,430900,431000,431100,431200,431300,6000,28000,82000,8400,22400,31500,49900,2600,2900,9100,430300,430200,430100,430000,429900,429800,429700,429600,429500,429400,18300,18600,44300,197000,17300,25500,13900,30700,68500,11800,438940,426020,9463610,4250676,0,0,0,0,0,
600036.SH,600036,20251209,141730000,430400,9900,426096,65520,0,,,39252836,1691549197,433000,428300,431800,431800,430400,430500,430600,430700,430800,430900,431000,431100,431200,431300,26700,28100,82500,8400,21900,31500,49900,2600,2900,9100,430300,430200,430100,430000,429900,429800,429700,429600,429500,429400,19500,18600,44300,198100,17300,25500,13900,30700,68500,11800,438920,426030,9483910,4252876,0,0,0,0,0,
600036.SH,600036,20251209,141733000,430400,700,30127,65522,0,,,39253536,1691579324,433000,428300,431800,431800,430400,430500,430600,430700,430800,430900,431000,431100,431200,431300,26400,28600,82400,8400,21900,31500,51100,2600,2900,9100,430300,430200,430100,430000,429900,429800,429700,429600,429500,429400,19400,18600,44300,198600,17300,25500,13900,30700,68500,11800,438920,426030,9486210,4253276,0,0,0,0,0,
600036.SH,600036,20251209,141736000,430400,900,38734,65525,0,,,39254436,1691618058,433000,428300,431800,431800,430400,430500,430600,430700,430800,430900,431000,431100,431200,431300,25700,28600,82400,8400,21900,31500,51000,2600,2900,9100,430300,430200,430100,430000,429900,429800,429700,429600,429500,429400,19200,18600,44300,198600,17300,25500,13900,30700,68500,11800,438920,426030,9485410,4253276,0,0,0,0,0,
600036.SH,600036,20251209,141739000,430200,22100,950944,65552,0,,,39276536,1692569002,433000,428300,431800,431800,430300,430400,430500,430600,430700,430800,430900,431000,431100,431200,2100,40500,28600,81500,8400,22300,31500,51000,2600,2900,430200,430100,430000,429900,429800,429700,429600,429500,429400,429300,16500,44300,198800,17300,25500,13900,30700,68500,11800,16900,438900,426010,9501810,4230176,0,0,0,0,0,
600036.SH,600036,20251209,141742000,430300,22800,980877,65583,0,,,39299336,1693549879,433000,428300,431800,431800,430300,430400,430500,430600,430700,430800,430900,431000,431100,431200,22400,41700,28500,81500,8400,22300,31500,51000,2600,2900,430100,430000,429900,429800,429700,429600,429500,429400,429300,429200,42100,197400,16500,25500,13900,30700,68900,12200,17700,27900,438880,425990,9523210,4211876,0,0,0,0,0,
600036.SH,600036,20251209,141745000,430300,1400,60230,65586,0,,,39300736,1693610109,433000,428300,431800,431800,430200,430300,430400,430500,430600,430700,430800,430900,431000,431100,900,22200,29500,25600,81500,8400,22300,31500,51000,2600,430100,430000,429900,429800,429700,429600,429500,429400,429300,429200,49000,196800,15700,25500,13900,30700,69300,12800,18400,27900,438900,425990,9508810,4218976,0,0,0,0,0,
600036.SH,600036,20251209,141748000,430200,1900,81721,65594,0,,,39302636,1693691830,433000,428300,431800,431800,430200,430300,430400,430500,430600,430700,430800,430900,431000,431100,2500,10500,32500,25900,80300,7900,22300,31100,51000,2600,430100,430000,429900,429800,429700,429600,429500,429400,429300,429200,47300,196800,15700,25900,15400,30700,69300,11800,16900,27900,438900,425990,9499910,4216376,0,0,0,0,0,
600036.SH,600036,20251209,141751000,430200,3600,154872,65604,0,,,39306236,1693846702,433000,428300,431800,431800,430200,430300,430400,430500,430600,430700,430800,430900,431000,431100,8400,10500,31200,16900,80300,7900,22300,31100,51000,2600,430100,430000,429900,429800,429700,429600,429500,429400,429300,429200,47300,198300,16100,25900,15000,30700,69300,11800,16900,27900,438910,425990,9495510,4217576,0,0,0,0,0,
600036.SH,600036,20251209,141754000,430200,1400,60228,65607,0,,,39307636,1693906930,433000,428300,431800,431800,430200,430300,430400,430500,430600,430700,430800,430900,431000,431100,7300,10500,31200,16900,80300,7900,22300,31100,51000,2600,430100,430000,429900,429800,429700,429600,429500,429400,429300,429200,46300,198300,15800,25900,15000,30700,69300,11800,16900,27900,438910,425990,9494410,4217276,0,0,0,0,0,
600036.SH,600036,20251209,141757000,430200,900,38718,65610,0,,,39308536,1693945648,433000,428300,431800,431800,430200,430300,430400,430500,430600,430700,430800,430900,431000,431100,15000,10600,30100,16900,80300,7900,22300,31100,51000,2600,430100,430000,429900,429800,429700,429600,429500,429400,429300,429200,47500,198400,15800,25900,15000,30700,69300,11800,16900,27900,438900,425990,9501110,4218976,0,0,0,0,0,
600036.SH,600036,20251209,141800000,430200,6900,296832,65619,0,,,39315436,1694242480,433000,428300,431800,431800,430200,430300,430400,430500,430600,430700,430800,430900,431000,431100,8900,10600,30100,16900,80300,8000,22300,31100,51000,2500,430100,430000,429900,429800,429700,429600,429500,429400,429300,429200,47100,198500,15800,25900,15000,30700,69300,11800,16900,27900,438910,425990,9495010,4218576,0,0,0,0,0,
600036.SH,600036,20251209,141803000,430200,2200,94635,65624,0,,,39317636,1694337115,433000,428300,431800,431800,430200,430300,430400,430500,430600,430700,430800,430900,431000,431100,10500,10600,30100,18300,80300,8000,22300,31100,50100,2500,430100,430000,429900,429800,429700,429600,429500,429400,429300,429200,47200,198500,15800,26000,15200,30700,69300,11800,16900,27900,438910,425990,9497110,4218976,0,0,0,0,0,
600036.SH,600036,20251209,141806000,430200,0,0,65624,0,,,39317636,1694337115,433000,428300,431800,431800,430200,430300,430400,430500,430600,430700,430800,430900,431000,431100,11400,10600,30100,20300,80300,8000,22300,31100,50100,2500,430100,430000,429900,429800,429700,429600,429500,429400,429300,429200,47100,199000,15800,26000,15200,30700,69300,11800,16900,27900,438900,425990,9500010,4219376,0,0,0,0,0,
600036.SH,600036,20251209,141809000,430200,10000,430196,65641,0,,,39327636,1694767311,433000,428300,431800,431800,430200,430300,430400,430500,430600,430700,430800,430900,431000,431100,2300,10600,30100,20700,80300,8000,22300,31100,50100,2500,430100,430000,429900,429800,429700,429600,429500,429400,429300,429200,46900,200300,15800,26000,15200,30700,69300,11800,16900,27900,438910,426000,9491310,4220476,0,0,0,0,0,
600036.SH,600036,20251209,141812000,430100,900,38716,65645,0,,,39328536,1694806027,433000,428300,431800,431800,430200,430300,430400,430500,430600,430700,430800,430900,431000,431100,8200,10600,30100,20700,80300,8000,22300,31100,50100,2500,430100,430000,429900,429800,429700,429600,429500,429400,429300,429200,46700,200100,15800,26100,15700,30700,69300,11800,16900,27900,438910,426000,9496710,4220676,0,0,0,0,0,
600036.SH,600036,20251209,141815000,430100,3500,150538,65655,0,,,39332036,1694956565,433000,428300,431800,431800,430200,430300,430400,430500,430600,430700,430800,430900,431000,431100,8200,10600,30100,21500,80300,8000,22300,31100,50100,2500,430100,430000,429900,429800,429700,429600,429500,429400,429300,429200,43500,200100,15800,26200,15700,30700,68900,11800,16900,27900,438910,425990,9497510,4217176,0,0,0,0,0,
600036.SH,600036,20251209,141818000,430200,6600,283913,65669,0,,,39338636,1695240478,433000,428300,431800,431800,430200,430300,430400,430500,430600,430700,430800,430900,431000,431100,4100,10500,30100,21500,80300,8000,22300,31100,50100,2500,430100,430000,429900,429800,429700,429600,429500,429400,429300,429200,43300,200200,15800,26200,15700,30700,68900,11800,16900,27900,438910,425990,9493310,4217076,0,0,0,0,0,
600036.SH,600036,20251209,141821000,430200,3800,163468,65675,0,,,39342436,1695403946,433000,428300,431800,431800,430200,430300,430400,430500,430600,430700,430800,430900,431000,431100,1200,10500,30100,21500,80300,8000,22300,31100,50100,2500,430100,430000,429900,429800,429700,429600,429500,429400,429300,429200,43900,200400,15800,26200,16200,30700,68900,11800,16900,27900,438910,425990,9490410,4218376,0,0,0,0,0,
600036.SH,600036,20251209,141824000,430100,2400,103229,65685,0,,,39344836,1695507175,433000,428300,431800,431800,430200,430300,430400,430500,430600,430700,430800,430900,431000,431100,700,10500,30100,21500,80300,8000,22300,31100,50100,2500,430100,430000,429900,429800,429700,429600,429500,429400,429300,429200,42400,202600,15800,26200,16200,30700,68900,11800,16900,27900,438910,425990,9489510,4218776,0,0,0,0,0,
600036.SH,600036,20251209,141827000,430100,300,12904,65688,0,,,39345136,1695520079,433000,428300,431800,431800,430200,430300,430400,430500,430600,430700,430800,430900,431000,431100,700,10500,30100,21500,80300,8000,22600,31100,50100,2500,430100,430000,429900,429800,429700,429600,429500,429400,429300,429200,42200,202700,15800,26200,16200,30700,68900,11800,16900,27900,438910,425990,9488810,4219676,0,0,0,0,0,
600036.SH,600036,20251209,141830000,430100,7500,322685,65702,0,,,39352636,1695842764,433000,428300,431800,431800,430200,430300,430400,430500,430600,430700,430800,430900,431000,431100,100,18500,30100,21500,80300,8000,22600,31100,50100,2500,430100,430000,429900,429800,429700,429600,429500,429400,429300,429200,43300,203100,15800,26200,16200,30700,68900,11800,16900,27900,438940,426000,9444210,4221176,0,0,0,0,0,
600036.SH,600036,20251209,141833000,430100,300,12903,65704,0,,,39352936,1695855667,433000,428300,431800,431800,430200,430300,430400,430500,430600,430700,430800,430900,431000,431100,3200,18700,30100,21100,80300,8000,22600,31100,50100,2500,430100,430000,429900,429800,429700,429600,429500,429400,429300,429200,46000,203100,15800,26200,16200,30700,68900,11800,16900,27900,438940,426000,9447610,4223876,0,0,0,0,0,
600036.SH,600036,20251209,141836000,430200,1800,77435,65710,0,,,39354736,1695933102,433000,428300,431800,431800,430200,430300,430400,430500,430600,430700,430800,430900,431000,431100,1900,6600,30100,21100,80300,8000,22600,31100,50100,2500,430100,430000,429900,429800,429700,429600,429500,429400,429300,429200,45900,203100,15700,26200,16700,30700,68900,11800,16900,27900,438950,426000,9434210,4224176,0,0,0,0,0,
600036.SH,600036,20251209,141839000,430200,1500,64520,65715,0,,,39356236,1695997622,433000,428300,431800,431800,430200,430300,430400,430500,430600,430700,430800,430900,431000,431100,3000,6600,30100,21000,80400,8000,22600,31100,50100,2500,430100,430000,429900,429800,429700,429600,429500,429400,429300,429200,45200,203100,15700,26200,16700,30700,68900,11800,16900,27900,438980,426000,9385310,4223476,0,0,0,0,0,
600036.SH,600036,20251209,141842000,430300,4100,176387,65730,0,,,39360336,1696174009,433000,428300,431800,431800,430200,430300,430400,430500,430600,430700,430800,430900,431000,431100,600,5800,30100,21000,80400,8000,22600,31100,50100,2500,430100,430000,429900,429800,429700,429600,429500,429400,429300,429200,44300,202800,15700,26200,16700,30700,68900,11800,16900,27900,438980,426000,9382110,4222276,0,0,0,0,0,
600036.SH,600036,20251209,141845000,430200,3700,159174,65740,0,,,39364036,1696333183,433000,428300,431800,431800,430200,430300,430400,430500,430600,430700,430800,430900,431000,431100,4500,5800,30100,21000,80400,8000,22600,31000,50100,2500,430100,430000,429900,429800,429700,429600,429500,429400,429300,429200,44400,202800,16600,26200,15800,30700,68900,11800,16900,27900,438980,426000,9385910,4221576,0,0,0,0,0,
600036.SH,600036,20251209,141848000,430100,100,4301,65741,0,,,39364136,1696337484,433000,428300,431800,431800,430200,430300,430400,430500,430600,430700,430800,430900,431000,431100,5200,5800,30100,21000,80400,8000,22600,31000,50100,2500,430100,430000,429900,429800,429700,429600,429500,429400,429300,429200,45100,201800,16600,26200,15800,30700,68900,11800,16900,27900,438980,426000,9387410,4220776,0,0,0,0,0,
600036.SH,600036,20251209,141851000,430200,5700,245214,65753,0,,,39369836,1696582698,433000,428300,431800,431800,430300,430400,430500,430600,430700,430800,430900,431000,431100,431200,5800,30100,21000,80400,8000,22600,31000,50100,2500,2900,430100,430000,429900,429800,429700,429600,429500,429400,429300,429200,48100,201800,16600,26200,15800,30700,68900,11800,16900,27900,438980,426000,9381910,4223776,0,0,0,0,0,
600036.SH,600036,20251209,141854000,430200,1300,55926,65758,0,,,39371136,1696638624,433000,428300,431800,431800,430300,430400,430500,430600,430700,430800,430900,431000,431100,431200,5400,29200,20600,80400,8000,22900,31400,50100,2500,2900,430200,430100,430000,429900,429800,429700,429600,429500,429400,429300,100,47700,201900,19200,26600,14800,30700,68500,11800,16900,438980,426000,9380610,4224176,0,0,0,0,0,
600036.SH,600036,20251209,141857000,430200,1800,77441,65766,0,,,39372936,1696716065,433000,428300,431800,431800,430300,430400,430500,430600,430700,430800,430900,431000,431100,431200,6000,29200,20600,80400,8000,22900,31400,50100,2500,2900,430200,430100,430000,429900,429800,429700,429600,429500,429400,429300,3400,46300,201900,19200,26600,14800,30700,68600,11800,16900,438980,426000,9381210,4226776,0,0,0,0,0,
600036.SH,600036,20251209,141900000,430200,1700,73134,65770,0,,,39374636,1696789199,433000,428300,431800,431800,430300,430400,430500,430600,430700,430800,430900,431000,431100,431200,6100,29200,20700,80400,8000,22900,31400,50100,2500,2900,430200,430100,430000,429900,429800,429700,429600,429500,429400,429300,2100,46200,203900,19200,26600,14800,30700,68600,11800,16900,438980,426000,9381410,4228576,0,0,0,0,0,
600036.SH,600036,20251209,141903000,430300,8900,382965,65793,0,,,39383536,1697172164,433000,428300,431800,431800,430300,430400,430500,430600,430700,430800,430900,431000,431100,431200,4700,29200,20700,80400,8000,22900,31400,50100,2500,2900,430200,430100,430000,429900,429800,429700,429600,429500,429400,429300,5000,46300,204100,19200,26600,14800,30700,68600,11800,16900,438980,426010,9380010,4231376,0,0,0,0,0,
600036.SH,600036,20251209,141906000,430300,600,25817,65795,0,,,39384136,1697197981,433000,428300,431800,431800,430300,430400,430500,430600,430700,430800,430900,431000,431100,431200,24300,29400,20700,80400,8000,22900,31400,50100,2500,2900,430200,430100,430000,429900,429800,429700,429600,429500,429400,429300,16200,46200,204000,18800,26600,14800,30700,68600,11800,16900,438970,426020,9399910,4241976,0,0,0,0,0,
600036.SH,600036,20251209,141909000,430200,23200,998075,65830,0,,,39407336,1698196056,433000,428300,431800,431800,430200,430300,430400,430500,430600,430700,430800,430900,431000,431100,3200,28000,29500,20700,80300,8000,22900,31400,50100,2500,430100,430000,429900,429800,429700,429600,429500,429400,429300,429200,42700,204000,19300,26600,14200,30700,68600,11800,16900,27900,438960,426000,9406810,4221876,0,0,0,0,0,
600036.SH,600036,20251209,141912000,430200,2500,107530,65835,0,,,39409836,1698303586,433000,428300,431800,431800,430200,430300,430400,430500,430600,430700,430800,430900,431000,431100,4200,26400,29500,20300,80300,8000,22900,31400,50100,2500,430100,430000,429900,429800,429700,429600,429500,429400,429300,429200,41400,198500,19300,26600,14700,30700,68600,11800,16900,27900,438960,425990,9405810,4217476,0,0,0,0,0,
600036.SH,600036,20251209,141915000,430100,2100,90326,65837,0,,,39411936,1698393912,433000,428300,431800,431800,430200,430300,430400,430500,430600,430700,430800,430900,431000,431100,4500,26400,29500,20300,80300,8000,22900,31400,50100,2500,430100,430000,429900,429800,429700,429600,429500,429400,429300,429200,39800,199000,19300,26600,15300,30700,68600,11800,16900,27900,438960,425990,9406110,4216876,0,0,0,0,0,
600036.SH,600036,20251209,141918000,430100,12500,537650,65852,0,,,39424436,1698931562,433000,428300,431800,431800,430200,430300,430400,430500,430600,430700,430800,430900,431000,431100,7100,26400,29500,20300,80300,8000,22900,31400,50100,2500,430100,430000,429900,429800,429700,429600,429500,429400,429300,429200,30800,199200,19300,26600,15300,30700,68600,11800,17900,28000,438960,425980,9408710,4209576,0,0,0,0,0,
600036.SH,600036,20251209,141921000,430200,24100,1036677,65892,0,,,39448536,1699968239,433000,428300,431800,431800,430200,430300,430400,430500,430600,430700,430800,430900,431000,431100,4100,26400,29500,20900,80300,8000,22900,31400,50100,2500,430100,430000,429900,429800,429700,429600,429500,429400,429300,429200,20600,199300,19300,26600,15300,30700,67700,11800,17900,28000,438960,425970,9406210,4198276,0,0,0,0,0,
600036.SH,600036,20251209,141924000,430100,3400,146238,65898,0,,,39451936,1700114477,433000,428300,431800,431800,430200,430300,430400,430500,430600,430700,430800,430900,431000,431100,11300,25900,29400,20900,80300,8000,22900,31400,50100,2500,430100,430000,429900,429800,429700,429600,429500,429400,429300,429200,23200,199300,19300,26600,15300,30200,67700,11800,17900,28000,438950,425980,9412810,4199276,0,0,0,0,0,
600036.SH,600036,20251209,141927000,430100,7300,314001,65910,0,,,39459236,1700428478,433000,428300,431800,431800,430200,430300,430400,430500,430600,430700,430800,430900,431000,431100,15300,25900,29400,20900,80300,8000,22900,31400,50100,2500,430100,430000,429900,429800,429700,429600,429500,429400,429300,429200,19800,199300,19300,26600,15300,30200,67700,11800,17900,28000,438950,425970,9416810,4195876,0,0,0,0,0,
600036.SH,600036,20251209,141930000,430200,7800,335480,65933,0,,,39467036,1700763958,433000,428300,431800,431800,430200,430300,430400,430500,430600,430700,430800,430900,431000,431100,16200,25800,29400,20900,80300,8000,22900,31400,50100,2500,430100,430000,429900,429800,429700,429600,429500,429400,429300,429200,13600,199400,19300,26600,15300,30200,67700,11800,17900,28000,438950,425970,9417610,4189576,0,0,0,0,0,
600036.SH,600036,20251209,141933000,430200,3500,150540,65949,0,,,39470536,1700914498,433000,428300,431800,431800,430200,430300,430400,430500,430600,430700,430800,430900,431000,431100,20800,25900,29200,20900,80300,8000,22900,31400,50100,2500,430100,430000,429900,429800,429700,429600,429500,429400,429300,429200,10700,199400,19300,26600,15900,30200,67700,11800,17900,28000,438950,425960,9422110,4189276,0,0,0,0,0,
600036.SH,600036,20251209,141936000,430000,12400,533309,65968,0,,,39482936,1701447807,433000,428300,431800,431800,430100,430200,430300,430400,430500,430600,430700,430800,430900,431000,5600,21400,25900,29200,20900,80300,8000,22900,31400,50100,430000,429900,429800,429700,429600,429500,429400,429300,429200,429100,197900,19300,26600,15900,30200,67700,11800,17900,28000,78900,438930,425950,9438310,4178076,0,0,0,0,0,
600036.SH,600036,20251209,141939000,430000,214100,9206358,66280,0,,,39697036,1710654165,433000,428300,431800,431800,430100,430200,430300,430400,430500,430600,430700,430800,430900,431000,5500,18400,24200,29300,20900,80300,8000,22900,31400,50100,430000,429900,429800,429700,429600,429500,429400,429300,429200,429100,200,14200,28400,17500,30200,67700,11800,17900,28000,78900,438940,425750,9433610,3978676,0,0,0,0,0,
600036.SH,600036,20251209,141942000,430000,9100,391265,66311,0,,,39706136,1711045430,433000,428300,431800,431800,430000,430100,430200,430300,430400,430500,430600,430700,430800,430900,17800,500,23100,23600,28700,20900,80300,8000,22900,31400,429900,429800,429700,429600,429500,429400,429300,429200,429100,429000,8700,28000,18000,30200,67700,11800,17900,28000,78700,136000,438920,425740,9449910,3973276,0,0,0,0,0,
600036.SH,600036,20251209,141945000,429900,8800,378312,66322,0,,,39714936,1711423742,433000,428300,431800,431800,429900,430000,430100,430200,430300,430400,430500,430600,430700,430800,4700,4800,600,24600,23600,28700,20900,80300,8000,22900,429800,429700,429600,429500,429400,429300,429200,429100,429000,428900,28000,18000,30100,67700,11800,17900,28000,78800,135500,23000,438930,425740,9443210,3964076,0,0,0,0,0,
600036.SH,600036,20251209,141948000,429800,9000,386881,66347,0,,,39723936,1711810623,433000,428300,431800,431800,429900,430000,430100,430200,430300,430400,430500,430600,430700,430800,1500,5000,600,24600,21000,29500,21400,79900,8400,22000,429800,429700,429600,429500,429400,429300,429200,429100,429000,428900,26400,16800,30100,68500,12200,17900,28000,78800,135500,23000,438930,425730,9436910,3962476,0,0,0,0,0,
600036.SH,600036,20251209,141951000,430000,19100,821134,66375,0,,,39743036,1712631757,433000,428300,431800,431800,430100,430200,430300,430400,430500,430600,430700,430800,430900,431000,600,19000,21000,29500,21400,79900,8400,22000,31000,50100,429900,429800,429700,429600,429500,429400,429300,429200,429100,429000,14200,24900,14000,30100,70800,13400,17900,28000,78800,135600,438950,425750,9424810,3976576,0,0,0,0,0,
600036.SH,600036,20251209,141954000,429900,8200,352518,66384,0,,,39751236,1712984275,433000,428300,431800,431800,430000,430100,430200,430300,430400,430500,430600,430700,430800,430900,2200,600,12600,21000,29500,20800,79900,8400,22000,31000,429900,429800,429700,429600,429500,429400,429300,429200,429100,429000,7900,24900,14000,30100,70800,13800,17900,28000,78800,134800,438950,425740,9420410,3969376,0,0,0,0,0,
600036.SH,600036,20251209,141957000,429900,2600,111774,66386,0,,,39753836,1713096049,433000,428300,431800,431800,430000,430100,430200,430300,430400,430500,430600,430700,430800,430900,3000,500,12600,21000,29500,15900,79900,8400,22000,31000,429900,429800,429700,429600,429500,429400,429300,429200,429100,429000,6200,26000,14000,30500,70800,13400,17900,28000,78800,134800,438950,425740,9416210,3968276,0,0,0,0,0,
600036.SH,600036,20251209,142000000,429900,6200,266545,66396,0,,,39760036,1713362594,433000,428300,431800,431800,430000,430100,430200,430300,430400,430500,430600,430700,430800,430900,4000,500,12600,21000,4800,15900,79900,8400,22000,31000,429900,429800,429700,429600,429500,429400,429300,429200,429100,429000,2200,26100,14000,30500,70800,13400,17900,28000,78800,134800,438970,425740,9392510,3966476,0,0,0,0,0,
600036.SH,600036,20251209,142003000,430000,1500,64493,66405,0,,,39761536,1713427087,433000,428300,431800,431800,430000,430100,430200,430300,430400,430500,430600,430700,430800,430900,4000,100,12100,1000,24100,15900,29900,8400,22000,31000,429900,429800,429700,429600,429500,429400,429300,429200,429100,429000,6800,26100,14000,30600,70800,13400,17900,28000,78800,134800,439020,425740,9341410,3971176,0,0,0,0,0,
600036.SH,600036,20251209,142006000,429900,20900,898858,66462,0,,,39782436,1714325945,433000,428300,431800,431800,430000,430100,430200,430300,430400,430500,430600,430700,430800,430900,3100,9200,7900,1000,23900,15900,29900,8400,22000,31000,429900,429800,429700,429600,429500,429400,429300,429200,429100,429000,6500,27300,14400,30200,70000,12900,17900,28000,78800,135200,439020,425740,9345210,3972376,0,0,0,0,0,
600036.SH,600036,20251209,142009000,429900,3000,128986,66473,0,,,39785436,1714454931,433000,428300,431800,431800,430000,430100,430200,430300,430400,430500,430600,430700,430800,430900,1600,9700,7900,2900,23900,15900,29900,8400,21900,31000,429900,429800,429700,429600,429500,429400,429300,429200,429100,429000,5800,27300,14400,30900,70000,12200,17900,28000,78800,135200,439020,425740,9346710,3971676,0,0,0,0,0,
600036.SH,600036,20251209,142012000,429900,0,0,66473,0,,,39785436,1714454931,433000,428300,431800,431800,430000,430100,430200,430300,430400,430500,430600,430700,430800,430900,1600,800,7900,2900,23900,15900,29700,8400,21900,31000,429900,429800,429700,429600,429500,429400,429300,429200,429100,429000,7900,25900,14400,32100,70000,12200,17900,28000,79300,135200,439020,425740,9337610,3974076,0,0,0,0,0,
600036.SH,600036,20251209,142015000,430000,1300,55900,66477,0,,,39786736,1714510831,433000,428300,431800,431800,430000,430100,430200,430300,430400,430500,430600,430700,430800,430900,600,800,7900,3800,23900,15900,29700,8400,21900,31000,429900,429800,429700,429600,429500,429400,429300,429200,429100,429000,9400,25900,14400,32100,70000,12200,17900,28000,79300,135500,439020,425750,9337510,3970876,0,0,0,0,0,
600036.SH,600036,20251209,142018000,430000,9300,399811,66495,0,,,39796036,1714910642,433000,428300,431800,431800,430000,430100,430200,430300,430400,430500,430600,430700,430800,430900,3500,900,7900,3800,23900,15900,29700,8400,21900,31000,429900,429800,429700,429600,429500,429400,429300,429200,429100,429000,9300,26000,14400,32100,70100,12200,17900,28000,79300,135500,439020,425750,9340010,3970976,0,0,0,0,0,
600036.SH,600036,20251209,142021000,430000,3800,163391,66506,0,,,39799836,1715074033,433000,428300,431800,431800,430000,430100,430200,430300,430400,430500,430600,430700,430800,430900,1400,1000,8500,3800,23900,15900,29100,8400,21900,31000,429900,429800,429700,429600,429500,429400,429300,429200,429100,429000,9500,26200,14400,32100,70700,12200,17900,28000,79300,139000,439020,425750,9338010,3975976,0,0,0,0,0,
600036.SH,600036,20251209,142024000,430000,1400,60200,66512,0,,,39801236,1715134233,433000,428300,431800,431800,430000,430100,430200,430300,430400,430500,430600,430700,430800,430900,2800,1500,8500,3800,23900,15900,29100,8400,21900,31000,429900,429800,429700,429600,429500,429400,429300,429200,429100,429000,10100,26200,14400,32100,71000,12300,17900,28000,79300,141500,439020,425750,9340210,3979076,0,0,0,0,0,
600036.SH,600036,20251209,142027000,430000,4500,193499,66524,0,,,39805736,1715327732,433000,428300,431800,431800,430100,430200,430300,430400,430500,430600,430700,430800,430900,431000,1500,8500,3200,23900,15900,29100,8400,21900,30000,51000,430000,429900,429800,429700,429600,429500,429400,429300,429200,429100,500,13600,26200,14900,32100,71000,12300,17900,28000,79300,439030,425770,9335810,3993476,0,0,0,0,0,
600036.SH,600036,20251209,142030000,430100,25900,1113716,66555,0,,,39831636,1716441448,433000,428300,431800,431800,430100,430200,430300,430400,430500,430600,430700,430800,430900,431000,300,8600,3300,23900,15900,29100,8400,21900,30000,51000,430000,429900,429800,429700,429600,429500,429400,429300,429200,429100,400,19000,26200,14900,32100,71000,12300,17900,28000,79300,439030,425770,9334810,3999276,0,0,0,0,0,
600036.SH,600036,20251209,142033000,430000,4300,184914,66567,0,,,39835936,1716626362,433000,428300,431800,431800,430100,430200,430300,430400,430500,430600,430700,430800,430900,431000,1900,8600,3200,23900,16900,29100,8400,21900,30000,51100,430000,429900,429800,429700,429600,429500,429400,429300,429200,429100,3300,19000,26800,17200,34100,68800,12300,18900,29000,79300,439020,425780,9337410,4007076,0,0,0,0,0,
600036.SH,600036,20251209,142036000,430100,200,8602,66569,0,,,39836136,1716634964,433000,428300,431800,431800,430100,430200,430300,430400,430500,430600,430700,430800,430900,431000,2600,3800,2900,23900,16900,29100,8300,21900,30000,51100,430000,429900,429800,429700,429600,429500,429400,429300,429200,429100,3400,19000,27100,17200,34000,68800,12300,18900,29000,79300,439030,425780,9332910,4007576,0,0,0,0,0,
600036.SH,600036,20251209,142039000,430100,1400,60213,66573,0,,,39837536,1716695177,433000,428300,431800,431800,430100,430200,430300,430400,430500,430600,430700,430800,430900,431000,1300,3800,2900,23900,16900,29100,8300,21900,30000,51100,430000,429900,429800,429700,429600,429500,429400,429300,429200,429100,3600,19100,27300,17600,35500,68300,12300,18900,29000,79300,439030,425780,9331610,4009476,0,0,0,0,0,
600036.SH,600036,20251209,142042000,430000,5300,227982,66592,0,,,39842836,1716923159,433000,428300,431800,431800,430100,430200,430300,430400,430500,430600,430700,430800,430900,431000,7100,500,2900,23900,16900,29100,8300,21900,30000,51100,430000,429900,429800,429700,429600,429500,429400,429300,429200,429100,5400,19100,27200,17600,35800,68400,12300,18900,29000,79300,439030,425790,9334110,4013676,0,0,0,0,0,
600036.SH,600036,20251209,142045000,430100,2700,116120,66597,0,,,39845536,1717039279,433000,428300,431800,431800,430100,430200,430300,430400,430500,430600,430700,430800,430900,431000,5100,500,2900,23900,16900,29100,8300,21900,30000,51100,430000,429900,429800,429700,429600,429500,429400,429300,429200,429100,6000,19100,27200,17600,35800,69300,12300,18900,29000,79300,439030,425790,9332110,4015376,0,0,0,0,0,
600036.SH,600036,20251209,142048000,430000,2300,98900,66603,0,,,39847836,1717138179,433000,428300,431800,431800,430100,430200,430300,430400,430500,430600,430700,430800,430900,431000,6500,500,3500,24300,16900,29100,8300,21900,30000,51100,430000,429900,429800,429700,429600,429500,429400,429300,429200,429100,6000,19100,27200,17800,36400,69300,12300,18900,29000,79300,439030,425790,9334310,4015876,0,0,0,0,0,
600036.SH,600036,20251209,142051000,430000,16800,722482,66634,0,,,39864636,1717860661,433000,428300,431800,431800,430000,430200,430300,430400,430500,430600,430700,430800,430900,431000,6000,200,13700,24300,16900,29100,8200,21900,30000,51100,429900,429800,429700,429600,429500,429400,429300,429200,429100,429000,18700,29000,17800,36400,69300,12300,18900,29000,79300,154000,439020,425780,9343610,4011276,0,0,0,0,0,
600036.SH,600036,20251209,142054000,429900,7100,305291,66652,0,,,39871736,1718165952,433000,428300,431800,431800,430000,430100,430200,430300,430400,430500,430600,430700,430800,430900,500,100,200,13700,24400,16900,29100,8100,21900,30000,429900,429800,429700,429600,429500,429400,429300,429200,429100,429000,25700,29000,17800,36400,69300,12300,18900,29000,79300,154000,439020,425790,9338010,4019276,0,0,0,0,0,
600036.SH,600036,20251209,142057000,430000,400,17200,66655,0,,,39872136,1718183152,433000,428300,431800,431800,430000,430100,430200,430300,430400,430500,430600,430700,430800,430900,200,200,100,13700,24400,17400,29100,8100,21900,30000,429900,429800,429700,429600,429500,429400,429300,429200,429100,429000,32300,29500,17800,35400,69300,12300,18900,29000,79300,154000,439020,425800,9337610,4025376,0,0,0,0,0,
600036.SH,600036,20251209,142100000,430000,22100,950097,66677,0,,,39894236,1719133249,433000,428300,431800,431800,430000,430100,430200,430300,430400,430500,430600,430700,430800,430900,300,300,100,43800,24400,17400,29100,8100,21900,30000,429900,429800,429700,429600,429500,429400,429300,429200,429100,429000,8000,29600,17800,35400,69300,12300,18900,31000,79300,154000,439000,425770,9367710,4003376,0,0,0,0,0,
600036.SH,600036,20251209,142103000,429900,4500,193456,66683,0,,,39898736,1719326705,433000,428300,431800,431800,430000,430100,430200,430300,430400,430500,430600,430700,430800,430900,8400,200,100,43200,24400,17400,29100,8200,21900,30000,429900,429800,429700,429600,429500,429400,429300,429200,429100,429000,39900,29100,17800,35400,69300,12300,18900,31000,79300,153000,438990,425810,9380210,4034176,0,0,0,0,0,
600036.SH,600036,20251209,142106000,429900,4000,171995,66688,0,,,39902736,1719498700,433000,428300,431800,431800,430000,430100,430200,430300,430400,430500,430600,430700,430800,430900,5500,200,30100,43200,26700,17400,29100,8200,21900,30000,429900,429800,429700,429600,429500,429400,429300,429200,429100,429000,39800,29100,17800,35400,69300,12300,18900,31000,79300,153000,438960,425810,9409610,4033676,0,0,0,0,0,
600036.SH,600036,20251209,142109000,430000,9000,386982,66706,0,,,39911736,1719885682,433000,428300,431800,431800,430000,430100,430200,430300,430400,430500,430600,430700,430800,430900,2400,35100,30100,43200,26700,17400,29100,8200,21900,30000,429900,429800,429700,429600,429500,429400,429300,429200,429100,429000,46800,29400,17800,37400,69300,12300,18900,31000,79300,153000,438930,425820,9441410,4042976,0,0,0,0,0,
600036.SH,600036,20251209,142112000,430000,1700,73096,66714,0,,,39913436,1719958778,433000,428300,431800,431800,430000,430100,430200,430300,430400,430500,430600,430700,430800,430900,7600,35700,30600,43200,24400,17400,29100,8200,21900,30000,429900,429800,429700,429600,429500,429400,429300,429200,429100,429000,27100,29700,17800,37400,69300,12300,19100,31000,79300,153300,438930,425800,9445110,4024176,0,0,0,0,0,
600036.SH,600036,20251209,142115000,430000,900,38692,66717,0,,,39914336,1719997470,433000,428300,431800,431800,430000,430100,430200,430300,430400,430500,430600,430700,430800,430900,8100,35700,30800,43200,24400,17600,29100,8200,21900,30000,429900,429800,429700,429600,429500,429400,429300,429200,429100,429000,26300,30000,17800,37400,69300,12300,19100,31000,79300,155500,438940,425800,9431410,4025776,0,0,0,0,0,
600036.SH,600036,20251209,142118000,430000,2000,85981,66724,0,,,39916336,1720083451,433000,428300,431800,431800,430000,430100,430200,430300,430400,430500,430600,430700,430800,430900,10400,35700,30800,43200,24400,17600,29100,8200,21900,30000,429900,429800,429700,429600,429500,429400,429300,429200,429100,429000,24400,30400,17800,37400,69600,12300,19100,31000,79300,155500,438930,425800,9431310,4023876,0,0,0,0,0,
600036.SH,600036,20251209,142121000,430000,4100,176286,66738,0,,,39920436,1720259737,433000,428300,431800,431800,430000,430100,430200,430300,430400,430500,430600,430700,430800,430900,7900,35100,30800,43200,24100,17600,29100,8200,21900,30000,429900,429800,429700,429600,429500,429400,429300,429200,429100,429000,24800,30400,17800,37400,70200,12300,19100,31000,79300,155500,438940,425800,9427910,4026876,0,0,0,0,0,
600036.SH,600036,20251209,142124000,429900,2700,116083,66744,0,,,39923136,1720375820,433000,428300,431800,431800,430000,430100,430200,430300,430400,430500,430600,430700,430800,430900,6700,35200,30800,43200,24100,17600,29100,8200,21900,30000,429900,429800,429700,429600,429500,429400,429300,429200,429100,429000,23400,30600,17800,37400,70600,12300,19100,31000,79300,155500,438940,425800,9426810,4026376,0,0,0,0,0,
600036.SH,600036,20251209,142127000,430000,2500,107499,66747,0,,,39925636,1720483319,433000,428300,431800,431800,430000,430100,430200,430300,430400,430500,430600,430700,430800,430900,4300,35200,30800,43200,24100,17600,29100,8200,21900,30000,429900,429800,429700,429600,429500,429400,429300,429200,429100,429000,21100,30600,17800,37400,70600,12300,19100,31000,79300,155500,438940,425800,9424210,4024376,0,0,0,0,0,
600036.SH,600036,20251209,142130000,429900,300,12898,66749,0,,,39925936,1720496217,433000,428300,431800,431800,430000,430100,430200,430300,430400,430500,430600,430700,430800,430900,4300,35200,30800,43200,24100,17600,29100,8200,21900,30000,429900,429800,429700,429600,429500,429400,429300,429200,429100,429000,21300,31600,18300,37400,70600,12300,19100,31000,79300,155500,438940,425800,9424210,4026976,0,0,0,0,0,
600036.SH,600036,20251209,142133000,430000,12700,546159,66773,0,,,39938636,1721042376,433000,428300,431800,431800,430000,430100,430200,430300,430400,430500,430600,430700,430800,430900,5100,28800,30800,43200,24000,17100,29100,8200,21900,30000,429900,429800,429700,429600,429500,429400,429300,429200,429100,429000,22000,31600,18300,37400,70600,12300,19100,31000,79300,156800,438950,425800,9418010,4028476,0,0,0,0,0,
600036.SH,600036,20251209,142136000,429900,4400,189189,66780,0,,,39943036,1721231565,433000,428300,431800,431800,430000,430100,430200,430300,430400,430500,430600,430700,430800,430900,1900,28800,30800,43300,24000,17100,29100,8200,21900,30000,429900,429800,429700,429600,429500,429400,429300,429200,429100,429000,22600,31600,18300,37400,70600,12600,19100,31000,79300,156000,438950,425800,9417310,4028576,0,0,0,0,0,
600036.SH,600036,20251209,142139000,430100,7700,331120,66792,0,,,39950736,1721562685,433000,428300,431800,431800,430100,430200,430300,430400,430500,430600,430700,430800,430900,431000,25800,30700,40400,24000,17100,29100,8200,21900,30000,51100,429900,429800,429700,429600,429500,429400,429300,429200,429100,429000,21200,31600,18300,37500,70600,12600,19100,31000,79300,156000,438960,425800,9409410,4027376,0,0,0,0,0,
600036.SH,600036,20251209,142142000,430000,9500,408463,66809,0,,,39960236,1721971148,433000,428300,431800,431800,430000,430100,430200,430300,430400,430500,430600,430700,430800,430900,5200,28500,30700,40400,24000,17100,29100,8200,21900,30000,429900,429800,429700,429600,429500,429400,429300,429200,429100,429000,17800,31600,18300,37500,70600,12600,19100,31000,79300,156000,438950,425800,9417310,4025176,0,0,0,0,0,
600036.SH,600036,20251209,142145000,430000,2700,116124,66814,0,,,39962936,1722087272,433000,428300,431800,431800,430100,430200,430300,430400,430500,430600,430700,430800,430900,431000,27200,30800,40300,24100,17100,29100,8100,22900,30000,51200,429900,429800,429700,429600,429500,429400,429300,429200,429100,429000,25800,31600,18300,36500,71100,12600,19100,31000,79300,146000,438950,425800,9410610,4022676,0,0,0,0,0,
600036.SH,600036,20251209,142148000,430100,1800,77409,66817,0,,,39964736,1722164681,433000,428300,431800,431800,430100,430200,430300,430400,430500,430600,430700,430800,430900,431000,25900,30700,40000,23200,17100,28600,8100,22900,30400,52000,430000,429900,429800,429700,429600,429500,429400,429300,429200,429100,1000,26800,30200,18500,36500,71100,12600,19100,31000,79700,438960,425800,9408910,4022676,0,0,0,0,0,
600036.SH,600036,20251209,142151000,430100,6800,292403,66828,0,,,39971536,1722457084,433000,428300,431800,431800,430100,430200,430300,430400,430500,430600,430700,430800,430900,431000,23600,30700,40000,23200,17100,28600,6100,22900,30400,52100,430000,429900,429800,429700,429600,429500,429400,429300,429200,429100,1600,24700,30200,18900,36500,70700,12600,19100,31000,79700,438960,425790,9406010,4018176,0,0,0,0,0,
600036.SH,600036,20251209,142154000,430000,500,21500,66830,0,,,39972036,1722478584,433000,428300,431800,431800,430100,430200,430300,430400,430500,430600,430700,430800,430900,431000,24000,31100,40400,24600,16700,28600,6100,22900,30000,51200,430000,429900,429800,429700,429600,429500,429400,429300,429200,429100,1600,24800,30200,18900,36500,70700,12600,19100,31000,79700,438960,425800,9406910,4019976,0,0,0,0,0,
600036.SH,600036,20251209,142157000,430000,4900,210738,66835,0,,,39976936,1722689322,433000,428300,431800,431800,430100,430200,430300,430400,430500,430600,430700,430800,430900,431000,20500,31100,40500,24400,16700,28600,6100,22900,30000,51200,430000,429900,429800,429700,429600,429500,429400,429300,429200,429100,3300,25400,31100,18500,36500,70900,12600,19100,31000,79300,438960,425800,9403310,4022576,0,0,0,0,0,
600036.SH,600036,20251209,142200000,430000,3700,159100,66845,0,,,39980636,1722848422,433000,428300,431800,431800,430000,430100,430200,430300,430400,430500,430600,430700,430800,430900,21400,24000,31100,40500,24400,16700,28600,6100,22900,30000,429900,429800,429700,429600,429500,429400,429300,429200,429100,429000,25600,34100,18500,36500,70900,12600,19100,31000,79300,147000,438940,425800,9427710,4022976,0,0,0,0,0,
600036.SH,600036,20251209,142203000,430000,1000,43000,66846,0,,,39981636,1722891422,433000,428300,431800,431800,430000,430100,430200,430300,430400,430500,430600,430700,430800,430900,21600,23600,31000,40500,24400,16700,28600,6100,22900,30000,429900,429800,429700,429600,429500,429400,429300,429200,429100,429000,39400,32300,18500,36500,70900,12600,19100,31000,79300,147000,438940,425810,9427410,4034976,0,0,0,0,0,
600036.SH,600036,20251209,142206000,429900,8200,352589,66854,0,,,39989836,1723244011,433000,428300,431800,431800,430000,430100,430200,430300,430400,430500,430600,430700,430800,430900,17300,24000,31100,40400,24400,16700,28600,6100,22900,30000,429900,429800,429700,429600,429500,429400,429300,429200,429100,429000,40100,32300,18500,36500,70900,12600,19100,31000,79300,147000,438940,425810,9424510,4035676,0,0,0,0,0,
600036.SH,600036,20251209,142209000,430000,12700,546095,66862,0,,,40002536,1723790106,433000,428300,431800,431800,430000,430100,430200,430300,430400,430500,430600,430700,430800,430900,36000,24000,31100,40400,24400,17200,28600,6100,22900,30000,429900,429800,429700,429600,429500,429400,429300,429200,429100,429000,39900,32300,18500,38000,70900,12600,19100,31000,79300,147300,438920,425810,9443710,4037476,0,0,0,0,0,
600036.SH,600036,20251209,142212000,430000,39700,1707081,66890,0,,,40042236,1725497187,433000,428300,431800,431800,430000,430100,430200,430300,430400,430500,430600,430700,430800,430900,300,24000,31100,40400,24400,17200,28600,6100,22900,30300,429900,429800,429700,429600,429500,429400,429300,429200,429100,429000,38500,62600,18500,38000,70900,12600,19100,31000,79300,147300,438960,425840,9408310,4066376,0,0,0,0,0,
600036.SH,600036,20251209,142215000,430000,500,21500,66894,0,,,40042736,1725518687,433000,428300,431800,431800,430100,430200,430300,430400,430500,430600,430700,430800,430900,431000,24000,31100,40400,24400,17200,28600,6100,22900,30300,51200,430000,429900,429800,429700,429600,429500,429400,429300,429200,429100,300,38500,62700,18500,38000,70900,12600,19100,31000,79300,438960,425840,9407010,4067176,0,0,0,0,0,
600036.SH,600036,20251209,142218000,430100,2300,98922,66899,0,,,40045036,1725617609,433000,428300,431800,431800,430100,430200,430300,430400,430500,430600,430700,430800,430900,431000,22200,31100,40400,24400,17200,28600,6100,22900,30300,51300,430000,429900,429800,429700,429600,429500,429400,429300,429200,429100,1100,37800,62700,19700,38000,70900,12600,19100,31000,79300,438960,425840,9405310,4068376,0,0,0,0,0,
600036.SH,600036,20251209,142221000,430100,800,34407,66902,0,,,40045836,1725652016,433000,428300,431800,431800,430100,430200,430300,430400,430500,430600,430700,430800,430900,431000,21500,31100,40400,24400,17200,28600,6100,22900,30300,51300,430000,429900,429800,429700,429600,429500,429400,429300,429200,429100,3600,37800,62700,19700,41000,70900,12600,19100,31000,79300,438960,425850,9404610,4075176,0,0,0,0,0,
600036.SH,600036,20251209,142224000,430100,8500,365563,66913,0,,,40054336,1726017579,433000,428300,431800,431800,430100,430200,430300,430400,430500,430600,430700,430800,430900,431000,15200,31100,40400,24400,17200,28600,6100,22900,30300,51300,430000,429900,429800,429700,429600,429500,429400,429300,429200,429100,2600,37800,62700,19700,41000,65900,12600,19100,31000,79300,438970,425840,9398310,4068676,0,0,0,0,0,
600036.SH,600036,20251209,142227000,430000,1000,43000,66917,0,,,40055336,1726060579,433000,428300,431800,431800,430100,430200,430300,430400,430500,430600,430700,430800,430900,431000,15200,32100,40300,24400,17200,28600,6100,22900,30300,51300,430000,429900,429800,429700,429600,429500,429400,429300,429200,429100,5800,37800,62700,19700,41000,65900,12600,19100,31000,79300,438960,425850,9399210,4071876,0,0,0,0,0,
600036.SH,600036,20251209,142230000,430100,11600,498884,66927,0,,,40066936,1726559463,433000,428300,431800,431800,430100,430200,430300,430400,430500,430600,430700,430800,430900,431000,7800,32100,40300,24400,17200,28600,6100,22900,30300,51300,430000,429900,429800,429700,429600,429500,429400,429300,429200,429100,4400,39000,64200,19700,41000,65900,12600,19100,31000,79300,438970,425850,9391510,4072676,0,0,0,0,0,
600036.SH,600036,20251209,142233000,430100,2200,94606,66930,0,,,40069136,1726654069,433000,428300,431800,431800,430100,430200,430300,430400,430500,430600,430700,430800,430900,431000,16300,32100,40300,24400,17200,28600,6100,22900,30300,51300,430000,429900,429800,429700,429600,429500,429400,429300,429200,429100,4100,39100,64600,19700,40000,65900,12600,19100,31000,79300,438960,425850,9400010,4071176,0,0,0,0,0,
600036.SH,600036,20251209,142236000,430100,800,34407,66934,0,,,40069936,1726688476,433000,428300,431800,431800,430100,430200,430300,430400,430500,430600,430700,430800,430900,431000,15800,32100,40200,24400,17200,28600,6100,22900,30300,51300,430000,429900,429800,429700,429600,429500,429400,429300,429200,429100,4100,39100,64600,20600,40000,65300,12600,19100,31000,79300,438960,425850,9399210,4071476,0,0,0,0,0,
600036.SH,600036,20251209,142239000,430100,5200,223650,66943,0,,,40075136,1726912126,433000,428300,431800,431800,430100,430200,430300,430400,430500,430600,430700,430800,430900,431000,11200,32000,10200,24400,16700,28600,6100,22900,30300,51300,430000,429900,429800,429700,429600,429500,429400,429300,429200,429100,3900,38900,64600,20600,40000,65300,12600,19100,31000,79300,439000,425850,9364010,4071976,0,0,0,0,0,
600036.SH,600036,20251209,142242000,430000,1700,73109,66953,0,,,40076836,1726985235,433000,428300,431800,431800,430100,430200,430300,430400,430500,430600,430700,430800,430900,431000,10400,32500,10200,24400,16600,28600,6100,22900,30300,51300,430000,429900,429800,429700,429600,429500,429400,429300,429200,429100,3100,39000,64600,20600,40800,65300,12600,19100,31000,79300,439000,425850,9363610,4072076,0,0,0,0,0,
600036.SH,600036,20251209,142245000,430000,2800,120400,66962,0,,,40079636,1727105635,433000,428300,431800,431800,430100,430200,430300,430400,430500,430600,430700,430800,430900,431000,10700,32700,10200,25000,16300,28600,6100,22900,30300,51300,430000,429900,429800,429700,429600,429500,429400,429300,429200,429100,2700,39000,64600,20600,41300,65000,12600,19100,31000,79300,439000,425850,9364410,4069776,0,0,0,0,0,
600036.SH,600036,20251209,142248000,430000,3200,137606,66975,0,,,40082836,1727243241,433000,428300,431800,431800,430100,430200,430300,430400,430500,430600,430700,430800,430900,431000,10300,32700,10200,25000,16300,28600,6100,22900,30300,51300,430000,429900,429800,429700,429600,429500,429400,429300,429200,429100,1800,39000,64600,20600,41300,65100,12600,19100,31000,79300,439000,425840,9363110,4069276,0,0,0,0,0,
600036.SH,600036,20251209,142251000,430000,3400,146215,66983,0,,,40086236,1727389456,433000,428300,431800,431800,430000,430100,430200,430300,430400,430500,430600,430700,430800,430900,18100,10800,32700,10200,25000,16000,28600,6100,22900,30300,429900,429800,429700,429600,429500,429400,429300,429200,429100,429000,39000,64600,20600,41500,65100,12600,19100,31000,79300,146500,438980,425840,9381410,4067476,0,0,0,0,0,
600036.SH,600036,20251209,142254000,430000,2100,90300,66987,0,,,40088336,1727479756,433000,428300,431800,431800,430000,430100,430200,430300,430400,430500,430600,430700,430800,430900,16900,10800,33100,10200,24600,15900,28600,6100,22900,30300,429900,429800,429700,429600,429500,429400,429300,429200,429100,429000,38300,64400,20600,41900,65100,12600,19100,31000,79300,146500,438980,425840,9380010,4067776,0,0,0,0,0,
600036.SH,600036,20251209,142257000,430000,3600,154797,66998,0,,,40091936,1727634553,433000,428300,431800,431800,430000,430100,430200,430300,430400,430500,430600,430700,430800,430900,13700,10700,33500,10200,24200,15900,28600,6100,22900,30300,429900,429800,429700,429600,429500,429400,429300,429200,429100,429000,38400,64700,20600,41900,65100,12600,19100,31000,79300,144500,438990,425840,9376610,4066176,0,0,0,0,0,
600036.SH,600036,20251209,142300000,430000,19100,821351,67017,0,,,40111036,1728455904,433000,428300,431800,431800,430100,430200,430300,430400,430500,430600,430700,430800,430900,431000,5600,33500,10200,24200,15900,28600,6100,22900,30300,50200,430000,429900,429800,429700,429600,429500,429400,429300,429200,429100,200,35100,64700,20600,41900,65100,12600,19100,31000,79300,439000,425840,9358310,4063076,0,0,0,0,0,
600036.SH,600036,20251209,142303000,430000,1000,43000,67019,0,,,40112036,1728498904,433000,428300,431800,431800,430100,430200,430300,430400,430500,430600,430700,430800,430900,431000,5200,33500,10300,24200,15900,28600,6100,22900,30300,50300,430000,429900,429800,429700,429600,429500,429400,429300,429200,429100,7200,31800,65100,19800,41000,65200,12600,19100,31000,79300,439000,425840,9358010,4065576,0,0,0,0,0,
600036.SH,600036,20251209,142306000,430200,33300,1432496,67040,0,,,40145336,1729931400,433000,428300,431800,431800,430200,430300,430400,430500,430600,430700,430800,430900,431000,431100,6500,10300,24200,15800,28600,6100,22900,30300,50400,3800,430100,430000,429900,429800,429700,429600,429500,429400,429300,429200,800,24000,29300,65100,19800,41000,70200,12600,19100,31000,439030,425860,9325210,4085476,0,0,0,0,0,
600036.SH,600036,20251209,142309000,430300,9700,417302,67075,0,,,40155036,1730348702,433000,428300,431800,431800,430300,430400,430500,430600,430700,430800,430900,431000,431100,431200,1100,4900,15800,28600,6100,22900,30300,50400,3800,2400,430100,430000,429900,429800,429700,429600,429500,429400,429300,429200,13100,40800,30900,65600,18800,39100,70300,12200,19100,31000,439070,425890,9290110,4113376,0,0,0,0,0,
600036.SH,600036,20251209,142312000,430200,9000,387316,67108,0,,,40164036,1730736018,433000,428300,431800,431800,430200,430400,430500,430600,430700,430800,430900,431000,431100,431200,300,2600,23900,29000,6100,22900,30800,50400,3800,2400,430100,430000,429900,429800,429700,429600,429500,429400,429300,429200,24500,40800,30300,65500,19000,38100,70300,12200,19100,31000,439060,425900,9296210,4123276,0,0,0,0,0,
600036.SH,600036,20251209,142315000,430100,3400,146238,67113,0,,,40167436,1730882256,433000,428300,431800,431800,430400,430500,430600,430700,430800,430900,431000,431100,431200,431300,9600,24000,29100,5700,22900,30800,50300,3800,2400,9100,430100,430000,429900,429800,429700,429600,429500,429400,429300,429200,14600,42800,30100,65500,19000,38100,70800,12200,19100,31000,439060,425890,9303110,4115676,0,0,0,0,0,
600036.SH,600036,20251209,142318000,430200,2000,86054,67119,0,,,40169436,1730968310,433000,428300,431800,431800,430300,430400,430500,430600,430700,430800,430900,431000,431100,431200,3200,40100,24200,28700,5700,22900,30800,50300,3800,2400,430200,430100,430000,429900,429800,429700,429600,429500,429400,429300,1000,16300,44900,30500,64000,18100,38000,70800,12200,19100,439020,425900,9337010,4116176,0,0,0,0,0,
600036.SH,600036,20251209,142321000,430200,1500,64529,67124,0,,,40170936,1731032839,433000,428300,431800,431800,430200,430300,430400,430500,430600,430700,430800,430900,431000,431100,2100,13500,39700,24700,28700,5700,22900,30800,50300,3800,430100,430000,429900,429800,429700,429600,429500,429400,429300,429200,16100,45800,30500,64000,18100,38000,70800,12200,19100,31000,439010,425900,9349110,4116776,0,0,0,0,0,
600036.SH,600036,20251209,142324000,430200,400,17208,67125,0,,,40171336,1731050047,433000,428300,431800,431800,430200,430300,430400,430500,430600,430700,430800,430900,431000,431100,2700,10100,34400,25200,28700,5700,22900,30300,50300,3800,430100,430000,429900,429800,429700,429600,429500,429400,429300,429200,16600,50800,30100,64300,18100,38000,70800,12200,19100,31000,439020,425900,9345010,4121876,0,0,0,0,0,
600036.SH,600036,20251209,142327000,430100,300,12905,67127,0,,,40171636,1731062952,433000,428300,431800,431800,430200,430300,430400,430500,430600,430700,430800,430900,431000,431100,3900,10900,34400,24900,28700,5700,22900,30300,50300,3800,430100,430000,429900,429800,429700,429600,429500,429400,429300,429200,19100,50900,30400,64800,18100,37500,70800,12200,19100,31000,439020,425910,9346710,4126876,0,0,0,0,0,
600036.SH,600036,20251209,142330000,430200,4500,193554,67134,0,,,40176136,1731256506,433000,428300,431800,431800,430200,430300,430400,430500,430600,430700,430800,430900,431000,431100,3100,12200,34400,24900,28700,5700,22900,30300,50300,3800,430100,430000,429900,429800,429700,429600,429500,429400,429300,429200,16200,50900,30400,64800,18100,37500,70800,12200,19100,31000,439020,425900,9346410,4123876,0,0,0,0,0,
600036.SH,600036,20251209,142333000,430000,16900,726863,67163,0,,,40193036,1731983369,433000,428300,431800,431800,430100,430200,430300,430400,430500,430600,430700,430800,430900,431000,9000,2900,12400,34900,24700,28600,6200,22900,30300,49900,430000,429900,429800,429700,429600,429500,429400,429300,429200,429100,50800,31800,64800,18100,37500,70700,12200,19100,31000,79200,439010,425890,9355810,4108976,0,0,0,0,0,
600036.SH,600036,20251209,142336000,430100,2000,86016,67169,0,,,40195036,1732069385,433000,428300,431800,431800,430100,430200,430300,430400,430500,430600,430700,430800,430900,431000,36500,9500,12400,35000,24600,28600,6200,22900,30300,49900,430000,429900,429800,429700,429600,429500,429400,429300,429200,429100,49900,30200,65200,19600,37500,70700,12200,19100,31000,79200,438970,425890,9389310,4106076,0,0,0,0,0,
600036.SH,600036,20251209,142339000,430100,15900,683857,67176,0,,,40210936,1732753242,433000,428300,431800,431800,430100,430200,430300,430400,430500,430600,430700,430800,430900,431000,500,13900,12400,35000,24600,28600,6200,22900,30300,49900,430000,429900,429800,429700,429600,429500,429400,429300,429200,429100,49900,30000,65200,19600,38000,70700,12300,19100,31000,79200,439000,425890,9357510,4105276,0,0,0,0,0,
600036.SH,600036,20251209,142342000,430200,1400,60223,67181,0,,,40212336,1732813465,433000,428300,431800,431800,430100,430200,430300,430400,430500,430600,430700,430800,430900,431000,1200,8800,12200,34200,24200,28600,6200,22900,30300,49900,430000,429900,429800,429700,429600,429500,429400,429300,429200,429100,52500,29500,64000,20000,38000,70700,12700,19900,31000,79200,439010,425890,9351710,4107776,0,0,0,0,0,
600036.SH,600036,20251209,142345000,430000,53600,2304810,67219,0,,,40265936,1735118275,433000,428300,431800,431800,430100,430200,430300,430400,430500,430600,430700,430800,430900,431000,200,9700,12200,34200,24200,28600,6200,22900,30300,49900,430000,429900,429800,429700,429600,429500,429400,429300,429200,429100,3900,29700,63900,21200,38000,70700,12300,19100,31000,79200,439010,425840,9351610,4060076,0,0,0,0,0,
600036.SH,600036,20251209,142348000,430000,7900,339729,67228,0,,,40273836,1735458004,433000,428300,431800,431800,430100,430200,430300,430400,430500,430600,430700,430800,430900,431000,2400,8800,12200,34200,24200,28600,6200,22900,30300,49900,430000,429900,429800,429700,429600,429500,429400,429300,429200,429100,1300,29700,63400,21200,38000,70700,12300,19100,31000,79200,439010,425840,9352910,4056776,0,0,0,0,0,
600036.SH,600036,20251209,142351000,430100,7400,318274,67242,0,,,40281236,1735776278,433000,428300,431800,431800,430100,430200,430300,430400,430500,430600,430700,430800,430900,431000,2700,9400,6200,34200,24200,28600,6200,22900,30300,49900,430000,429900,429800,429700,429600,429500,429400,429300,429200,429100,3000,29700,63300,21200,38000,70700,12300,19100,31000,79200,439010,425840,9348410,4058376,0,0,0,0,0,
600036.SH,600036,20251209,142354000,430000,1800,77404,67246,0,,,40283036,1735853682,433000,428300,431800,431800,430100,430200,430300,430400,430500,430600,430700,430800,430900,431000,2300,9400,6200,34200,23700,28600,6200,22900,30300,49900,430000,429900,429800,429700,429600,429500,429400,429300,429200,429100,2200,28200,63300,21200,38000,70700,12300,19100,31000,79200,439010,425840,9346210,4056076,0,0,0,0,0,
600036.SH,600036,20251209,142357000,430000,900,38700,67251,0,,,40283936,1735892382,433000,428300,431800,431800,430100,430200,430300,430400,430500,430600,430700,430800,430900,431000,2900,9400,6800,34200,23700,28600,6200,22900,30300,49900,430000,429900,429800,429700,429600,429500,429400,429300,429200,429100,2800,28900,63300,20200,38000,70700,12300,19100,31000,79200,439010,425840,9347410,4056776,0,0,0,0,0,
600036.SH,600036,20251209,142400000,430000,2200,94616,67255,0,,,40286136,1735986998,433000,428300,431800,431800,430100,430200,430300,430400,430500,430600,430700,430800,430900,431000,1400,9400,11700,34200,23700,28600,6200,22900,30300,49900,430000,429900,429800,429700,429600,429500,429400,429300,429200,429100,6500,28900,65300,20200,38000,70700,12300,19100,31000,79200,439010,425840,9350810,4062576,0,0,0,0,0,
600036.SH,600036,20251209,142403000,430000,800,34403,67261,0,,,40286936,1736021401,433000,428300,431800,431800,430100,430200,430300,430400,430500,430600,430700,430800,430900,431000,1100,9400,11700,34200,24200,28600,6200,22900,30300,49900,430000,429900,429800,429700,429600,429500,429400,429300,429200,429100,7800,29000,65300,20200,38000,70700,12300,19100,31000,79200,439010,425850,9351010,4064476,0,0,0,0,0,
600036.SH,600036,20251209,142406000,430200,3100,133339,67274,0,,,40290036,1736154740,433000,428300,431800,431800,430200,430300,430400,430500,430600,430700,430800,430900,431000,431100,10100,11700,34200,24200,28600,6200,22900,30300,49900,4400,430100,430000,429900,429800,429700,429600,429500,429400,429300,429200,7800,10200,28200,66700,19800,37500,70700,12300,19100,31000,439010,425860,9350610,4074376,0,0,0,0,0,
600036.SH,600036,20251209,142409000,430100,8600,369966,67289,0,,,40298636,1736524706,433000,428300,431800,431800,430200,430300,430400,430500,430600,430700,430800,430900,431000,431100,600,13500,34200,24200,28600,6200,22900,30300,49900,4400,430100,430000,429900,429800,429700,429600,429500,429400,429300,429200,8500,11300,28200,68600,19800,37500,70700,12300,19100,31000,439020,425860,9342910,4078176,0,0,0,0,0,
600036.SH,600036,20251209,142412000,430100,11800,507598,67310,0,,,40310436,1737032304,433000,428300,431800,431800,430200,430300,430400,430500,430600,430700,430800,430900,431000,431100,7700,11300,34200,23300,28600,6200,22900,30300,50900,4400,430100,430000,429900,429800,429700,429600,429500,429400,429300,429200,3100,11400,28200,68600,19800,37500,70700,12300,19100,31000,439010,425850,9347910,4072876,0,0,0,0,0,
600036.SH,600036,20251209,142415000,430100,2200,94627,67320,0,,,40312636,1737126931,433000,428300,431800,431800,430200,430300,430400,430500,430600,430700,430800,430900,431000,431100,11000,9500,34100,23400,28600,6200,22900,30300,50900,4400,430100,430000,429900,429800,429700,429600,429500,429400,429300,429200,2000,11400,28700,68600,19800,37500,70700,12300,19100,31000,439010,425860,9349410,4069276,0,0,0,0,0,
600036.SH,600036,20251209,142418000,430200,5500,236606,67329,0,,,40318136,1737363537,433000,428300,431800,431800,430200,430300,430400,430500,430600,430700,430800,430900,431000,431100,7200,9500,34200,24200,28600,6200,22900,30300,49900,4400,430100,430000,429900,429800,429700,429600,429500,429400,429300,429200,1800,11500,28700,68600,19800,37500,70700,12300,19100,31000,439020,425860,9345510,4069076,0,0,0,0,0,
600036.SH,600036,20251209,142421000,430300,9600,413021,67347,0,,,40327736,1737776558,433000,428300,431800,431800,430200,430300,430400,430500,430600,430700,430800,430900,431000,431100,1400,6300,34200,24200,28600,6200,22900,30300,49900,4400,430100,430000,429900,429800,429700,429600,429500,429400,429300,429200,2200,11600,28800,68700,19800,37500,70700,12300,19100,31000,439020,425870,9336510,4088276,0,0,0,0,0,
600036.SH,600036,20251209,142424000,430200,1200,51624,67350,0,,,40328936,1737828182,433000,428300,431800,431800,430200,430300,430400,430500,430600,430700,430800,430900,431000,431100,800,6600,34100,24300,28600,6200,22900,30300,49900,4400,430100,430000,429900,429800,429700,429600,429500,429400,429300,429200,2200,12100,28800,68700,19800,37500,70700,12300,19100,31000,439020,425870,9336210,4088876,0,0,0,0,0,
600036.SH,600036,20251209,142427000,430200,1100,47321,67355,0,,,40330036,1737875503,433000,428300,431800,431800,430300,430400,430500,430600,430700,430800,430900,431000,431100,431200,1800,34100,24300,28600,6200,22900,30300,49900,4400,1900,430100,430000,429900,429800,429700,429600,429500,429400,429300,429200,2100,12600,28800,68700,19800,37500,70700,12300,19100,31000,439030,425910,9330710,4084476,0,0,0,0,0,
600036.SH,600036,20251209,142430000,430200,1900,81756,67360,0,,,40331936,1737957259,433000,428300,431800,431800,430300,430400,430500,430600,430700,430800,430900,431000,431100,431200,600,34100,23400,28600,6200,22900,30700,50400,4400,1900,430100,430000,429900,429800,429700,429600,429500,429400,429300,429200,3700,12600,28800,68700,19800,37500,70700,12300,19100,31000,439030,425920,9324010,4088076,0,0,0,0,0,
600036.SH,600036,20251209,142433000,430200,3200,137664,67364,0,,,40335136,1738094923,433000,428300,431800,431800,430200,430300,430400,430500,430600,430700,430800,430900,431000,431100,2800,3100,34100,23400,28600,6200,22900,30700,50400,4400,430100,430000,429900,429800,429700,429600,429500,429400,429300,429200,4700,13000,29800,68200,18000,37500,70700,12300,19100,31000,439030,425920,9329310,4088276,0,0,0,0,0,
600036.SH,600036,20251209,142436000,430200,5800,249495,67375,0,,,40340936,1738344418,433000,428300,431800,431800,430200,430300,430400,430500,430600,430700,430800,430900,431000,431100,700,3000,34100,24800,28600,6200,22900,30300,49900,4400,430100,430000,429900,429800,429700,429600,429500,429400,429300,429200,2800,14500,30200,68000,17600,37500,70200,12300,19100,31000,439030,425920,9326610,4087176,0,0,0,0,0,
600036.SH,600036,20251209,142439000,430200,1000,43011,67379,0,,,40341936,1738387429,433000,428300,431800,431800,430200,430300,430400,430500,430600,430700,430800,430900,431000,431100,1000,3000,34100,24800,28600,6200,22900,30300,49900,4400,430100,430000,429900,429800,429700,429600,429500,429400,429300,429200,2100,14500,30200,68100,17600,37500,70200,12300,19100,31000,439030,425920,9326710,4086576,0,0,0,0,0,
600036.SH,600036,20251209,142442000,430200,1700,73130,67387,0,,,40343636,1738460559,433000,428300,431800,431800,430200,430300,430400,430500,430600,430700,430800,430900,431000,431100,4000,3400,34100,24800,28600,6200,22900,30300,49900,4400,430100,430000,429900,429800,429700,429600,429500,429400,429300,429200,3100,14500,30200,68100,17600,37500,71200,12300,19100,31000,439030,425920,9330110,4090576,0,0,0,0,0,
600036.SH,600036,20251209,142445000,430200,1000,43020,67393,0,,,40344636,1738503579,433000,428300,431800,431800,430200,430300,430400,430500,430600,430700,430800,430900,431000,431100,8500,4600,34100,24800,28600,6200,22900,30300,49900,4400,430100,430000,429900,429800,429700,429600,429500,429400,429300,429200,4000,14400,30200,68700,17600,37500,71200,12300,19100,31000,439020,425920,9335810,4092076,0,0,0,0,0,
600036.SH,600036,20251209,142448000,430100,4000,172066,67409,0,,,40348636,1738675645,433000,428300,431800,431800,430200,430300,430400,430500,430600,430700,430800,430900,431000,431100,6800,5100,34200,25200,28600,6200,22900,30300,49900,4400,430100,430000,429900,429800,429700,429600,429500,429400,429300,429200,4600,15500,31200,69000,17600,37500,71200,12300,19100,31000,439020,425920,9335110,4095176,0,0,0,0,0,
600036.SH,600036,20251209,142451000,430200,2100,90342,67414,0,,,40350736,1738765987,433000,428300,431800,431800,430200,430300,430400,430500,430600,430700,430800,430900,431000,431100,5500,5100,34200,25200,28500,6200,22900,30300,49900,4400,430100,430000,429900,429800,429700,429600,429500,429400,429300,429200,4700,16300,31200,69000,17600,37500,71200,12300,19100,31000,439020,425920,9332910,4096076,0,0,0,0,0,
600036.SH,600036,20251209,142454000,430200,2000,86040,67415,0,,,40352736,1738852027,433000,428300,431800,431800,430200,430300,430400,430500,430600,430700,430800,430900,431000,431100,4000,5400,38200,25200,28500,6200,22900,30300,49900,4400,430100,430000,429900,429800,429700,429600,429500,429400,429300,429200,5300,16400,30700,69000,17600,37500,71200,12300,19100,31000,439020,425930,9335710,4096276,0,0,0,0,0,
600036.SH,600036,20251209,142457000,430200,4400,189262,67430,0,,,40357136,1739041289,433000,428300,431800,431800,430200,430300,430400,430500,430600,430700,430800,430900,431000,431100,4700,5400,38200,25200,28500,6200,22900,30300,49900,4400,430100,430000,429900,429800,429700,429600,429500,429400,429300,429200,4100,17500,30800,68700,17600,37500,71200,12300,19400,31000,439020,425920,9336210,4095676,0,0,0,0,0,
600036.SH,600036,20251209,142500000,430000,52600,2261877,67499,0,,,40409736,1741303166,433000,428300,431800,431800,430200,430300,430400,430500,430600,430700,430800,430900,431000,431100,10100,4300,38200,25200,28500,6200,22900,30300,49900,4400,430000,429900,429800,429700,429600,429500,429400,429300,429200,429100,1300,31400,68700,17600,37500,71200,12300,19400,31000,80200,439020,425900,9341310,4076076,0,0,0,0,0,
600036.SH,600036,20251209,142503000,430200,5300,227979,67514,0,,,40415036,1741531145,433000,428300,431800,431800,430200,430300,430400,430500,430600,430700,430800,430900,431000,431100,9200,3900,34300,25100,28500,6200,22900,30300,49900,4400,430100,430000,429900,429800,429700,429600,429500,429400,429300,429200,100,6600,31400,68700,17600,37500,70100,12300,19400,31000,439020,425910,9336010,4080376,0,0,0,0,0,
600036.SH,600036,20251209,142506000,430100,700,30105,67518,0,,,40415736,1741561250,433000,428300,431800,431800,430200,430300,430400,430500,430600,430700,430800,430900,431000,431100,9200,3900,34200,25200,28500,6200,22900,30300,49900,4400,430100,430000,429900,429800,429700,429600,429500,429400,429300,429200,300,8200,31400,69200,17600,37500,70100,12300,19400,31000,439020,425910,9336110,4082676,0,0,0,0,0,
600036.SH,600036,20251209,142509000,430100,3400,146261,67527,0,,,40419136,1741707511,433000,428300,431800,431800,430200,430300,430400,430500,430600,430700,430800,430900,431000,431100,6600,33900,34200,25200,28500,6200,22900,30300,49900,4400,430100,430000,429900,429800,429700,429600,429500,429400,429300,429200,3500,10300,30500,69000,17600,37500,70500,12800,20200,31000,439000,425920,9363510,4089076,0,0,0,0,0,
600036.SH,600036,20251209,142512000,430200,6400,275326,67536,0,,,40425536,1741982837,433000,428300,431800,431800,430200,430300,430400,430500,430600,430700,430800,430900,431000,431100,5700,34100,34300,25100,28500,6200,22900,30300,49900,4400,430100,430000,429900,429800,429700,429600,429500,429400,429300,429200,3300,12300,30500,69000,17600,37500,70500,12800,20200,30900,439000,425920,9362810,4091076,0,0,0,0,0,
600036.SH,600036,20251209,142515000,430100,3400,146235,67539,0,,,40428936,1742129072,433000,428300,431800,431800,430100,430200,430300,430400,430500,430600,430700,430800,430900,431000,21700,6200,34900,34300,25100,28500,6200,22900,30300,49900,430000,429900,429800,429700,429600,429500,429400,429300,429200,429100,12400,30900,70300,17600,37500,70100,12300,19400,30900,80700,438970,425920,9380810,4087776,0,0,0,0,0,
600036.SH,600036,20251209,142518000,430100,3500,150522,67548,0,,,40432436,1742279594,433000,428300,431800,431800,430100,430200,430300,430400,430500,430600,430700,430800,430900,431000,20400,1400,35000,34200,25100,28500,6200,23100,30300,49900,430000,429900,429800,429700,429600,429500,429400,429300,429200,429100,21000,30900,70300,17600,37500,70100,12300,19400,30900,80700,438980,425930,9374910,4096376,0,0,0,0,0,
600036.SH,600036,20251209,142521000,430000,17800,765576,67562,0,,,40450236,1743045170,433000,428300,431800,431800,430100,430200,430300,430400,430500,430600,430700,430800,430900,431000,2900,1400,35400,34500,24700,28500,6200,23100,30300,49900,430000,429900,429800,429700,429600,429500,429400,429300,429200,429100,21300,30900,70300,17600,37600,58100,12300,19400,30900,80700,439000,425920,9357710,4084976,0,0,0,0,0,
600036.SH,600036,20251209,142524000,430000,800,34406,67565,0,,,40451036,1743079576,433000,428300,431800,431800,430100,430200,430300,430400,430500,430600,430700,430800,430900,431000,2300,1700,35400,34500,24700,28500,6200,23100,30300,49900,430000,429900,429800,429700,429600,429500,429400,429300,429200,429100,22200,30800,70400,17600,37600,58100,12300,19400,30900,80700,439000,425920,9356410,4085776,0,0,0,0,0,
600036.SH,600036,20251209,142527000,430100,5400,232254,67590,0,,,40456436,1743311830,433000,428300,431800,431800,430200,430300,430400,430500,430600,430700,430800,430900,431000,431100,1300,35400,34500,24700,28500,6200,23100,33300,49900,4400,430100,430000,429900,429800,429700,429600,429500,429400,429300,429200,2100,20500,31100,70400,17600,37600,58100,12300,19400,30900,439000,425920,9355910,4084476,0,0,0,0,0,
600036.SH,600036,20251209,142530000,430100,0,0,67590,0,,,40456436,1743311830,433000,428300,431800,431800,430200,430300,430400,430500,430600,430700,430800,430900,431000,431100,1900,35500,9500,24700,28500,6200,23100,33300,49900,4400,430100,430000,429900,429800,429700,429600,429500,429400,429300,429200,3600,33900,30000,69600,17600,37600,58100,12300,19400,29700,439020,425930,9331610,4095976,0,0,0,0,0,
600036.SH,600036,20251209,142533000,430100,1400,60219,67595,0,,,40457836,1743372049,433000,428300,431800,431800,430200,430300,430400,430500,430600,430700,430800,430900,431000,431100,700,37300,9500,24700,28500,6200,23100,33300,49900,4400,430100,430000,429900,429800,429700,429600,429500,429400,429300,429200,4500,36900,29700,69600,17600,37700,58100,12300,19400,29700,439020,425930,9332210,4098776,0,0,0,0,0,
600036.SH,600036,20251209,142536000,430200,1100,47322,67602,0,,,40458936,1743419371,433000,428300,431800,431800,430300,430400,430500,430600,430700,430800,430900,431000,431100,431200,37300,9500,24800,28500,6200,23100,33300,49900,4400,1700,430200,430100,430000,429900,429800,429700,429600,429500,429400,429300,400,6600,38400,29700,69600,17600,37700,58100,12300,19400,439020,425940,9331610,4105076,0,0,0,0,0,
600036.SH,600036,20251209,142539000,430300,2400,103236,67613,0,,,40461336,1743522607,433000,428300,431800,431800,430300,430400,430500,430600,430700,430800,430900,431000,431100,431200,36300,9500,24800,28500,6200,23100,33300,49900,4400,1700,430200,430100,430000,429900,429800,429700,429600,429500,429400,429300,2400,6300,37300,29100,70800,17600,37700,59100,12300,19400,439020,425940,9330610,4106476,0,0,0,0,0,
600036.SH,600036,20251209,142542000,430200,36100,1553364,67630,0,,,40497436,1745075971,433000,428300,431800,431800,430300,430400,430500,430600,430700,430800,430900,431000,431100,431200,2100,3000,24800,28500,6200,23100,33300,49900,4400,1700,430200,430100,430000,429900,429800,429700,429600,429500,429400,429300,5100,6300,37900,29500,70300,17200,37700,59000,12300,19400,439060,425940,9289910,4109176,0,0,0,0,0,
600036.SH,600036,20251209,142545000,430300,200,8606,67632,0,,,40497636,1745084577,433000,428300,431800,431800,430300,430400,430500,430600,430700,430800,430900,431000,431100,431200,1100,3000,24800,28400,6200,23100,33300,49900,4400,1700,430200,430100,430000,429900,429800,429700,429600,429500,429400,429300,6600,5400,39700,30900,68100,16300,37700,59200,12300,19400,439060,425940,9288810,4110276,0,0,0,0,0,
600036.SH,600036,20251209,142548000,430400,2800,120489,67644,0,,,40500436,1745205066,433000,428300,431800,431800,430300,430400,430500,430600,430700,430800,430900,431000,431100,431200,2100,2500,24800,28700,6200,23100,33300,49900,4400,1700,430200,430100,430000,429900,429800,429700,429600,429500,429400,429300,6900,5400,39700,30900,68100,16300,37700,59200,12300,19400,439060,425940,9289410,4110776,0,0,0,0,0,
600036.SH,600036,20251209,142551000,430400,0,0,67644,0,,,40500436,1745205066,433000,428300,431800,431800,430300,430400,430500,430600,430700,430800,430900,431000,431100,431200,4200,2500,24800,28700,6200,23100,33300,49900,4400,1700,430200,430100,430000,429900,429800,429700,429600,429500,429400,429300,11200,5400,40200,31300,68100,17500,37700,59200,12300,19400,439060,425950,9291510,4117176,0,0,0,0,0,
600036.SH,600036,20251209,142554000,430300,300,12909,67645,0,,,40500736,1745217975,433000,428300,431800,431800,430300,430400,430500,430600,430700,430800,430900,431000,431100,431200,3900,2500,26700,28700,6200,23100,33300,49900,4400,1700,430200,430100,430000,429900,429800,429700,429600,429500,429400,429300,11300,5400,40300,31300,67800,17500,37700,59200,12300,19400,439050,425950,9293410,4116976,0,0,0,0,0,
600036.SH,600036,20251209,142557000,430300,600,25817,67649,0,,,40501336,1745243792,433000,428300,431800,431800,430300,430400,430500,430600,430700,430800,430900,431000,431100,431200,3400,2500,26600,28700,6200,23100,33300,49900,4400,1700,430200,430100,430000,429900,429800,429700,429600,429500,429400,429300,11300,5400,40100,31800,67800,17800,37700,59200,12300,19400,439060,425950,9292810,4112676,0,0,0,0,0,
600036.SH,600036,20251209,142600000,430200,12700,546357,67673,0,,,40514036,1745790149,433000,428300,431800,431800,430200,430300,430400,430500,430600,430700,430800,430900,431000,431100,1600,25600,2000,25800,28700,6200,23500,33700,50300,4400,430100,430000,429900,429800,429700,429600,429500,429400,429300,429200,7400,40100,31800,67800,17800,37700,59200,12300,19400,29900,439030,425940,9314810,4099576,0,0,0,0,0,
600036.SH,600036,20251209,142603000,430100,9000,387199,67690,0,,,40523036,1746177348,433000,428300,431800,431800,430200,430300,430400,430500,430600,430700,430800,430900,431000,431100,12400,8800,2000,25800,28600,6200,23500,33700,50300,4400,430100,430000,429900,429800,429700,429600,429500,429400,429300,429200,6100,40900,32100,67800,17800,37700,59200,12300,19400,29900,439040,425940,9308610,4099176,0,0,0,0,0,
600036.SH,600036,20251209,142606000,430000,7100,305369,67705,0,,,40530136,1746482717,433000,428300,431800,431800,430200,430300,430400,430500,430600,430700,430800,430900,431000,431100,13900,8800,2400,27100,28600,6200,23100,33300,49900,4400,430000,429900,429800,429700,429600,429500,429400,429300,429200,429100,41400,32600,67800,17800,37700,59200,12300,19400,29900,80100,439040,425930,9310510,4094076,0,0,0,0,0,
600036.SH,600036,20251209,142609000,430000,20600,885843,67731,0,,,40550736,1747368560,433000,428300,431800,431800,430100,430200,430300,430400,430500,430600,430700,430800,430900,431000,300,17000,8800,2400,27100,28600,6200,23100,33300,49900,430000,429900,429800,429700,429600,429500,429400,429300,429200,429100,24600,32600,67800,19300,37700,58600,12300,19400,29900,80100,439030,425920,9313810,4077776,0,0,0,0,0,
600036.SH,600036,20251209,142612000,430100,10000,430058,67745,0,,,40560736,1747798618,433000,428300,431800,431800,430100,430200,430300,430400,430500,430600,430700,430800,430900,431000,4800,18500,8800,2400,27000,28600,6200,23100,33300,49900,430000,429900,429800,429700,429600,429500,429400,429300,429200,429100,25100,32300,67800,20100,37700,58600,12300,19400,29900,80100,439030,425910,9319710,4068276,0,0,0,0,0,
600036.SH,600036,20251209,142615000,430000,3200,137603,67751,0,,,40563936,1747936221,433000,428300,431800,431800,430100,430200,430300,430400,430500,430600,430700,430800,430900,431000,21100,3300,9700,2400,26100,28600,6200,23100,33300,49800,430000,429900,429800,429700,429600,429500,429400,429300,429200,429100,23300,32300,67800,20100,37700,58600,12300,19400,29900,80100,439030,425910,9320810,4064476,0,0,0,0,0,
600036.SH,600036,20251209,142618000,430000,2000,86017,67755,0,,,40565936,1748022238,433000,428300,431800,431800,430100,430200,430300,430400,430500,430600,430700,430800,430900,431000,19700,3300,9700,7200,26200,28600,6200,23100,33300,49800,430000,429900,429800,429700,429600,429500,429400,429300,429200,429100,24400,31900,68300,20500,37700,58600,12300,19400,29900,80100,439020,425910,9324310,4066576,0,0,0,0,0,
600036.SH,600036,20251209,142621000,430100,15400,662347,67772,0,,,40581336,1748684585,433000,428300,431800,431800,430100,430200,430300,430400,430500,430600,430700,430800,430900,431000,7400,1700,9600,7300,26200,28600,6200,23100,33300,49800,430000,429900,429800,429700,429600,429500,429400,429300,429200,429100,23800,31900,69000,20500,37700,58600,12300,19400,29900,80100,439040,425910,9310410,4066676,0,0,0,0,0,
600036.SH,600036,20251209,142624000,430000,4700,202123,67777,0,,,40586036,1748886708,433000,428300,431800,431800,430100,430200,430300,430400,430500,430600,430700,430800,430900,431000,3200,2200,9100,7300,26200,28600,6200,23100,33300,49800,430000,429900,429800,429700,429600,429500,429400,429300,429200,429100,21500,31900,69200,20500,37700,58600,12300,19400,29900,80100,439040,425910,9301010,4063676,0,0,0,0,0,
600036.SH,600036,20251209,142627000,430100,600,25805,67781,0,,,40586636,1748912513,433000,428300,431800,431800,430100,430200,430300,430400,430500,430600,430700,430800,430900,431000,4100,2300,9100,7100,26200,28600,6200,23100,33300,49800,430000,429900,429800,429700,429600,429500,429400,429300,429200,429100,22600,31900,69200,20500,37700,58600,14300,19400,29900,80100,439050,425910,9296810,4066476,0,0,0,0,0,
600036.SH,600036,20251209,142630000,430100,5200,223608,67794,0,,,40591836,1749136121,433000,428300,431800,431800,430100,430200,430300,430400,430500,430600,430700,430800,430900,431000,6600,2400,9100,7300,26200,28600,6200,23100,33300,49800,430000,429900,429800,429700,429600,429500,429400,429300,429200,429100,18200,31900,69200,20500,37700,58600,14300,19400,29900,80100,439040,425910,9299610,4061976,0,0,0,0,0,
600036.SH,600036,20251209,142633000,430100,1400,60213,67797,0,,,40593236,1749196334,433000,428300,431800,431800,430100,430200,430300,430400,430500,430600,430700,430800,430900,431000,6800,2700,9100,7300,26200,28600,6200,23100,33300,49900,430000,429900,429800,429700,429600,429500,429400,429300,429200,429100,20400,31900,69200,20500,37700,58600,14300,19400,29800,80100,439040,425910,9300210,4064576,0,0,0,0,0,
600036.SH,600036,20251209,142636000,430000,1700,73101,67801,0,,,40594936,1749269435,433000,428300,431800,431800,430100,430200,430300,430400,430500,430600,430700,430800,430900,431000,9300,2400,9100,7300,26200,28600,6200,23100,33300,49900,430000,429900,429800,429700,429600,429500,429400,429300,429200,429100,20100,32900,70100,20500,37700,58600,14300,19400,29800,80100,439040,425910,9300510,4066776,0,0,0,0,0,
600036.SH,600036,20251209,142639000,430100,3400,146214,67816,0,,,40598336,1749415649,433000,428300,431800,431800,430100,430200,430300,430400,430500,430600,430700,430800,430900,431000,8700,2400,1000,7300,26200,28600,6200,23100,33300,49900,430000,429900,429800,429700,429600,429500,429400,429300,429200,429100,18100,33000,70100,20500,38700,58600,14300,19400,29800,80100,439050,425910,9292010,4062676,0,0,0,0,0,
600036.SH,600036,20251209,142642000,430000,800,34400,67818,0,,,40599136,1749450049,433000,428300,431800,431800,430100,430200,430300,430400,430500,430600,430700,430800,430900,431000,17000,2400,1000,6900,26200,28600,6200,23100,33300,49900,430000,429900,429800,429700,429600,429500,429400,429300,429200,429100,20700,33600,70100,20500,38700,58600,14300,19400,29800,80100,439040,425910,9299910,4065976,0,0,0,0,0,
600036.SH,600036,20251209,142645000,430000,3900,167738,67824,0,,,40603036,1749617787,433000,428300,431800,431800,430100,430200,430300,430400,430500,430600,430700,430800,430900,431000,13900,3200,1000,6900,26200,28600,6200,23100,33300,49900,430000,429900,429800,429700,429600,429500,429400,429300,429200,429100,21100,33600,70100,20500,38700,58600,14300,19400,29800,80100,439040,425910,9297610,4064376,0,0,0,0,0,
600036.SH,600036,20251209,142648000,430200,16100,692465,67856,0,,,40619136,1750310252,433000,428300,431800,431800,430200,430300,430400,430500,430600,430700,430800,430900,431000,431100,2400,500,7500,25400,28600,6200,23500,33300,50700,4800,430000,429900,429800,429700,429600,429500,429400,429300,429200,429100,20700,33200,70000,20500,39100,58600,14300,19400,29900,80100,439060,425910,9283610,4063976,0,0,0,0,0,
600036.SH,600036,20251209,142651000,430000,4900,210758,67870,0,,,40624036,1750521010,433000,428300,431800,431800,430100,430200,430400,430500,430600,430700,430800,430900,431000,431100,3800,1600,37500,25400,29100,6200,23900,33300,50700,4800,430000,429900,429800,429700,429600,429500,429400,429300,429200,429100,20700,33200,69600,20500,39300,59800,14700,19400,29900,80100,439030,425910,9316510,4064776,0,0,0,0,0,
600036.SH,600036,20251209,142654000,430000,4400,189200,67881,0,,,40628436,1750710210,433000,428300,431800,431800,430100,430200,430400,430500,430600,430700,430800,430900,431000,431100,3800,1600,37700,25400,29000,6200,23900,33300,50700,4800,430000,429900,429800,429700,429600,429500,429400,429300,429200,429100,20600,34900,69600,20600,39300,59800,14300,19400,29900,80100,439030,425910,9316610,4062776,0,0,0,0,0,
600036.SH,600036,20251209,142657000,430000,2800,120405,67885,0,,,40631236,1750830615,433000,428300,431800,431800,430100,430200,430300,430400,430500,430600,430700,430800,430900,431000,15800,1600,400,39500,26200,28600,6200,23100,33300,49900,430000,429900,429800,429700,429600,429500,429400,429300,429200,429100,17500,34900,69600,20600,39400,59800,14300,19400,29800,80100,439010,425910,9329510,4059376,0,0,0,0,0,
600036.SH,600036,20251209,142700000,430000,800,34401,67888,0,,,40632036,1750865016,433000,428300,431800,431800,430100,430200,430300,430400,430500,430600,430700,430800,430900,431000,18600,1600,500,39400,26200,28600,6200,23100,33300,49900,430000,429900,429800,429700,429600,429500,429400,429300,429200,429100,18100,35000,69600,20600,39400,59800,14300,19400,29800,80100,439010,425910,9332810,4060376,0,0,0,0,0,
600036.SH,600036,20251209,142703000,430100,2400,103220,67890,0,,,40634436,1750968236,433000,428300,431800,431800,430100,430200,430300,430400,430500,430600,430700,430800,430900,431000,18400,1600,500,39400,26200,28600,6200,23100,33300,49900,430000,429900,429800,429700,429600,429500,429400,429300,429200,429100,20800,35000,69600,21100,39400,59800,14300,19400,29800,80100,439010,425910,9332610,4063476,0,0,0,0,0,
600036.SH,600036,20251209,142706000,430100,14600,627823,67929,0,,,40649036,1751596059,433000,428300,431800,431800,430100,430200,430300,430400,430500,430600,430700,430800,430900,431000,4200,1700,500,39400,26200,28600,6200,23100,33300,49900,430000,429900,429800,429700,429600,429500,429400,429300,429200,429100,10400,35000,69600,21100,39400,59800,14300,19400,29800,80100,439030,425900,9318110,4053076,0,0,0,0,0,
600036.SH,600036,20251209,142709000,430100,6200,266675,67951,0,,,40655236,1751862734,433000,428300,431800,431800,430200,430300,430400,430500,430600,430700,430800,430900,431000,431100,1000,500,39400,26200,28600,6200,23100,33300,49900,4400,430100,430000,429900,429800,429700,429600,429500,429400,429300,429200,800,10900,35600,70300,21700,39300,59800,14300,19400,29800,439030,425910,9313210,4057276,0,0,0,0,0,
600036.SH,600036,20251209,142712000,430000,12400,533529,67982,0,,,40667636,1752396263,433000,428300,431800,431800,430300,430400,430500,430600,430700,430800,430900,431000,431100,431200,3700,45600,26200,28600,6200,23100,33300,49900,4400,1700,430100,430000,429900,429800,429700,429600,429500,429400,429300,429200,1300,9700,34500,70700,21700,38900,59800,14300,19400,29800,439020,425910,9321610,4055776,0,0,0,0,0,
600036.SH,600036,20251209,142715000,430200,4300,184942,67991,0,,,40671936,1752581205,433000,428300,431800,431800,430200,430300,430400,430500,430600,430700,430800,430900,431000,431100,2100,14700,45600,26100,28600,6200,23100,33300,49900,4400,430000,429900,429800,429700,429600,429500,429400,429300,429200,429100,8700,34500,70700,21700,38900,59800,14300,19400,29800,80000,439010,425900,9334610,4053076,0,0,0,0,0,
600036.SH,600036,20251209,142718000,430200,6600,283932,67999,0,,,40678536,1752865137,433000,428300,431800,431800,430300,430400,430500,430600,430700,430800,430900,431000,431100,431200,5900,42800,26100,28600,6200,23100,33300,49900,4400,1700,430000,429900,429800,429700,429600,429500,429400,429300,429200,429100,9600,34100,70600,22100,38900,59800,14300,19500,29800,80000,439020,425900,9320910,4053776,0,0,0,0,0,
600036.SH,600036,20251209,142721000,430200,9800,421541,68025,0,,,40688336,1753286678,433000,428300,431800,431800,430300,430400,430500,430600,430700,430800,430900,431000,431100,431200,500,41500,25300,28600,6200,23100,33300,49900,4400,2600,430000,429900,429800,429700,429600,429500,429400,429300,429200,429100,9300,35100,69900,18800,38900,59800,14300,19500,30300,80400,439030,425900,9315810,4051976,0,0,0,0,0,
600036.SH,600036,20251209,142724000,430100,8100,348538,68036,0,,,40696436,1753635216,433000,428300,431800,431800,430300,430400,430500,430600,430700,430800,430900,431000,431100,431200,3000,41400,25400,28600,6200,23100,33300,49900,4400,2600,430100,430000,429900,429800,429700,429600,429500,429400,429300,429200,200,23300,36400,69300,18400,38900,59800,14300,19800,30700,439020,425920,9319310,4067376,0,0,0,0,0,
600036.SH,600036,20251209,142727000,430100,6700,288282,68055,0,,,40703136,1753923498,433000,428300,431800,431800,430100,430300,430400,430500,430600,430700,430800,430900,431000,431100,400,1300,30800,25400,28600,6200,23600,33300,49900,4400,430000,429900,429800,429700,429600,429500,429400,429300,429200,429100,23900,35400,69300,18900,39900,61500,14700,19800,30200,80000,439040,425920,9307510,4067676,0,0,0,0,0,
600036.SH,600036,20251209,142730000,430400,12700,546566,68069,0,,,40715836,1754470064,433000,428300,431800,431800,430400,430500,430600,430700,430800,430900,431000,431100,431200,431300,20700,25400,28600,6200,23600,33300,49900,4400,2200,10500,430100,430000,429900,429800,429700,429600,429500,429400,429300,429200,700,34200,35000,69700,18900,39900,61500,14700,19800,29800,439050,425930,9294710,4078276,0,0,0,0,0,
600036.SH,600036,20251209,142733000,430300,100,4303,68070,0,,,40715936,1754474367,433000,428300,431800,431800,430400,430500,430600,430700,430800,430900,431000,431100,431200,431300,21000,25700,28700,5700,23100,33300,49900,4400,2200,10500,430200,430100,430000,429900,429800,429700,429600,429500,429400,429300,500,2800,34300,37500,69700,18900,39500,60200,14700,19700,439050,425930,9294910,4080776,0,0,0,0,0,
600036.SH,600036,20251209,142736000,430100,3600,154907,68075,0,,,40719536,1754629274,433000,428300,431800,431800,430300,430400,430500,430600,430700,430800,430900,431000,431100,431200,2100,21400,25700,28700,6200,24300,33300,49900,4400,1700,430100,430000,429900,429800,429700,429600,429500,429400,429300,429200,4000,36200,38900,68900,18400,38900,59800,14300,19700,29800,439040,425930,9296110,4081276,0,0,0,0,0,
600036.SH,600036,20251209,142739000,430200,9900,425794,68098,0,,,40729436,1755055068,433000,428300,431800,431800,430100,430200,430300,430400,430500,430600,430700,430800,430900,431000,4200,2400,7300,29000,25700,49700,6200,24300,33300,49900,430000,429900,429800,429700,429600,429500,429400,429300,429200,429100,37600,38900,68900,18400,38800,59800,14300,19700,29800,80000,439010,425930,9336510,4078476,0,0,0,0,0,
600036.SH,600036,20251209,142742000,430000,8300,356907,68109,0,,,40737736,1755411975,433000,428300,431800,431800,430100,430200,430300,430400,430500,430600,430700,430800,430900,431000,11100,2900,19700,29000,25800,49600,6200,24300,33300,49900,430000,429900,429800,429700,429600,429500,429400,429300,429200,429100,31800,36200,68900,21200,38800,59800,14300,19700,29800,80000,438990,425920,9355910,4072776,0,0,0,0,0,
600036.SH,600036,20251209,142745000,430000,24600,1057808,68147,0,,,40762336,1756469783,433000,428300,431800,431800,430100,430200,430300,430400,430500,430600,430700,430800,430900,431000,19100,2900,18100,29100,25700,49600,14200,24300,33300,49800,430000,429900,429800,429700,429600,429500,429400,429300,429200,429100,8100,36200,68900,21200,38800,59800,14300,19700,29800,80000,438980,425900,9370210,4049076,0,0,0,0,0,
600036.SH,600036,20251209,142748000,430000,6400,275232,68167,0,,,40768736,1756745015,433000,428300,431800,431800,430100,430200,430300,430400,430500,430600,430700,430800,430900,431000,16800,2900,18100,29100,25700,49700,14200,24300,33300,49800,430000,429900,429800,429700,429600,429500,429400,429300,429200,429100,7800,36000,68900,21200,38800,59800,14300,19700,29900,80000,438980,425900,9368010,4048476,0,0,0,0,0,
600036.SH,600036,20251209,142751000,429900,20800,894348,68200,0,,,40789536,1757639363,433000,428300,431800,431800,430100,430200,430300,430400,430500,430600,430700,430800,430900,431000,13100,14500,5900,29000,23700,49800,14200,24300,33300,49700,430000,429900,429800,429700,429600,429500,429400,429300,429200,429100,300,26900,68900,21200,38800,59800,14300,19700,29900,80000,438980,425880,9362610,4026676,0,0,0,0,0,
600036.SH,600036,20251209,142754000,430000,900,38700,68205,0,,,40790436,1757678063,433000,428300,431800,431800,430000,430100,430200,430300,430400,430500,430600,430700,430800,430900,5000,15700,13500,5800,29100,23700,49800,14200,24300,33300,429900,429800,429700,429600,429500,429400,429300,429200,429100,429000,26900,68900,21200,44500,59800,14400,19700,29900,80000,143600,438980,425890,9369210,4031976,0,0,0,0,0,
600036.SH,600036,20251209,142757000,430000,5800,249369,68213,0,,,40796236,1757927432,433000,428300,431800,431800,430000,430100,430200,430300,430400,430500,430600,430700,430800,430900,2900,15100,13500,5900,29500,23700,49800,13700,24300,33300,429900,429800,429700,429600,429500,429400,429300,429200,429100,429000,25100,68900,21500,44500,59800,14400,19700,29900,80000,143600,438980,425880,9366510,4025176,0,0,0,0,0,
600036.SH,600036,20251209,142800000,430000,2900,124697,68219,0,,,40799136,1758052129,433000,428300,431800,431800,430000,430100,430200,430300,430400,430500,430600,430700,430800,430900,100,15100,13500,5900,29500,23700,49800,13700,24300,33300,429900,429800,429700,429600,429500,429400,429300,429200,429100,429000,31100,71000,21500,45500,59800,14400,19700,29900,80000,143500,438980,425890,9363710,4034176,0,0,0,0,0,
600036.SH,600036,20251209,142803000,430100,9700,417172,68233,0,,,40808836,1758469301,433000,428300,431800,431800,430100,430200,430300,430400,430500,430600,430700,430800,430900,431000,7300,13500,5800,29500,23700,49800,13700,24300,33300,49700,430000,429900,429800,429700,429600,429500,429400,429300,429200,429100,700,33100,72000,20600,45500,139900,14400,20600,30500,80000,438990,425960,9355710,4118576,0,0,0,0,0,
600036.SH,600036,20251209,142806000,430000,6400,275262,68242,0,,,40815236,1758744563,433000,428300,431800,431800,430100,430200,430300,430400,430500,430600,430700,430800,430900,431000,1100,13600,5800,29600,23700,49800,13700,24300,33300,49700,430000,429900,429800,429700,429600,429500,429400,429300,429200,429100,6600,35700,72000,22100,45500,139900,14400,19700,29900,80000,439000,425970,9349710,4127576,0,0,0,0,0,
600036.SH,600036,20251209,142809000,430200,9400,404313,68259,0,,,40824636,1759148876,433000,428300,431800,431800,430200,430300,430400,430500,430600,430700,430800,430900,431000,431100,10500,5300,29600,23700,50200,13700,24300,33300,49700,4400,430000,429900,429800,429700,429600,429500,429400,429300,429200,429100,4800,35600,72000,21700,45500,139900,14400,21000,29900,80000,439000,425970,9345410,4127076,0,0,0,0,0,
600036.SH,600036,20251209,142812000,430200,5500,236610,68262,0,,,40830136,1759385486,433000,428300,431800,431800,430200,430300,430400,430500,430600,430700,430800,430900,431000,431100,3600,5300,29600,23700,50200,13700,24300,33300,49700,4400,430100,430000,429900,429800,429700,429600,429500,429400,429300,429200,2000,3200,35000,72000,21800,45500,130300,14400,21000,29900,439010,425960,9338510,4117676,0,0,0,0,0,
600036.SH,600036,20251209,142815000,430200,4900,210727,68275,0,,,40835036,1759596213,433000,428300,431800,431800,430200,430300,430400,430500,430600,430700,430800,430900,431000,431100,4600,5300,29100,23300,50200,13700,24300,33300,50100,4800,430100,430000,429900,429800,429700,429600,429500,429400,429300,429200,200,600,34900,72000,21800,45500,130400,14400,21000,29700,439010,425960,9339410,4113076,0,0,0,0,0,
600036.SH,600036,20251209,142818000,430200,2400,103242,68282,0,,,40837436,1759699455,433000,428300,431800,431800,430200,430300,430400,430500,430600,430700,430800,430900,431000,431100,6400,1800,29600,24000,49800,13700,24300,33300,50100,4800,430100,430000,429900,429800,429700,429600,429500,429400,429300,429200,1500,600,36100,72900,20300,45500,130000,14400,21000,29700,439000,425960,9341010,4114976,0,0,0,0,0,
600036.SH,600036,20251209,142821000,429900,6000,257992,68295,0,,,40843436,1759957447,433000,428300,431800,431800,430100,430200,430300,430400,430500,430600,430700,430800,430900,431000,14500,6500,2000,29500,24000,49800,14100,24300,33300,50100,429900,429800,429700,429600,429500,429400,429300,429200,429100,429000,33100,72900,20300,45300,130000,14400,21000,29700,80000,143500,438990,425960,9355710,4109476,0,0,0,0,0,
600036.SH,600036,20251209,142824000,429900,14800,636263,68331,0,,,40858236,1760593710,433000,428300,431800,431800,430000,430100,430200,430300,430400,430500,430600,430700,430800,430900,3100,24700,6600,2000,30700,23700,49800,13700,23500,33300,429900,429800,429700,429600,429500,429400,429300,429200,429100,429000,18400,72000,19700,46400,130000,14400,21600,30200,80000,143500,438980,425940,9368510,4095476,0,0,0,0,0,
600036.SH,600036,20251209,142827000,429900,14600,627694,68355,0,,,40872836,1761221404,433000,428300,431800,431800,430000,430100,430200,430300,430400,430500,430600,430700,430800,430900,13000,14900,3100,2000,30700,23700,49800,13700,23500,33300,429900,429800,429700,429600,429500,429400,429300,429200,429100,429000,13100,72000,19700,46400,130000,14400,21600,30200,85000,143500,438980,425940,9365110,4094476,0,0,0,0,0,
600036.SH,600036,20251209,142830000,429900,900,38698,68362,0,,,40873736,1761260102,433000,428300,431800,431800,430000,430100,430200,430300,430400,430500,430600,430700,430800,430900,22200,10900,3500,2600,30200,23700,49800,13700,23500,33300,429900,429800,429700,429600,429500,429400,429300,429200,429100,429000,13800,72000,20900,47000,130000,14400,21000,30200,85000,143500,438970,425940,9394210,4096476,0,0,0,0,0,
600036.SH,600036,20251209,142833000,429800,23300,1001749,68388,0,,,40897036,1762261851,433000,428300,431800,431800,429900,430000,430100,430200,430300,430400,430500,430600,430700,430800,4000,7800,10900,3500,2600,30200,23700,49800,13700,23500,429800,429700,429600,429500,429400,429300,429200,429100,429000,428900,71900,20900,47000,130100,14400,21000,30200,85000,143500,22700,438980,425930,9383810,4082676,0,0,0,0,0,
600036.SH,600036,20251209,142836000,429800,4000,171951,68394,0,,,40901036,1762433802,433000,428300,431800,431800,429900,430000,430100,430200,430300,430400,430500,430600,430700,430800,2600,7700,10900,3500,2600,30100,23700,49800,13700,23500,429800,429700,429600,429500,429400,429300,429200,429100,429000,428900,82800,20900,47000,130100,14400,21000,30200,85400,144000,22700,438990,425940,9382210,4094476,0,0,0,0,0,
600036.SH,600036,20251209,142839000,429800,8100,348144,68416,0,,,40909136,1762781946,433000,428300,431800,431800,429900,430000,430100,430200,430300,430400,430500,430600,430700,430800,2900,8100,10900,1900,2600,30100,23700,49800,13700,23500,429800,429700,429600,429500,429400,429300,429200,429100,429000,428900,75400,20300,47000,131200,14400,21000,30200,85400,144200,22700,438990,425940,9380610,4087776,0,0,0,0,0,
600036.SH,600036,20251209,142842000,429900,6000,257896,68421,0,,,40915136,1763039842,433000,428300,431800,431800,429900,430000,430100,430200,430300,430400,430500,430600,430700,430800,14000,8100,10900,1900,2600,30100,23700,49800,13700,23100,429800,429700,429600,429500,429400,429300,429200,429100,429000,428900,72200,20700,47000,131500,14400,21000,30200,85400,144200,22700,438980,425930,9390810,4087676,0,0,0,0,0,
600036.SH,600036,20251209,142845000,429800,6200,266502,68436,0,,,40921336,1763306344,433000,428300,431800,431800,429900,430000,430100,430200,430300,430400,430500,430600,430700,430800,24500,8100,8800,1900,2600,30100,23700,49800,13700,23100,429800,429700,429600,429500,429400,429300,429200,429100,429000,428900,68800,19500,47100,131200,14400,21000,30200,85400,144200,22700,438970,425930,9399910,4082776,0,0,0,0,0,
600036.SH,600036,20251209,142848000,429900,21500,924088,68465,0,,,40942836,1764230432,433000,428300,431800,431800,429900,430000,430100,430200,430300,430400,430500,430600,430700,430800,27400,8500,8800,1300,2600,30100,22700,49800,13700,23100,429800,429700,429600,429500,429400,429300,429200,429100,429000,428900,49800,19500,47100,131200,14400,21300,30200,85400,144200,22700,438970,425910,9401410,4064376,0,0,0,0,0,
600036.SH,600036,20251209,142851000,429900,11000,472820,68474,0,,,40953836,1764703252,433000,428300,431800,431800,429900,430000,430100,430200,430300,430400,430500,430600,430700,430800,24100,8700,8800,700,2600,30100,22700,49800,13700,23100,429800,429700,429600,429500,429400,429300,429200,429100,429000,428900,44000,19500,47100,131200,14400,21300,30200,85400,144200,22700,438960,425910,9409710,4058576,0,0,0,0,0,
600036.SH,600036,20251209,142854000,429900,3300,141867,68476,0,,,40957136,1764845119,433000,428300,431800,431800,429900,430000,430100,430200,430300,430400,430500,430600,430700,430800,19400,8700,8800,700,3600,30100,22700,49800,13700,23100,429800,429700,429600,429500,429400,429300,429200,429100,429000,428900,44100,19700,47400,131200,14400,21300,30200,85400,145400,22700,438960,425910,9406010,4060576,0,0,0,0,0,
600036.SH,600036,20251209,142857000,429800,15300,657607,68481,0,,,40972436,1765502726,433000,428300,431800,431800,429900,430000,430100,430200,430300,430400,430500,430600,430700,430800,7100,8900,8800,4500,3600,30100,22700,49800,13700,23100,429800,429700,429600,429500,429400,429300,429200,429100,429000,428900,30200,19700,47400,131700,14400,21300,30200,85400,145400,22700,438980,425890,9394710,4047076,0,0,0,0,0,
600036.SH,600036,20251209,142900000,429800,7300,313825,68492,0,,,40979736,1765816551,433000,428300,431800,431800,429900,430000,430100,430200,430300,430400,430500,430600,430700,430800,1300,8900,8800,4500,3800,30100,22700,49800,13700,23100,429800,429700,429600,429500,429400,429300,429200,429100,429000,428900,32000,19700,47400,131700,14400,21300,30200,85300,145400,22700,438980,425900,9389110,4048776,0,0,0,0,0,
600036.SH,600036,20251209,142903000,429900,6700,287979,68505,0,,,40986436,1766104530,433000,428300,431800,431800,429900,430000,430100,430200,430300,430400,430500,430600,430700,430800,100,8900,8800,4500,3800,30100,22700,49700,13700,23100,429800,429700,429600,429500,429400,429300,429200,429100,429000,428900,26700,19700,47500,132400,14400,21300,30200,85300,145700,22700,438980,425890,9387610,4044876,0,0,0,0,0,
600036.SH,600036,20251209,142906000,429900,7000,300994,68514,0,,,40993436,1766405524,433000,428300,431800,431800,429900,430000,430100,430200,430300,430400,430500,430600,430700,430800,300,2500,8800,4500,3800,30100,22700,49700,13700,23100,429800,429700,429600,429500,429400,429300,429200,429100,429000,428900,26400,19400,41800,132400,14900,21300,30400,85300,145700,23500,438990,425890,9379810,4040376,0,0,0,0,0,
600036.SH,600036,20251209,142909000,429800,2900,124655,68522,0,,,40996336,1766530179,433000,428300,431800,431800,430000,430100,430200,430300,430400,430500,430600,430700,430800,430900,2000,8800,4500,3800,30100,22700,49700,13700,23100,33300,429800,429700,429600,429500,429400,429300,429200,429100,429000,428900,24300,19400,43200,132400,14900,21300,30400,85300,145700,23500,438990,425890,9378910,4039676,0,0,0,0,0,
600036.SH,600036,20251209,142912000,429800,3700,159071,68533,0,,,41000036,1766689250,433000,428300,431800,431800,429900,430000,430100,430200,430300,430400,430500,430600,430700,430800,3900,800,8800,4500,3800,30100,22700,49700,13700,23100,429800,429700,429600,429500,429400,429300,429200,429100,429000,428900,24200,20400,43700,132400,14900,21300,30400,85300,146100,23500,438990,425890,9381610,4041576,0,0,0,0,0,
600036.SH,600036,20251209,142915000,429900,1900,81665,68541,0,,,41001936,1766770915,433000,428300,431800,431800,429900,430000,430100,430200,430300,430400,430500,430600,430700,430800,3800,11800,9300,4500,3200,30100,22700,49700,13700,23100,429800,429700,429600,429500,429400,429300,429200,429100,429000,428900,22600,20400,43700,132400,14900,21300,30400,85300,146100,23500,438980,425890,9392110,4040276,0,0,0,0,0,
600036.SH,600036,20251209,142918000,429800,4000,171950,68550,0,,,41005936,1766942865,433000,428300,431800,431800,429900,430000,430100,430200,430300,430400,430500,430600,430700,430800,1400,11800,9300,4500,3200,30100,22700,49700,13700,23100,429800,429700,429600,429500,429400,429300,429200,429100,429000,428900,24800,20400,43700,132900,14900,24300,30200,85300,146100,23500,438980,425890,9389710,4046276,0,0,0,0,0,
600036.SH,600036,20251209,142921000,429800,1700,73069,68558,0,,,41007636,1767015934,433000,428300,431800,431800,429900,430000,430100,430200,430300,430400,430500,430600,430700,430800,1300,14800,9300,4500,3300,30100,22600,49700,13700,23100,429800,429700,429600,429500,429400,429300,429200,429100,429000,428900,23800,21500,43700,133400,14900,25500,30200,85300,146100,23500,438980,425890,9392810,4048376,0,0,0,0,0,
600036.SH,600036,20251209,142924000,429800,11800,507178,68571,0,,,41019436,1767523112,433000,428300,431800,431800,429900,430000,430100,430200,430300,430400,430500,430600,430700,430800,500,14800,9300,4500,3300,30100,22600,49700,13700,23100,429800,429700,429600,429500,429400,429300,429200,429100,429000,428900,13500,21600,44200,53400,14900,25500,30200,85300,146300,23500,438980,425810,9391710,3959276,0,0,0,0,0,
600036.SH,600036,20251209,142927000,429900,5800,249378,68589,0,,,41025236,1767772490,433000,428300,431800,431800,430000,430100,430200,430300,430400,430500,430600,430700,430800,430900,16500,4800,4500,3100,30100,22600,49700,13700,23100,33500,429900,429800,429700,429600,429500,429400,429300,429200,429100,429000,700,17100,21600,42600,53400,14800,25500,30200,85300,146300,438980,425810,9387910,3961876,0,0,0,0,0,
600036.SH,600036,20251209,142930000,429900,12700,546026,68598,0,,,41037936,1768318516,433000,428300,431800,431800,430000,430100,430200,430300,430400,430500,430600,430700,430800,430900,8500,4800,4200,3100,30100,22600,49700,5700,23100,33500,429900,429800,429700,429600,429500,429400,429300,429200,429100,429000,1400,13400,22200,42800,52800,14300,25500,30200,85300,146100,439020,425810,9331610,3958776,0,0,0,0,0,
600036.SH,600036,20251209,142933000,429900,300,12897,68601,0,,,41038236,1768331413,433000,428300,431800,431800,430000,430100,430200,430300,430400,430500,430600,430700,430800,430900,8600,4900,4200,3100,30100,22600,49700,5700,23100,33500,429900,429800,429700,429600,429500,429400,429300,429200,429100,429000,1200,13400,22500,42800,52800,14300,33500,30200,85300,146100,439020,425820,9331810,3967076,0,0,0,0,0,
600036.SH,600036,20251209,142936000,429900,2600,111774,68608,0,,,41040836,1768443187,433000,428300,431800,431800,429900,430000,430100,430200,430300,430400,430500,430600,430700,430800,31500,8600,5400,4200,3100,30100,22600,49700,5700,23100,429800,429700,429600,429500,429400,429300,429200,429100,429000,428900,13500,22500,42800,52800,15500,33500,30200,85300,146100,23500,438980,425820,9363810,3967376,0,0,0,0,0,
600036.SH,600036,20251209,142939000,429800,3200,137543,68615,0,,,41044036,1768580730,433000,428300,431800,431800,429900,430000,430100,430200,430300,430400,430500,430600,430700,430800,32600,4100,5400,4200,3100,30100,22600,49700,5700,23100,429800,429700,429600,429500,429400,429300,429200,429100,429000,428900,10700,22700,42800,52800,15500,33500,30600,85300,145700,23500,438990,425820,9358310,3963976,0,0,0,0,0,
600036.SH,600036,20251209,142942000,429800,30400,1306887,68623,0,,,41074436,1769887617,433000,428300,431800,431800,429900,430000,430100,430200,430300,430400,430500,430600,430700,430800,2400,4100,5400,4100,2800,30100,22600,49800,5700,23500,429800,429700,429600,429500,429400,429300,429200,429100,429000,428900,9800,23200,42800,52800,15500,33500,30600,85300,145700,23500,439020,425820,9327910,3958576,0,0,0,0,0,
600036.SH,600036,20251209,142945000,429800,8100,348138,68638,0,,,41082536,1770235755,433000,428300,431800,431800,429900,430000,430100,430200,430300,430400,430500,430600,430700,430800,2400,4100,5400,4100,2800,30100,22500,49800,5700,23500,429800,429700,429600,429500,429400,429300,429200,429100,429000,428900,2000,24900,42800,52800,15500,33500,30600,85300,145600,23500,439020,425810,9327810,3952376,0,0,0,0,0,
600036.SH,600036,20251209,142948000,429900,10100,434078,68660,0,,,41092636,1770669833,433000,428300,431800,431800,429900,430000,430100,430200,430300,430400,430500,430600,430700,430800,7400,4100,5400,4100,2800,30100,22500,49800,5700,23500,429700,429600,429500,429400,429300,429200,429100,429000,428900,428800,21600,42800,52500,15500,33500,30600,85300,145600,23500,206300,439010,425810,9332810,3947076,0,0,0,0,0,
600036.SH,600036,20251209,142951000,429900,5300,227847,68671,0,,,41097936,1770897680,433000,428300,431800,431800,429900,430000,430100,430200,430300,430400,430500,430600,430700,430800,18600,4300,5400,4100,2800,30100,22500,49800,5700,31500,429800,429700,429600,429500,429400,429300,429200,429100,429000,428900,1000,21700,42800,52500,15500,33500,30600,85300,145600,23500,439000,425810,9352210,3949276,0,0,0,0,0,
600036.SH,600036,20251209,142954000,429700,5900,253582,68683,0,,,41103836,1771151262,433000,428300,431800,431800,429900,430000,430100,430200,430300,430400,430500,430600,430700,430800,16600,4500,5400,4100,2800,30100,20600,49800,5700,31500,429700,429600,429500,429400,429300,429200,429100,429000,428900,428800,20000,42900,53000,15500,33500,30600,85300,145600,23500,207300,439000,425810,9348310,3947576,0,0,0,0,0,
600036.SH,600036,20251209,142957000,429800,3200,137537,68687,0,,,41107036,1771288799,433000,428300,431800,431800,429900,430000,430100,430200,430300,430400,430500,430600,430700,430800,16500,4500,5400,4100,2800,30100,20600,49800,5700,31500,429800,429700,429600,429500,429400,429300,429200,429100,429000,428900,3900,23800,43400,55000,15500,33500,30600,85300,142600,23500,439000,425810,9348210,3954576,0,0,0,0,0,
600036.SH,600036,20251209,143000000,429900,15500,666155,68713,0,,,41122536,1771954954,433000,428300,431800,431800,429900,430000,430100,430200,430300,430400,430500,430600,430700,430800,1300,4500,5400,4100,4800,30100,20600,49800,5700,31500,429800,429700,429600,429500,429400,429300,429200,429100,429000,428900,1000,17000,43400,54900,15500,33500,31800,85300,143400,23500,439010,425810,9338010,3946876,0,0,0,0,0,
600036.SH,600036,20251209,143003000,429700,3600,154702,68724,0,,,41126136,1772109656,433000,428300,431800,431800,429900,430000,430100,430200,430300,430400,430500,430600,430700,430800,8300,4500,5400,4100,4800,30100,20600,49800,5700,31500,429800,429700,429600,429500,429400,429300,429200,429100,429000,428900,1400,14500,45400,54900,15500,33500,31800,85300,143400,23500,439000,425810,9346210,3946776,0,0,0,0,0,
600036.SH,600036,20251209,143006000,429900,800,34388,68727,0,,,41126936,1772144044,433000,428300,431800,431800,429900,430000,430100,430200,430300,430400,430500,430600,430700,430800,7900,4500,5400,4100,4800,30100,20600,49800,5700,31500,429800,429700,429600,429500,429400,429300,429200,429100,429000,428900,1800,14600,45400,55400,15500,33500,31800,85300,143400,23500,439000,425810,9345810,3947676,0,0,0,0,0,
600036.SH,600036,20251209,143009000,429900,300,12896,68730,0,,,41127236,1772156940,433000,428300,431800,431800,429900,430000,430100,430200,430300,430400,430500,430600,430700,430800,8100,4500,5400,4700,33800,16900,20600,49800,5700,31500,429800,429700,429600,429500,429400,429300,429200,429100,429000,428900,1800,14600,45400,55700,15500,33500,31800,85300,143400,23500,438990,425810,9362410,3947976,0,0,0,0,0,
600036.SH,600036,20251209,143012000,429800,5200,223529,68742,0,,,41132436,1772380469,433000,428300,431800,431800,429800,429900,430000,430100,430200,430300,430400,430500,430600,430700,4800,5200,4700,5400,4700,33800,16900,20600,49800,5700,429700,429600,429500,429400,429300,429200,429100,429000,428900,428800,14600,46600,55700,15500,33500,31800,85300,143400,23500,207300,438980,425810,9364510,3947376,0,0,0,0,0,
600036.SH,600036,20251209,143015000,429800,8400,361017,68759,0,,,41140836,1772741486,433000,428300,431800,431800,429800,429900,430000,430100,430200,430300,430400,430500,430600,430700,500,5300,5700,5400,4700,33800,16900,20600,49800,5700,429700,429600,429500,429400,429300,429200,429100,429000,428900,428800,16000,46600,55300,15500,33500,31800,86300,143400,23500,207300,438990,425810,9361310,3949376,0,0,0,0,0,
600036.SH,600036,20251209,143018000,429800,3500,150437,68773,0,,,41144336,1772891923,433000,428300,431800,431800,429800,429900,430000,430100,430200,430300,430400,430500,430600,430700,12600,10600,5700,4900,6000,33800,16900,20600,49800,5700,429700,429600,429500,429400,429300,429200,429100,429000,428900,428800,16100,46600,59300,15500,33500,31800,86300,143700,23500,207300,438990,425810,9358610,3953576,0,0,0,0,0,
600036.SH,600036,20251209,143021000,429700,9000,386791,68787,0,,,41153336,1773278714,433000,428300,431800,431800,429800,429900,430000,430100,430200,430300,430400,430500,430600,430700,7400,10600,5700,4900,6000,33800,16900,20600,49800,5700,429700,429600,429500,429400,429300,429200,429100,429000,428900,428800,14900,46700,59300,15500,33500,31800,86300,144700,23500,207300,438990,425810,9353910,3954176,0,0,0,0,0,
600036.SH,600036,20251209,143024000,429700,16200,696144,68815,0,,,41169536,1773974858,433000,428300,431800,431800,429800,429900,430000,430100,430200,430300,430400,430500,430600,430700,700,10600,5700,4900,6000,33800,16900,19800,49800,5700,429700,429600,429500,429400,429300,429200,429100,429000,428900,428800,2300,46700,59000,15500,33500,31800,86300,144900,23500,208300,439000,425800,9346410,3942676,0,0,0,0,0,
600036.SH,600036,20251209,143027000,429600,8800,378154,68832,0,,,41178336,1774353012,433000,428300,431800,431800,429900,430000,430100,430200,430300,430400,430500,430600,430700,430800,11300,5700,4900,6000,33800,16900,19800,49800,5700,10600,429700,429600,429500,429400,429300,429200,429100,429000,428900,428800,500,45000,59300,15500,33500,31700,87200,146000,23900,208300,439000,425800,9345610,3926476,0,0,0,0,0,
600036.SH,600036,20251209,143030000,429900,16582,712579,68867,0,,,41194918,1775065591,433000,428300,431800,431800,429900,430000,430100,430200,430300,430400,430500,430600,430700,430800,5100,5700,4900,6000,33800,16900,19800,49800,5700,10600,429700,429600,429500,429400,429300,429200,429100,429000,428900,428800,600,39818,58100,15500,33500,31700,87200,146000,23900,208300,439010,425800,9339510,3919694,0,0,0,0,0,
600036.SH,600036,20251209,143033000,429800,11800,507093,68892,0,,,41206718,1775572684,433000,428300,431800,431800,429900,430000,430100,430200,430300,430400,430500,430600,430700,430800,1600,5900,4800,6000,33800,16900,19800,49800,5700,10600,429800,429600,429500,429400,429300,429200,429100,429000,428900,428800,100,38618,57500,16500,33600,31700,86800,145200,23600,208300,439010,425800,9336210,3917994,0,0,0,0,0,
600036.SH,600036,20251209,143036000,429800,4700,201989,68908,0,,,41211418,1775774673,433000,428300,431800,431800,429900,430000,430100,430200,430300,430400,430500,430600,430700,430800,100,6300,4700,5500,33800,16500,20200,49800,5700,10600,429600,429500,429400,429300,429200,429100,429000,428900,428800,428700,38818,57900,16700,33600,31700,86800,145200,24100,208400,29000,439010,425800,9333510,3918494,0,0,0,0,0,
600036.SH,600036,20251209,143039000,429600,6100,262079,68914,0,,,41217518,1776036752,433000,428300,431800,431800,429800,429900,430000,430100,430200,430300,430400,430500,430600,430700,1300,37200,6800,4300,5500,33800,16500,20100,50200,5700,429700,429600,429500,429400,429300,429200,429100,429000,428900,428800,600,29618,58100,15600,33600,31700,86800,145200,24100,208400,438970,425790,9371210,3908994,0,0,0,0,0,
600036.SH,600036,20251209,143042000,429900,4700,202023,68932,0,,,41222218,1776238775,433000,428300,431800,431800,429800,429900,430000,430100,430200,430300,430400,430500,430600,430700,100,41600,7400,4700,6000,33800,16100,19300,50100,5700,429700,429600,429500,429400,429300,429200,429100,429000,428900,428800,1100,27618,57100,15600,34600,32700,87700,144900,24100,208400,438970,425790,9374110,3908794,0,0,0,0,0,
600036.SH,600036,20251209,143045000,429700,4100,176195,68947,0,,,41226318,1776414970,433000,428300,431800,431800,429800,429900,430000,430100,430200,430300,430400,430500,430600,430700,500,41600,7400,4700,6000,33800,16100,19300,51100,5700,429700,429600,429500,429400,429300,429200,429100,429000,428900,428800,100,26818,57400,16400,33400,32300,87600,144900,24100,208400,438970,425780,9375510,3905494,0,0,0,0,0,
600036.SH,600036,20251209,143048000,429800,3300,141798,68956,0,,,41229618,1776556768,433000,428300,431800,431800,429800,429900,430000,430100,430200,430300,430400,430500,430600,430700,400,43800,7100,4700,6000,33900,16100,19300,51100,5700,429700,429600,429500,429400,429300,429200,429100,429000,428900,428800,100,30018,57600,15600,33400,31100,88000,145700,24100,208400,438970,425790,9377410,3907994,0,0,0,0,0,
600036.SH,600036,20251209,143051000,429600,3400,146090,68962,0,,,41233018,1776702858,433000,428300,431800,431800,429800,429900,430000,430100,430200,430300,430400,430500,430600,430700,7500,43800,7100,5100,6400,33900,15600,19300,50700,5700,429700,429600,429500,429400,429300,429200,429100,429000,428900,428800,200,30118,57600,15600,33400,31100,88000,145700,24100,208400,438960,425790,9384410,3909094,0,0,0,0,0,
600036.SH,600036,20251209,143054000,429800,700,30081,68967,0,,,41233718,1776732939,433000,428300,431800,431800,429800,429900,430000,430100,430200,430300,430400,430500,430600,430700,7300,43300,7000,4700,5600,33900,15600,19300,50700,5700,429700,429600,429500,429400,429300,429200,429100,429000,428900,428800,1200,30118,58200,17200,33600,30100,87100,145400,24100,208400,438960,425790,9382110,3910294,0,0,0,0,0,
600036.SH,600036,20251209,143057000,429700,700,30080,68970,0,,,41234418,1776763019,433000,428300,431800,431800,429800,429900,430000,430100,430200,430300,430400,430500,430600,430700,9000,42200,7000,4700,5600,33900,15600,19300,50700,5700,429700,429600,429500,429400,429300,429200,429100,429000,428900,428800,700,30118,58200,18000,33600,30200,87100,224600,24100,208400,438960,425850,9382710,3989894,0,0,0,0,0,
600036.SH,600036,20251209,143100000,429700,1000,42970,68977,0,,,41235418,1776805989,433000,428300,431800,431800,429800,429900,430000,430100,430200,430300,430400,430500,430600,430700,9700,42200,7000,4700,5600,33900,15600,19300,50700,5700,429700,429600,429500,429400,429300,429200,429100,429000,428900,428800,700,31818,59900,18100,33600,30200,87100,224600,24100,208400,438960,425860,9381410,3993394,0,0,0,0,0,
600036.SH,600036,20251209,143103000,429700,2400,103148,68980,0,,,41237818,1776909137,433000,428300,431800,431800,429800,429900,430000,430100,430200,430300,430400,430500,430600,430700,17600,42200,7000,4700,5600,33900,15600,19300,50700,5700,429700,429600,429500,429400,429300,429200,429100,429000,428900,428800,1600,31818,60800,18100,33600,30200,87100,224600,24100,208400,438960,425860,9389310,3995094,0,0,0,0,0,
600036.SH,600036,20251209,143106000,429700,9800,421191,68988,0,,,41247618,1777330328,433000,428300,431800,431800,429800,429900,430000,430100,430200,430300,430400,430500,430600,430700,9100,38800,7000,4700,5600,33900,15600,19300,50700,5700,429700,429600,429500,429400,429300,429200,429100,429000,428900,428800,3900,32118,60800,18100,33600,30200,87300,224700,24100,208400,438970,425860,9377410,3997694,0,0,0,0,0,
600036.SH,600036,20251209,143109000,429700,48500,2084215,69062,0,,,41296118,1779414543,433000,428300,431800,431800,429800,429900,430000,430100,430200,430300,430400,430500,430600,430700,6300,29600,7200,4700,5600,33900,15600,19300,50700,5700,429600,429500,429400,429300,429200,429100,429000,428900,428800,428700,19018,61100,18100,33600,30200,87300,224700,24100,208400,28100,438980,425850,9365610,3980994,0,0,0,0,0,
600036.SH,600036,20251209,143112000,429600,11700,502700,69080,0,,,41307818,1779917243,433000,428300,431800,431800,429700,429800,429900,430000,430100,430200,430300,430400,430500,430600,200,22300,29600,7300,4700,5600,33900,15600,19300,50700,429600,429500,429400,429300,429200,429100,429000,428900,428800,428700,15318,61200,18100,33600,40600,87300,224700,23600,208400,28200,438960,425850,9381910,3987394,0,0,0,0,0,
600036.SH,600036,20251209,143115000,429500,35318,1517063,69142,0,,,41343136,1781434306,433000,428300,431800,431800,429600,429700,429800,429900,430000,430100,430200,430300,430400,430500,15882,34800,17000,30100,6900,4300,5600,33900,15600,19300,429500,429400,429300,429200,429100,429000,428900,428800,428700,428600,41500,18100,34100,41100,87300,223800,23600,208200,28200,49400,438920,425820,9426592,3951776,0,0,0,0,0,
600036.SH,600036,20251209,143118000,429500,20800,893431,69209,0,,,41363936,1782327737,433000,428300,431800,431800,429600,429700,429800,429900,430000,430100,430200,430300,430400,430500,38082,20300,17600,29500,5300,4300,5600,34000,15600,19400,429500,429400,429300,429200,429100,429000,428900,428800,428700,428600,33500,17700,34100,41500,87500,224300,23600,208200,28200,49400,438910,425810,9432692,3945176,0,0,0,0,0,
600036.SH,600036,20251209,143121000,429500,56500,2427019,69266,0,,,41420436,1784754756,433000,428300,431800,431800,429600,429700,429800,429900,430000,430100,430200,430300,430400,430500,13882,17700,17600,29500,5300,4300,5600,34000,15600,19300,429500,429400,429300,429200,429100,429000,428900,428800,428700,428600,12100,17700,34100,41500,87500,224400,23600,208200,28200,49500,438960,425790,9384592,3923976,0,0,0,0,0,
600036.SH,600036,20251209,143124000,429600,3200,137450,69283,0,,,41423636,1784892206,433000,428300,431800,431800,429700,429800,429900,430000,430100,430200,430300,430400,430500,430600,17700,17600,30500,8800,4300,5600,34000,15600,19300,29400,429600,429500,429400,429300,429200,429100,429000,428900,428800,428700,100,10000,17700,37100,41600,87500,225400,23600,208200,28200,438970,425790,9375010,3925476,0,0,0,0,0,
600036.SH,600036,20251209,143127000,429600,10700,459639,69309,0,,,41434336,1785351845,433000,428300,431800,431800,429700,429800,429900,430000,430100,430200,430300,430400,430500,430600,5100,17600,30600,8800,4300,5600,34000,15600,19300,10500,429600,429500,429400,429300,429200,429100,429000,428900,428800,428700,1200,3300,17700,37100,41600,87500,225600,23600,208200,28200,439000,425790,9343610,3919576,0,0,0,0,0,
600036.SH,600036,20251209,143130000,429700,7100,304994,69327,0,,,41441436,1785656839,433000,428300,431800,431800,429700,429800,429900,430000,430100,430200,430300,430400,430500,430600,3400,17000,30600,8800,4300,6100,33800,15600,19300,10500,429600,429500,429400,429300,429200,429100,429000,428900,428800,428700,100,500,19900,35800,41200,88100,226500,24400,208800,28200,439000,425790,9341810,3919676,0,0,0,0,0,
600036.SH,600036,20251209,143133000,429600,900,38665,69335,0,,,41442336,1785695504,433000,428300,431800,431800,429700,429800,429900,430000,430100,430200,430300,430400,430500,430600,3300,17100,30500,8800,4300,6100,33800,15600,19300,10500,429600,429500,429400,429300,429200,429100,429000,428900,428800,428700,300,3400,20300,37300,42400,87500,225200,23900,208800,28200,439000,425790,9342710,3923576,0,0,0,0,0,
600036.SH,600036,20251209,143136000,429700,3700,158954,69343,0,,,41446036,1785854458,433000,428300,431800,431800,429700,429800,429900,430000,430100,430200,430300,430400,430500,430600,3800,17100,31000,8200,4300,5600,33800,15600,19300,10500,429600,429500,429400,429300,429200,429100,429000,428900,428800,428700,7200,3900,20300,37300,42400,87500,225400,23900,208800,28200,439000,425800,9342710,3931376,0,0,0,0,0,
600036.SH,600036,20251209,143139000,429600,10100,433896,69365,0,,,41456136,1786288354,433000,428300,431800,431800,429600,429700,429800,429900,430000,430100,430200,430300,430400,430500,500,12100,17800,31000,8200,4300,5600,33800,15600,19300,429500,429400,429300,429200,429100,429000,428900,428800,428700,428600,5000,21200,34300,42400,87500,225500,23900,208800,28200,49500,438990,425790,9352210,3923276,0,0,0,0,0,
600036.SH,600036,20251209,143142000,429600,12000,515465,69383,0,,,41468136,1786803819,433000,428300,431800,431800,429600,429700,429800,429900,430000,430100,430200,430300,430400,430500,17000,13700,17300,10800,8600,4300,5600,34300,15600,20300,429500,429400,429300,429200,429100,429000,428900,428800,428700,428600,23500,25900,34300,42400,87500,226100,24900,208800,28200,49500,438990,425810,9351510,3948776,0,0,0,0,0,
600036.SH,600036,20251209,143145000,429600,21600,927946,69450,0,,,41489736,1787731765,433000,428300,431800,431800,429700,429800,429900,430000,430100,430200,430300,430400,430500,430600,10900,17300,10800,9000,4300,5600,33800,15600,20300,10500,429600,429500,429400,429300,429200,429100,429000,428900,428800,428700,800,23100,26100,34300,42400,87500,226300,24900,209900,28200,439010,425820,9332510,3950676,0,0,0,0,0,
600036.SH,600036,20251209,143148000,429500,9700,416652,69468,0,,,41499436,1788148417,433000,428300,431800,431800,429700,429800,429900,430000,430100,430200,430300,430400,430500,430600,10000,17300,10800,9000,4300,5600,33800,15600,20300,10500,429500,429400,429300,429200,429100,429000,428900,428800,428700,428600,16200,26100,34300,42400,87500,226300,24900,210400,28200,49500,439010,425810,9331710,3943476,0,0,0,0,0,
600036.SH,600036,20251209,143151000,429700,3000,128908,69475,0,,,41502436,1788277325,433000,428300,431800,431800,429700,429800,429900,430000,430100,430200,430300,430400,430500,430600,9100,17300,10800,8900,4300,5600,33800,15600,20300,10500,429600,429500,429400,429300,429200,429100,429000,428900,428800,428700,1200,17100,25300,33900,45600,87900,226900,25800,210400,28200,439010,425810,9330710,3949076,0,0,0,0,0,
600036.SH,600036,20251209,143154000,429700,8600,369414,69485,0,,,41511036,1788646739,433000,428300,431800,431800,429700,429800,429900,430000,430100,430200,430300,430400,430500,430600,7900,17300,11000,8900,4300,5600,33800,15600,20300,10500,429600,429500,429400,429300,429200,429100,429000,428900,428800,428700,1200,15000,25800,34900,45200,87900,227000,25800,209900,28200,439010,425810,9329710,3950176,0,0,0,0,0,
600036.SH,600036,20251209,143157000,429700,7900,339453,69505,0,,,41518936,1788986192,433000,428300,431800,431800,429700,429800,429900,430000,430100,430200,430300,430400,430500,430600,1000,17300,11000,5900,4300,5600,33800,15600,20300,10500,429600,429500,429400,429300,429200,429100,429000,428900,428800,428700,5800,15000,26600,35800,45200,87500,226800,24900,209900,28200,439020,425820,9320110,3954976,0,0,0,0,0,
600036.SH,600036,20251209,143200000,429800,12000,515614,69537,0,,,41530936,1789501806,433000,428300,431800,431800,429800,429900,430000,430100,430200,430300,430400,430500,430600,430700,14500,11000,5900,4300,5600,33800,15600,20300,10500,5700,429700,429600,429500,429400,429300,429200,429100,429000,428900,428800,1900,2700,15100,26700,34800,45200,87500,226800,24900,209900,439020,425820,9315510,3953076,0,0,0,0,0,
600036.SH,600036,20251209,143203000,429800,4400,189112,69544,0,,,41535336,1789690918,433000,428300,431800,431800,429800,429900,430000,430100,430200,430300,430400,430500,430600,430700,10100,11000,5900,4300,5600,33900,15600,16700,10500,2100,429700,429600,429500,429400,429300,429200,429100,429000,428900,428800,5700,2700,15100,26700,36800,45200,87500,226800,24900,209900,439040,425820,9293810,3958876,0,0,0,0,0,
600036.SH,600036,20251209,143206000,429700,6100,262140,69558,0,,,41541436,1789953058,433000,428300,431800,431800,429800,429900,430000,430100,430200,430300,430400,430500,430600,430700,7800,11400,5900,4300,5600,33900,15600,16700,10500,2100,429700,429600,429500,429400,429300,429200,429100,429000,428900,428800,4100,3400,17000,27200,35800,44700,87500,228300,24900,208900,439040,425820,9291610,3959776,0,0,0,0,0,
600036.SH,600036,20251209,143209000,429700,12500,537144,69589,0,,,41553936,1790490202,433000,428300,431800,431800,429800,429900,430000,430100,430200,430300,430400,430500,430600,430700,6200,11400,5900,4300,5600,33900,15600,16700,10500,2100,429700,429600,429500,429400,429300,429200,429100,429000,428900,428800,1100,3600,17700,27200,35400,44700,87600,228300,24900,208900,439040,425820,9290010,3958076,0,0,0,0,0,
600036.SH,600036,20251209,143212000,429600,2400,103106,69599,0,,,41556336,1790593308,433000,428300,431800,431800,429800,429900,430000,430100,430200,430300,430400,430500,430600,430700,8300,11400,5900,4800,5600,33900,15600,16700,10500,2100,429700,429600,429500,429400,429300,429200,429100,429000,428900,428800,500,1600,18700,27200,35400,44700,87600,230300,24900,208600,439040,425820,9292610,3958176,0,0,0,0,0,
600036.SH,600036,20251209,143215000,429700,2200,94519,69608,0,,,41558536,1790687827,433000,428300,431800,431800,429800,429900,430000,430100,430200,430300,430400,430500,430600,430700,8400,11400,5900,4800,5600,33900,15600,16700,10500,2100,429700,429600,429500,429400,429300,429200,429100,429000,428900,428800,900,1900,18700,27200,35600,44700,87600,230500,24900,208600,439040,425820,9292710,3959276,0,0,0,0,0,
600036.SH,600036,20251209,143218000,429800,4600,197678,69619,0,,,41563136,1790885505,433000,428300,431800,431800,429800,429900,430000,430100,430200,430300,430400,430500,430600,430700,6400,11400,5900,5700,5600,33900,15600,16700,10500,2100,429700,429600,429500,429400,429300,429200,429100,429000,428900,428800,900,1100,18700,27200,35600,44700,87600,231100,24900,208700,439040,425820,9291610,3959176,0,0,0,0,0,
600036.SH,600036,20251209,143221000,429500,51000,2190499,69681,0,,,41614136,1793076004,433000,428300,431800,431800,429800,429900,430000,430100,430200,430300,430400,430500,430600,430700,6400,10400,4700,5800,5600,33800,15600,16700,10500,2100,429600,429500,429400,429300,429200,429100,429000,428900,428800,428700,1000,10300,27300,35600,44500,87600,231600,24900,208700,29100,439040,425810,9289410,3949176,0,0,0,0,0,
600036.SH,600036,20251209,143224000,429500,7100,305013,69700,0,,,41621236,1793381017,433000,428300,431800,431800,429800,429900,430000,430100,430200,430300,430400,430500,430600,430700,7800,10400,4700,25600,5600,33800,15600,16700,10500,2100,429600,429500,429400,429300,429200,429100,429000,428900,428800,428700,600,1000,27800,36100,44500,87600,231000,24900,209200,29100,439020,425800,9311410,3940376,0,0,0,0,0,
600036.SH,600036,20251209,143227000,429600,100,4296,69701,0,,,41621336,1793385313,433000,428300,431800,431800,429700,429800,429900,430000,430100,430200,430300,430400,430500,430600,100,7800,10400,4700,25600,5600,33800,15600,16700,10500,429600,429500,429400,429300,429200,429100,429000,428900,428800,428700,2300,1400,28000,36400,44500,87600,230900,24900,209200,29100,439020,425810,9311810,3943376,0,0,0,0,0,
600036.SH,600036,20251209,143230000,429600,4000,171880,69710,0,,,41625336,1793557193,433000,428300,431800,431800,429700,429800,429900,430000,430100,430200,430300,430400,430500,430600,100,12200,10400,4700,25600,5600,33800,15600,16700,10500,429600,429500,429400,429300,429200,429100,429000,428900,428800,428700,1500,1600,28000,36800,44500,87600,231000,24900,209200,29100,439020,425810,9316210,3943176,0,0,0,0,0,
600036.SH,600036,20251209,143233000,429800,13800,592989,69754,0,,,41639136,1794150182,433000,428300,431800,431800,429800,429900,430000,430100,430200,430300,430400,430500,430600,430700,3700,10400,4700,25600,5600,33800,15600,16700,10500,2100,429600,429500,429400,429300,429200,429100,429000,428900,428800,428700,500,4100,28000,36600,44500,87600,231100,24900,209200,29100,439030,425810,9307610,3944676,0,0,0,0,0,
600036.SH,600036,20251209,143236000,429600,3700,158984,69765,0,,,41642836,1794309166,433000,428300,431800,431800,429800,429900,430000,430100,430200,430300,430400,430500,430600,430700,3200,10400,4800,25600,5600,33800,15600,16700,10500,2100,429700,429600,429500,429400,429300,429200,429100,429000,428900,428800,600,2500,4600,28700,37100,44500,87600,231100,24900,208700,439030,425810,9307210,3948476,0,0,0,0,0,
600036.SH,600036,20251209,143239000,429700,300,12891,69767,0,,,41643136,1794322057,433000,428300,431800,431800,429800,429900,430000,430100,430200,430300,430400,430500,430600,430700,3700,10400,4600,25600,5600,33800,15600,16700,10500,2100,429700,429600,429500,429400,429300,429200,429100,429000,428900,428800,300,3000,4900,28700,37100,44400,91600,233100,24900,208700,439030,425820,9307410,3954876,0,0,0,0,0,
600036.SH,600036,20251209,143242000,429700,5900,253507,69775,0,,,41649036,1794575564,433000,428300,431800,431800,429700,429800,429900,430000,430100,430200,430300,430400,430500,430600,3000,3700,10400,4600,25600,5600,33800,15600,16700,10500,429600,429500,429400,429300,429200,429100,429000,428900,428800,428700,700,5700,28700,37100,44400,91600,232800,24900,209000,29100,439020,425810,9310410,3952276,0,0,0,0,0,
600036.SH,600036,20251209,143245000,429700,1200,51563,69779,0,,,41650236,1794627127,433000,428300,431800,431800,429700,429800,429900,430000,430100,430200,430300,430400,430500,430600,2100,3700,10400,5100,25600,5600,33700,15600,16700,10500,429600,429500,429400,429300,429200,429100,429000,428900,428800,428700,800,14500,28700,37100,44800,91600,232800,24900,209000,29100,439030,425820,9309010,3963376,0,0,0,0,0,
600036.SH,600036,20251209,143248000,429600,2100,90221,69792,0,,,41652336,1794717348,433000,428300,431800,431800,429700,429800,429900,430000,430100,430200,430300,430400,430500,430600,11900,3700,10500,5100,25600,5600,33700,15100,16700,10500,429600,429500,429400,429300,429200,429100,429000,428900,428800,428700,1300,14500,28700,47500,44800,91600,232900,24900,209000,29100,439020,425830,9318410,3973776,0,0,0,0,0,
600036.SH,600036,20251209,143251000,429700,300,12891,69794,0,,,41652636,1794730239,433000,428300,431800,431800,429700,429800,429900,430000,430100,430200,430300,430400,430500,430600,13200,4600,10400,5100,25600,5600,33700,15100,16700,10500,429600,429500,429400,429300,429200,429100,429000,428900,428800,428700,2800,17100,28600,47500,44800,91600,232900,24900,210000,29100,439010,425840,9320510,3978776,0,0,0,0,0,
600036.SH,600036,20251209,143254000,429600,10100,433896,69806,0,,,41662736,1795164135,433000,428300,431800,431800,429600,429700,429800,429900,430000,430100,430200,430300,430400,430500,1900,13200,4700,11100,5100,25000,5800,33700,15100,16700,429500,429400,429300,429200,429100,429000,428900,428800,428700,428600,17200,28600,47500,44800,91600,233300,24900,210000,29100,50500,439010,425830,9322810,3976476,0,0,0,0,0,
600036.SH,600036,20251209,143257000,429600,10500,451059,69829,0,,,41673236,1795615194,433000,428300,431800,431800,429600,429700,429800,429900,430000,430100,430200,430300,430400,430500,4800,12900,4700,11100,5100,25000,5800,33700,12900,16700,429500,429400,429300,429200,429100,429000,428900,428800,428700,428600,14500,28600,47100,45400,87600,232900,24900,211500,29100,50500,439010,425830,9323210,3971776,0,0,0,0,0,
600036.SH,600036,20251209,143300000,429500,47700,2048728,69871,0,,,41720936,1797663922,433000,428300,431800,431800,429500,429600,429700,429800,429900,430000,430100,430200,430300,430400,6700,4600,13100,4200,10600,5100,25000,6300,33700,12900,429400,429300,429200,429100,429000,428900,428800,428700,428600,428500,24000,47100,45800,87600,233800,24900,211500,29100,50500,285800,439010,425810,9329410,3954976,0,0,0,0,0,
600036.SH,600036,20251209,143303000,429700,36900,1584924,69926,0,,,41757836,1799248846,433000,428300,431800,431800,429700,429800,429900,430000,430100,430200,430300,430400,430500,430600,5800,1300,10600,5500,25000,6300,33700,12900,16700,10600,429500,429400,429300,429200,429100,429000,428900,428800,428700,428600,900,19500,46100,45800,88600,234100,24900,211500,29100,50500,439030,425810,9308310,3951976,0,0,0,0,0,
600036.SH,600036,20251209,143306000,429600,7700,330793,69944,0,,,41765536,1799579639,433000,428300,431800,431800,429700,429800,429900,430000,430100,430200,430300,430400,430500,430600,4400,1200,10500,5500,25000,6300,33800,13000,16700,10600,429600,429500,429400,429300,429200,429100,429000,428900,428800,428700,300,1200,20800,46500,46200,88100,234100,25300,211600,29100,439030,425810,9306710,3934676,0,0,0,0,0,
600036.SH,600036,20251209,143309000,429600,1600,68745,69949,0,,,41767136,1799648384,433000,428300,431800,431800,429700,429800,429900,430000,430100,430200,430300,430400,430500,430600,25500,1200,10500,6500,25000,6300,33800,13000,16700,10600,429600,429500,429400,429300,429200,429100,429000,428900,428800,428700,400,2100,10700,46400,46200,88100,234100,25300,211600,29100,439010,425810,9327910,3924076,0,0,0,0,0,
600036.SH,600036,20251209,143312000,429600,8000,343671,69965,0,,,41775136,1799992055,433000,428300,431800,431800,429600,429700,429800,429900,430000,430100,430200,430300,430400,430500,800,25200,1200,10000,6300,25100,6200,33600,12900,16700,429500,429400,429300,429200,429100,429000,428900,428800,428700,428600,1500,11600,46800,45800,88200,234300,24900,212100,29100,50500,439010,425800,9327410,3922776,0,0,0,0,0,
600036.SH,600036,20251209,143315000,429600,7300,313513,69996,0,,,41782436,1800305568,433000,428300,431800,431800,429600,429700,429800,429900,430000,430100,430200,430300,430400,430500,800,9400,1200,10000,6300,25100,6200,33600,12900,16700,429500,429400,429300,429200,429100,429000,428900,428800,428700,428600,1400,3200,46800,45800,88200,234400,24900,212100,29100,50500,439020,425800,9311510,3914376,0,0,0,0,0,
600036.SH,600036,20251209,143318000,429600,3700,158929,70006,0,,,41786136,1800464497,433000,428300,431800,431800,429600,429700,429800,429900,430000,430100,430200,430300,430400,430500,500,12400,1200,10000,9200,25100,6200,33600,12900,16700,429500,429400,429300,429200,429100,429000,428900,428800,428700,428600,2900,2900,46800,46400,93500,234100,24900,212100,29100,50500,439020,425800,9316110,3921376,0,0,0,0,0,
600036.SH,600036,20251209,143321000,429600,5200,223369,70017,0,,,41791336,1800687866,433000,428300,431800,431800,429600,429700,429800,429900,430000,430100,430200,430300,430400,430500,600,12600,2200,10000,9200,25100,6200,33600,12900,16700,429500,429400,429300,429200,429100,429000,428900,428800,428700,428600,1600,3500,46900,46400,93500,233800,24900,212100,29100,50500,439020,425800,9317410,3920476,0,0,0,0,0,
600036.SH,600036,20251209,143324000,429600,4800,206162,70030,0,,,41796136,1800894028,433000,428300,431800,431800,429700,429800,429900,430000,430100,430200,430300,430400,430500,430600,12300,2200,10000,9400,25100,6200,33600,12900,16700,10600,429500,429400,429300,429200,429100,429000,428900,428800,428700,428600,700,2700,46500,46400,94500,233800,24900,212100,29100,50500,439020,425800,9316710,3919376,0,0,0,0,0,
600036.SH,600036,20251209,143327000,429700,8000,343607,70043,0,,,41804136,1801237635,433000,428300,431800,431800,429700,429800,429900,430000,430100,430200,430300,430400,430500,430600,11500,2200,10000,9400,25100,6200,33600,12900,16700,10600,429500,429400,429300,429200,429100,429000,428900,428800,428700,428600,7000,8300,46600,46400,95400,233700,25300,212100,29100,50500,439020,425810,9315910,3932576,0,0,0,0,0,
600036.SH,600036,20251209,143330000,429700,3400,146095,70052,0,,,41807536,1801383730,433000,428300,431800,431800,429700,429800,429900,430000,430100,430200,430300,430400,430500,430600,8400,2200,9900,9300,25100,6200,33600,13000,16700,10700,429600,429500,429400,429300,429200,429100,429000,428900,428800,428700,1600,7900,9500,46600,46200,95400,233700,25800,212300,29100,439020,425820,9311110,3936776,0,0,0,0,0,
600036.SH,600036,20251209,143333000,429500,6400,274925,70061,0,,,41813936,1801658655,433000,428300,431800,431800,429700,429800,429900,430000,430100,430200,430300,430400,430500,430600,7800,2200,9900,9300,25200,6300,33600,12900,16700,10600,429600,429500,429400,429300,429200,429100,429000,428900,428800,428700,200,5900,10800,47100,45700,94500,233700,25000,213300,29100,439020,425810,9310210,3932876,0,0,0,0,0,
600036.SH,600036,20251209,143336000,429700,6900,296493,70072,0,,,41820836,1801955148,433000,428300,431800,431800,429700,429800,429900,430000,430100,430200,430300,430400,430500,430600,1100,2200,9900,9300,25200,6300,33600,12900,16700,10600,429600,429500,429400,429300,429200,429100,429000,428900,428800,428700,3000,3800,11400,47000,45800,94500,233700,25000,218000,29100,439030,425820,9303510,3936076,0,0,0,0,0,
600036.SH,600036,20251209,143339000,429700,2800,120316,70085,0,,,41823636,1802075464,433000,428300,431800,431800,429800,429900,430000,430100,430200,430300,430400,430500,430600,430700,2000,9900,9300,25200,6300,33600,12900,16700,10600,2100,429700,429600,429500,429400,429300,429200,429100,429000,428900,428800,2100,7700,3900,11700,47000,45800,94500,233800,25000,218000,439030,425820,9302210,3944276,0,0,0,0,0,
600036.SH,600036,20251209,143342000,429700,11900,511327,70107,0,,,41835536,1802586791,433000,428300,431800,431800,429800,429900,430000,430100,430200,430300,430400,430500,430600,430700,300,10200,9300,25200,6300,33600,12900,16700,10600,2100,429700,429600,429500,429400,429300,429200,429100,429000,428900,428800,2500,4300,4800,11800,46400,45000,94500,234500,25000,218000,439030,425820,9300810,3941576,0,0,0,0,0,
600036.SH,600036,20251209,143345000,429900,14800,636146,70124,0,,,41850336,1803222937,433000,428300,431800,431800,429900,430000,430100,430200,430300,430400,430500,430600,430700,430800,2200,10400,25200,6300,33600,12900,16700,10600,2100,10400,429700,429600,429500,429400,429300,429200,429100,429000,428900,428800,2600,4300,5800,13200,46400,45100,94500,234400,24700,218000,439040,425820,9293610,3943376,0,0,0,0,0,
600036.SH,600036,20251209,143348000,429800,4900,210557,70136,0,,,41855236,1803433494,433000,428300,431800,431800,429800,429900,430000,430100,430200,430300,430400,430500,430600,430700,600,5400,9900,25200,6300,33600,13400,16700,10900,2100,429600,429500,429400,429300,429200,429100,429000,428900,428800,428700,3400,4900,13100,46400,45500,94900,234800,24700,218000,29100,439030,425820,9297710,3929076,0,0,0,0,0,
600036.SH,600036,20251209,143351000,429900,1800,77374,70142,0,,,41857036,1803510868,433000,428300,431800,431800,429800,429900,430000,430100,430200,430300,430400,430500,430600,430700,300,4600,10300,25100,6300,33600,12900,16700,10900,2200,429700,429600,429500,429400,429300,429200,429100,429000,428900,428800,400,5900,5100,13100,46400,45500,94400,234600,24700,218000,439040,425820,9296510,3933476,0,0,0,0,0,
600036.SH,600036,20251209,143354000,429700,7300,313734,70165,0,,,41864336,1803824602,433000,428300,431800,431800,429700,429800,429900,430000,430100,430200,430300,430400,430500,430600,300,100,5000,10300,25100,6300,33600,12900,16700,10900,429600,429500,429400,429300,429200,429100,429000,428900,428800,428700,8400,6200,14000,45900,45100,94000,234200,24700,218000,29100,439040,425830,9297010,3935876,0,0,0,0,0,
600036.SH,600036,20251209,143357000,429700,3800,163346,70177,0,,,41868136,1803987948,433000,428300,431800,431800,429900,430000,430100,430200,430300,430400,430500,430600,430700,430800,2100,10300,25000,6200,33600,12900,16700,11000,2200,10500,429700,429600,429500,429400,429300,429200,429100,429000,428900,428800,3700,12800,5000,12700,46200,45100,94000,234600,25100,220000,439040,425830,9293310,3942476,0,0,0,0,0,
600036.SH,600036,20251209,143400000,429900,6100,262213,70189,0,,,41874236,1804250161,433000,428300,431800,431800,429900,430000,430100,430200,430300,430400,430500,430600,430700,430800,400,9600,25000,6200,33600,13400,16700,11000,2200,10500,429700,429600,429500,429400,429300,429200,429100,429000,428900,428800,3600,13400,6000,12800,46600,46000,94900,234700,24700,219000,439040,425840,9291010,3944176,0,0,0,0,0,
600036.SH,600036,20251209,143403000,429900,3100,133223,70196,0,,,41877336,1804383384,433000,428300,431800,431800,429900,430000,430100,430200,430300,430400,430500,430600,430700,430800,7600,9600,25000,6200,33600,13400,16700,11000,2200,10500,429700,429600,429500,429400,429300,429200,429100,429000,428900,428800,3300,13000,11300,13100,47000,46000,94900,235000,25700,219000,439030,425840,9298210,3950976,0,0,0,0,0,
600036.SH,600036,20251209,143406000,429700,8900,382576,70209,0,,,41886236,1804765960,433000,428300,431800,431800,429800,429900,430000,430100,430200,430300,430400,430500,430600,430700,100,1200,9500,25500,6100,33700,13000,16700,10900,2100,429700,429600,429500,429400,429300,429200,429100,429000,428900,428800,2000,9700,11400,13100,47000,45900,94900,237000,25200,219000,439040,425840,9291610,3952776,0,0,0,0,0,
600036.SH,600036,20251209,143409000,429700,1900,81644,70215,0,,,41888136,1804847604,433000,428300,431800,431800,429800,429900,430000,430100,430200,430300,430400,430500,430600,430700,200,1200,9500,25500,6100,33700,13000,16700,10900,2100,429700,429600,429500,429400,429300,429200,429100,429000,428900,428800,3900,10900,13300,13500,46100,44900,94000,237200,25200,219000,439040,425840,9291710,3955576,0,0,0,0,0,
600036.SH,600036,20251209,143412000,429900,6700,287952,70242,0,,,41894836,1805135556,433000,428300,431800,431800,430000,430100,430200,430300,430400,430500,430600,430700,430800,430900,9500,25000,6100,33700,13000,16700,10900,2700,10400,33500,429700,429600,429500,429400,429300,429200,429100,429000,428900,428800,7000,11200,13400,13500,46100,44900,94300,237300,25200,219000,439040,425960,9290410,3949976,0,0,0,0,0,
600036.SH,600036,20251209,143415000,430000,9300,399837,70245,0,,,41904136,1805535393,433000,428300,431800,431800,430000,430100,430200,430300,430400,430500,430600,430700,430800,430900,6900,5200,6200,33700,13000,16700,10900,2700,10400,33500,429700,429600,429500,429400,429300,429200,429100,429000,428900,428800,6600,10800,12900,13000,46500,44900,94800,237300,25600,219400,439060,425960,9268010,3949676,0,0,0,0,0,
600036.SH,600036,20251209,143418000,429700,9200,395375,70265,0,,,41913336,1805930768,433000,428300,431800,431800,429900,430000,430100,430200,430300,430400,430500,430600,430700,430800,200,9100,5500,6200,33700,13000,16700,10900,2700,10400,429700,429600,429500,429400,429300,429200,429100,429000,428900,428800,15900,12900,12700,13000,46500,44900,94800,237400,25600,218400,439060,425970,9273110,3958376,0,0,0,0,0,
600036.SH,600036,20251209,143421000,429800,900,38686,70271,0,,,41914236,1805969454,433000,428300,431800,431800,430000,430100,430200,430300,430400,430500,430600,430700,430800,430900,8800,5500,6100,33700,13000,16700,10900,2700,10400,33900,429800,429700,429600,429500,429400,429300,429200,429100,429000,428900,300,23500,14400,12000,12200,46500,44900,94300,237400,25200,439060,425970,9272510,3964976,0,0,0,0,0,
600036.SH,600036,20251209,143424000,430000,300,12899,70274,0,,,41914536,1805982353,433000,428300,431800,431800,430000,430100,430200,430300,430400,430500,430600,430700,430800,430900,8900,5700,6100,33800,13600,16700,10900,2100,10400,33900,429900,429800,429700,429600,429500,429400,429300,429200,429100,429000,600,1400,23600,14400,17700,12200,46500,44900,94300,237400,439060,425990,9272910,3964676,0,0,0,0,0,
600036.SH,600036,20251209,143427000,429900,3600,154737,70284,0,,,41918136,1806137090,433000,428300,431800,431800,430000,430100,430200,430300,430400,430500,430600,430700,430800,430900,9200,6000,6100,3800,13600,13400,10900,2100,10400,33900,429800,429700,429600,429500,429400,429300,429200,429100,429000,428900,3100,25500,14400,16500,12200,46500,44900,94300,237500,25200,439090,425990,9240010,3965476,0,0,0,0,0,
600036.SH,600036,20251209,143430000,430000,9600,412730,70298,0,,,41927736,1806549820,433000,428300,431800,431800,429900,430000,430100,430200,430300,430400,430500,430600,430700,430800,200,8000,6000,6100,3700,13600,13400,10900,2100,10400,429800,429700,429600,429500,429400,429300,429200,429100,429000,428900,1700,25700,15900,16500,12700,46400,47900,94300,235300,25200,439090,426000,9238510,3968976,0,0,0,0,0,
600036.SH,600036,20251209,143433000,430000,6600,283687,70311,0,,,41934336,1806833507,433000,428300,431800,431800,429900,430000,430100,430200,430300,430400,430500,430600,430700,430800,100,6600,6000,6600,3700,13600,13400,10900,2100,10400,429800,429700,429600,429500,429400,429300,429200,429100,429000,428900,2200,23200,15900,17000,13000,47000,47900,94300,235300,25200,439090,426000,9236310,3968376,0,0,0,0,0,
600036.SH,600036,20251209,143436000,429700,7100,305125,70319,0,,,41941436,1807138632,433000,428300,431800,431800,429900,430000,430100,430200,430300,430400,430500,430600,430700,430800,6500,6600,6000,6600,3700,13600,13400,10900,2100,10400,429700,429600,429500,429400,429300,429200,429100,429000,428900,428800,8800,16700,17000,13000,47000,47900,94300,235300,25200,217000,439090,425980,9242710,3951576,0,0,0,0,0,
600036.SH,600036,20251209,143439000,429700,5000,214853,70328,0,,,41946436,1807353485,433000,428300,431800,431800,429800,429900,430000,430100,430200,430300,430400,430500,430600,430700,1900,6600,6700,6100,6600,3600,13500,13400,10900,2100,429700,429600,429500,429400,429300,429200,429100,429000,428900,428800,3400,11300,18000,13500,46400,47900,94300,235400,25200,217000,439080,425970,9245010,3941776,0,0,0,0,0,
600036.SH,600036,20251209,143442000,429700,2400,103145,70332,0,,,41948836,1807456630,433000,428300,431800,431800,429800,429900,430000,430100,430200,430300,430400,430500,430600,430700,200,6600,7300,6100,6600,3600,13900,13400,10900,2100,429700,429600,429500,429400,429300,429200,429100,429000,428900,428800,4100,9600,18000,13400,46400,47900,94300,236100,25200,217000,439080,425970,9245310,3941376,0,0,0,0,0,
600036.SH,600036,20251209,143445000,429800,1600,68754,70338,0,,,41950436,1807525384,433000,428300,431800,431800,429800,429900,430000,430100,430200,430300,430400,430500,430600,430700,100,6600,7300,6100,6600,3600,14900,13400,10900,2100,429700,429600,429500,429400,429300,429200,429100,429000,428900,428800,4600,9600,19900,20400,46400,47900,94400,236600,25200,217000,439080,425980,9246210,3951876,0,0,0,0,0,
600036.SH,600036,20251209,143448000,429800,200,8595,70340,0,,,41950636,1807533979,433000,428300,431800,431800,429900,430000,430100,430200,430300,430400,430500,430600,430700,430800,7900,7300,6100,6600,3600,15900,13400,10900,2100,10400,429800,429700,429600,429500,429400,429300,429200,429100,429000,428900,2300,5000,10600,21100,19600,48000,47900,94400,236400,25200,439070,425980,9257410,3957376,0,0,0,0,0,
600036.SH,600036,20251209,143451000,429900,2500,107475,70341,0,,,41953136,1807641454,433000,428300,431800,431800,429900,430000,430100,430200,430300,430400,430500,430600,430700,430800,5400,7300,6100,6600,3600,16900,13400,10900,2100,10400,429800,429700,429600,429500,429400,429300,429200,429100,429000,428900,2300,5500,10600,22200,19700,48500,47900,94400,236200,25200,439080,425990,9255910,3959376,0,0,0,0,0,
600036.SH,600036,20251209,143454000,429800,5800,249332,70349,0,,,41958936,1807890786,433000,428300,431800,431800,429900,430000,430100,430200,430300,430400,430500,430600,430700,430800,1800,7500,6100,6600,3600,17900,13400,10900,2100,10400,429800,429700,429600,429500,429400,429300,429200,429100,429000,428900,6200,5800,10800,22200,19700,48500,47900,94400,236200,25200,439080,425990,9253510,3963676,0,0,0,0,0,
600036.SH,600036,20251209,143457000,429900,300,12896,70351,0,,,41959236,1807903682,433000,428300,431800,431800,429900,430000,430100,430200,430300,430400,430500,430600,430700,430800,1700,10500,6100,6600,3600,17900,13400,10900,2100,10400,429800,429700,429600,429500,429400,429300,429200,429100,429000,428900,9500,5500,12600,22400,19900,48500,47900,94300,236700,25200,439070,426000,9256410,3968776,0,0,0,0,0,
600036.SH,600036,20251209,143500000,430000,8800,378324,70368,0,,,41968036,1808282006,433000,428300,431800,431800,430000,430100,430200,430300,430400,430500,430600,430700,430800,430900,6600,6000,6500,3600,17900,13400,10900,2200,10500,33900,429800,429700,429600,429500,429400,429300,429200,429100,429000,428900,7500,5500,12600,22400,19900,48500,48100,94300,236700,25200,439080,425990,9250810,3965876,0,0,0,0,0,
600036.SH,600036,20251209,143503000,430000,13200,567514,70383,0,,,41981236,1808849520,433000,428300,431800,431800,430000,430100,430200,430300,430400,430500,430600,430700,430800,430900,2100,6000,6500,3600,17900,13400,10900,2200,10500,33900,429900,429800,429700,429600,429500,429400,429300,429200,429100,429000,5500,7500,6500,13100,22100,19900,48500,48100,94300,236700,439080,426000,9246310,3972576,0,0,0,0,0,
600036.SH,600036,20251209,143506000,429900,10200,438548,70390,0,,,41991436,1809288068,433000,428300,431800,431800,430000,430100,430200,430300,430400,430500,430600,430700,430800,430900,4100,6200,6500,3700,18000,13400,10900,2100,10400,33900,429900,429800,429700,429600,429500,429400,429300,429200,429100,429000,5500,8200,8100,12800,20900,19900,48500,48100,94300,236700,439080,426000,9247510,3973476,0,0,0,0,0,
600036.SH,600036,20251209,143509000,430100,17500,752398,70413,0,,,42008936,1810040466,433000,428300,431800,431800,430100,430200,430300,430400,430500,430600,430700,430800,430900,431000,3500,6500,3700,18000,13400,10900,2100,10400,33900,51300,429900,429800,429700,429600,429500,429400,429300,429200,429100,429000,2000,5800,8100,12600,22300,19900,48500,48100,94300,236700,439090,425990,9240610,3958976,0,0,0,0,0,
600036.SH,600036,20251209,143512000,430200,10100,434433,70435,0,,,42019036,1810474899,433000,428300,431800,431800,430200,430300,430400,430500,430600,430700,430800,430900,431000,431100,1700,3600,17900,13400,10900,2100,10400,33900,51300,4400,429900,429800,429700,429600,429500,429400,429300,429200,429100,429000,22300,5800,9500,12600,22300,19900,48500,50600,94300,236700,439100,426020,9232310,3983676,0,0,0,0,0,
600036.SH,600036,20251209,143515000,430200,10400,447351,70455,0,,,42029436,1810922250,433000,428300,431800,431800,430200,430300,430400,430500,430600,430700,430800,430900,431000,431100,8300,3600,17900,13400,10900,2100,10400,33900,51300,4400,430000,429900,429800,429700,429600,429500,429400,429300,429200,429100,100,22200,6600,9500,11600,23400,19900,48500,50600,94300,439090,426020,9237810,3983676,0,0,0,0,0,
600036.SH,600036,20251209,143518000,430000,9800,421413,70481,0,,,42039236,1811343663,433000,428300,431800,431800,430000,430100,430200,430300,430400,430500,430600,430700,430800,430900,500,700,7900,3700,18000,13500,10900,2100,10400,33900,429900,429800,429700,429600,429500,429400,429300,429200,429100,429000,19400,6200,9500,22500,23300,19900,48500,50900,94300,236700,439090,426020,9239710,3991476,0,0,0,0,0,
600036.SH,600036,20251209,143521000,429900,9900,425628,70515,0,,,42049136,1811769291,433000,428300,431800,431800,430200,430300,430400,430500,430600,430700,430800,430900,431000,431100,7900,4700,17900,13400,10900,2100,10400,33900,51900,4900,429900,429800,429700,429600,429500,429400,429300,429200,429100,429000,12400,4500,8700,23000,23800,20300,48900,51400,94800,236700,439090,426020,9239510,3992776,0,0,0,0,0,
600036.SH,600036,20251209,143524000,430200,5500,236517,70529,0,,,42054636,1812005808,433000,428300,431800,431800,430200,430300,430400,430500,430600,430700,430800,430900,431000,431100,12600,4800,17900,13400,10900,2100,10400,33900,51900,4900,429900,429800,429700,429600,429500,429400,429300,429200,429100,429000,13700,4600,9400,23000,23700,20700,48900,51400,94800,236700,439090,426020,9244310,3995176,0,0,0,0,0,
600036.SH,600036,20251209,143527000,430200,800,34412,70533,0,,,42055436,1812040220,433000,428300,431800,431800,430200,430300,430400,430500,430600,430700,430800,430900,431000,431100,12200,5200,17900,13400,10900,2200,10400,33900,52000,4400,430000,429900,429800,429700,429600,429500,429400,429300,429200,429100,100,13700,4600,9500,23000,23700,20700,49400,51400,94800,439090,426030,9244010,4006076,0,0,0,0,0,
600036.SH,600036,20251209,143530000,430100,9100,391242,70552,0,,,42064536,1812431462,433000,428300,431800,431800,430100,430200,430300,430400,430500,430600,430700,430800,430900,431000,400,13200,16800,17900,13400,10900,2100,10400,33900,52000,429900,429800,429700,429600,429500,429400,429300,429200,429100,429000,7100,4900,8300,23000,23800,20700,49400,51400,94700,241300,439080,426020,9251710,3998576,0,0,0,0,0,
600036.SH,600036,20251209,143533000,430100,400,17203,70555,0,,,42064936,1812448665,433000,428300,431800,431800,430100,430200,430300,430400,430500,430600,430700,430800,430900,431000,8300,13200,46600,17900,13400,10900,2700,10500,33900,52000,429900,429800,429700,429600,429500,429400,429300,429200,429100,429000,6300,6700,12100,22600,22800,20700,48500,50900,94200,241300,439040,426020,9290110,4000076,0,0,0,0,0,
600036.SH,600036,20251209,143536000,430000,5500,236519,70575,0,,,42070436,1812685184,433000,428300,431800,431800,430000,430100,430200,430300,430400,430500,430600,430700,430800,430900,100,6500,13200,46600,18300,12900,10900,2200,10500,33900,429900,429800,429700,429600,429500,429400,429300,429200,429100,429000,6500,6700,12100,22600,23000,13700,48500,50900,94200,241300,439040,426020,9287410,3993476,0,0,0,0,0,
600036.SH,600036,20251209,143539000,429900,8000,343925,70592,0,,,42078436,1813029109,433000,428300,431800,431800,429900,430000,430100,430200,430300,430400,430500,430600,430700,430800,600,4000,11200,35700,43200,18300,13900,10900,2200,10500,429800,429700,429600,429500,429400,429300,429200,429100,429000,428900,6700,12100,22600,23000,12900,48500,50900,94200,241300,24200,439010,426010,9317610,3985176,0,0,0,0,0,
600036.SH,600036,20251209,143542000,429900,3400,146138,70603,0,,,42081836,1813175247,433000,428300,431800,431800,430000,430100,430200,430300,430400,430500,430600,430700,430800,430900,4300,21900,31600,35900,18300,13900,10900,2100,10400,33900,429800,429700,429600,429500,429400,429300,429200,429100,429000,428900,10400,12100,23400,23200,13000,48800,50900,94200,241300,24200,439020,426020,9316410,3989876,0,0,0,0,0,
600036.SH,600036,20251209,143545000,429900,2600,111799,70606,0,,,42084436,1813287046,433000,428300,431800,431800,430000,430100,430200,430300,430400,430500,430600,430700,430800,430900,6100,21900,32600,35900,17900,13900,10900,2100,10400,33900,429900,429800,429700,429600,429500,429400,429300,429200,429100,429000,300,10500,12100,23400,23200,13000,48800,50900,94200,241100,439010,426020,9318810,3990076,0,0,0,0,0,
600036.SH,600036,20251209,143548000,429800,3200,137557,70620,0,,,42087636,1813424603,433000,428300,431800,431800,429900,430000,430100,430200,430300,430400,430500,430600,430700,430800,3000,6100,21900,32600,35900,17900,13900,10900,4100,10400,429800,429700,429600,429500,429400,429300,429200,429100,429000,428900,9900,11900,22700,22700,13000,49200,50900,94200,240400,24200,439010,426010,9323910,3987476,0,0,0,0,0,
600036.SH,600036,20251209,143551000,429900,1600,68784,70625,0,,,42089236,1813493387,433000,428300,431800,431800,429900,430000,430100,430200,430300,430400,430500,430600,430700,430800,2700,6200,21900,32600,35900,17900,13900,11300,4100,10400,429800,429700,429600,429500,429400,429300,429200,429100,429000,428900,11500,11900,22700,22700,13000,49200,50900,94200,240400,24200,439010,426020,9324110,3991776,0,0,0,0,0,
600036.SH,600036,20251209,143554000,430000,9900,425634,70652,0,,,42099136,1813919021,433000,428300,431800,431800,430000,430100,430200,430300,430400,430500,430600,430700,430800,430900,2900,27100,32600,36300,17900,13900,11300,4100,10400,34000,429900,429800,429700,429600,429500,429400,429300,429200,429100,429000,200,14700,11900,22700,22700,13000,49200,50900,94100,239500,439010,426020,9322810,3994876,0,0,0,0,0,
600036.SH,600036,20251209,143557000,429800,10300,442720,70667,0,,,42109436,1814361741,433000,428300,431800,431800,429900,430000,430100,430200,430300,430400,430500,430600,430700,430800,400,4700,7000,36100,48200,26700,13900,11400,4200,10500,429800,429700,429600,429500,429400,429300,429200,429100,429000,428900,7000,11500,23900,23100,13000,49200,50800,94100,240200,24200,439000,426010,9328810,3988876,0,0,0,0,0,
600036.SH,600036,20251209,143600000,430100,8000,343950,70682,0,,,42117436,1814705691,433000,428300,431800,431800,429900,430000,430100,430200,430300,430400,430500,430600,430700,430800,100,300,7800,36200,48300,26700,13900,11300,4100,10400,429800,429700,429600,429500,429400,429300,429200,429100,429000,428900,4500,11800,23900,23100,13000,49200,50800,94100,240200,24200,439010,426010,9324810,3986676,0,0,0,0,0,
600036.SH,600036,20251209,143603000,429800,8200,352506,70696,0,,,42125636,1815058197,433000,428300,431800,431800,429900,430000,430100,430200,430300,430400,430500,430600,430700,430800,6500,200,5800,36200,48400,26700,13900,11300,4100,10400,429800,429700,429600,429500,429400,429300,429200,429100,429000,428900,3500,11800,24600,23400,13000,49200,50800,94100,240200,24200,439000,426010,9329210,3986676,0,0,0,0,0,
600036.SH,600036,20251209,143606000,429900,600,25791,70699,0,,,42126236,1815083988,433000,428300,431800,431800,429900,430000,430100,430200,430300,430400,430500,430600,430700,430800,6300,200,5800,32500,48400,26700,13900,11300,4100,10400,429800,429700,429600,429500,429400,429300,429200,429100,429000,428900,5300,11800,25200,24000,13000,49200,50800,94100,240200,24200,439010,426010,9325310,3990476,0,0,0,0,0,
600036.SH,600036,20251209,143609000,429800,1800,77365,70703,0,,,42128036,1815161353,433000,428300,431800,431800,429900,430000,430100,430200,430300,430400,430500,430600,430700,430800,10000,11400,14700,32500,36400,17900,13900,11300,4100,11000,429800,429700,429600,429500,429400,429300,429200,429100,429000,428900,25100,12100,24700,25000,13000,49200,50800,94100,240500,24200,439000,426030,9328910,4008176,0,0,0,0,0,
600036.SH,600036,20251209,143612000,429900,7400,318126,70710,0,,,42135436,1815479479,433000,428300,431800,431800,429900,430000,430100,430200,430300,430400,430500,430600,430700,430800,18400,11600,14700,32500,36400,17900,13900,11300,4100,11000,429800,429700,429600,429500,429400,429300,429200,429100,429000,428900,25600,11800,26000,25000,13000,49200,50800,94100,240800,24200,438990,426040,9337510,4012976,0,0,0,0,0,
600036.SH,600036,20251209,143615000,429800,17700,760827,70728,0,,,42153136,1816240306,433000,428300,431800,431800,429900,430000,430100,430200,430300,430400,430500,430600,430700,430800,14100,11600,20400,32300,36300,17900,13900,11300,4100,11000,429800,429700,429600,429500,429400,429300,429200,429100,429000,428900,16500,10900,26000,34500,13000,49200,50800,94100,240800,24200,438990,426030,9338610,4012376,0,0,0,0,0,
600036.SH,600036,20251209,143618000,429800,7000,300869,70731,0,,,42160136,1816541175,433000,428300,431800,431800,429900,430000,430100,430200,430300,430400,430500,430600,430700,430800,8100,12100,20400,32300,36300,17900,13900,11300,4100,11000,429800,429700,429600,429500,429400,429300,429200,429100,429000,428900,15000,10800,26000,35700,13000,49200,50800,94600,240800,24100,439000,426030,9333010,4012376,0,0,0,0,0,
600036.SH,600036,20251209,143621000,429800,18800,808002,70799,0,,,42178936,1817349177,433000,428300,431800,431800,429800,429900,430000,430100,430200,430300,430400,430500,430600,430700,16300,9700,12500,20200,31900,36300,17900,13900,11300,4100,429700,429600,429500,429400,429300,429200,429100,429000,428900,428800,8600,26000,36700,13000,49200,50800,94600,240800,24100,217800,438980,426020,9349810,3996176,0,0,0,0,0,
600036.SH,600036,20251209,143624000,429700,9400,403934,70827,0,,,42188336,1817753111,433000,428300,431800,431800,429800,429900,430000,430100,430200,430300,430400,430500,430600,430700,18300,18900,8900,11400,31800,35900,17900,13900,11300,4100,429700,429600,429500,429400,429300,429200,429100,429000,428900,428800,3600,26000,36700,13500,49300,50800,94600,240800,24100,217800,438980,426010,9348610,3988876,0,0,0,0,0,
600036.SH,600036,20251209,143627000,429700,14100,605980,70871,0,,,42202436,1818359091,433000,428300,431800,431800,429800,429900,430000,430100,430200,430300,430400,430500,430600,430700,8500,18900,8900,11500,31700,35900,17900,13900,11300,4100,429700,429600,429500,429400,429300,429200,429100,429000,428900,428800,100,28200,36800,13500,49300,50800,94600,240800,24100,217800,438990,425980,9338710,3992676,0,0,0,0,0,
600036.SH,600036,20251209,143630000,429600,12500,537145,70918,0,,,42214936,1818896236,433000,428300,431800,431800,429700,429800,429900,430000,430100,430200,430300,430400,430500,430600,100,3200,19300,9000,11000,31700,35900,17900,14000,11300,429600,429500,429400,429300,429200,429100,429000,428900,428800,428700,23600,38400,13500,49300,50800,94600,240800,24100,217800,31500,438990,425980,9333610,3989176,0,0,0,0,0,
600036.SH,600036,20251209,143633000,429800,10900,468393,70949,0,,,42225836,1819364629,433000,428300,431800,431800,429800,429900,430000,430100,430200,430300,430400,430500,430600,430700,1200,24300,7800,5700,31800,35900,17900,13900,11300,6100,429700,429600,429500,429400,429300,429200,429100,429000,428900,428800,1700,25100,38900,13500,49300,50800,94600,240800,24100,217800,439000,425980,9332010,3992876,0,0,0,0,0,
600036.SH,600036,20251209,143636000,429600,4900,210552,70967,0,,,42230736,1819575181,433000,428300,431800,431800,429800,429900,430000,430100,430200,430300,430400,430500,430600,430700,800,24300,7800,5800,31800,35900,17900,13900,11300,6100,429700,429600,429500,429400,429300,429200,429100,429000,428900,428800,1100,24200,38800,13500,49300,50800,94600,240800,24100,217800,439000,425980,9331710,3991276,0,0,0,0,0,
600036.SH,600036,20251209,143639000,429700,1000,42980,70973,0,,,42231736,1819618161,433000,428300,431800,431800,429800,429900,430000,430100,430200,430300,430400,430500,430600,430700,200,24200,7400,5400,31700,35900,18400,14300,11300,6200,429700,429600,429500,429400,429300,429200,429100,429000,428900,428800,1100,23700,39000,13900,49300,51200,94600,241300,24100,217800,439000,425980,9329910,3994076,0,0,0,0,0,
600036.SH,600036,20251209,143642000,429800,3600,154695,70986,0,,,42235336,1819772856,433000,428300,431800,431800,429900,430000,430100,430200,430300,430400,430500,430600,430700,430800,24200,7400,5400,31700,35900,18600,14300,10900,6200,11000,429700,429600,429500,429400,429300,429200,429100,429000,428900,428800,1100,21500,39200,14300,49700,50800,94600,242100,24100,217300,439000,425980,9330710,3992776,0,0,0,0,0,
600036.SH,600036,20251209,143645000,429800,4900,210554,71003,0,,,42240236,1819983410,433000,428300,431800,431800,429800,429900,430000,430100,430200,430300,430400,430500,430600,430700,1200,24600,8000,5400,31800,35900,18100,13900,10900,6100,429700,429600,429500,429400,429300,429200,429100,429000,428900,428800,1400,20600,39800,14300,49700,50800,94200,242500,24100,217300,439000,425980,9332110,3992676,0,0,0,0,0,
600036.SH,600036,20251209,143648000,429700,700,30082,71007,0,,,42240936,1820013492,433000,428300,431800,431800,429800,429900,430000,430100,430200,430300,430400,430500,430600,430700,900,24800,8000,10800,31800,35800,18100,13900,10900,6100,429700,429600,429500,429400,429300,429200,429100,429000,428900,428800,1100,19600,39000,13800,49500,50800,94200,237900,24600,217300,438990,425970,9337810,3985776,0,0,0,0,0,
600036.SH,600036,20251209,143651000,429700,1400,60161,71010,0,,,42242336,1820073653,433000,428300,431800,431800,429800,429900,430000,430100,430200,430300,430400,430500,430600,430700,600,24900,8000,10700,31800,35800,18100,13900,10900,6100,429700,429600,429500,429400,429300,429200,429100,429000,428900,428800,1800,19600,38800,13800,49500,50800,93200,237400,24600,217300,438990,425970,9337510,3984476,0,0,0,0,0,
600036.SH,600036,20251209,143654000,429700,4400,189109,71023,0,,,42246736,1820262762,433000,428300,431800,431800,429900,430000,430100,430200,430300,430400,430500,430600,430700,430800,23800,8000,10700,35600,35800,18100,13900,11000,6100,11000,429700,429600,429500,429400,429300,429200,429100,429000,428900,428800,500,20000,39000,14000,49500,50800,93200,237400,24600,217300,438990,425970,9339710,3986976,0,0,0,0,0,
600036.SH,600036,20251209,143657000,429700,1700,73038,71029,0,,,42248436,1820335800,433000,428300,431800,431800,429800,429900,430000,430100,430200,430300,430400,430500,430600,430700,200,22800,2100,11200,49600,40500,18100,13900,11000,6100,429700,429600,429500,429400,429300,429200,429100,429000,428900,428800,500,18900,39000,14000,50000,50800,93200,237400,24600,217300,438980,425970,9352010,3986676,0,0,0,0,0,
600036.SH,600036,20251209,143700000,429800,2400,103120,71038,0,,,42250836,1820438920,433000,428300,431800,431800,429800,429900,430000,430100,430200,430300,430400,430500,430600,430700,9100,22800,2600,11200,49100,40500,18100,13900,11000,6100,429700,429600,429500,429400,429300,429200,429100,429000,428900,428800,700,17800,38200,8800,50000,51200,94900,238200,24600,217300,438970,425970,9360910,3982776,0,0,0,0,0,
600036.SH,600036,20251209,143703000,429800,13200,567316,71053,0,,,42264036,1821006236,433000,428300,431800,431800,429900,430000,430100,430200,430300,430400,430500,430600,430700,430800,29500,10500,11100,35700,35800,18100,13900,11000,6100,10800,429800,429700,429600,429500,429400,429300,429200,429100,429000,428900,29900,1200,18100,39200,9000,50300,50800,94400,237500,24600,438980,426000,9347710,4014676,0,0,0,0,0,
600036.SH,600036,20251209,143706000,429900,9400,404062,71060,0,,,42273436,1821410298,433000,428300,431800,431800,429900,430000,430100,430200,430300,430400,430500,430600,430700,430800,24500,10600,11100,36100,35800,18100,13900,11000,6100,10800,429800,429700,429600,429500,429400,429300,429200,429100,429000,428900,26500,2400,18100,38000,9000,50400,50800,94400,237600,24600,438990,426000,9343210,4011476,0,0,0,0,0,
600036.SH,600036,20251209,143709000,429900,1900,81666,71065,0,,,42275336,1821491964,433000,428300,431800,431800,429900,430000,430100,430200,430300,430400,430500,430600,430700,430800,24100,10800,16900,36300,35800,18100,13900,11000,6100,10800,429800,429700,429600,429500,429400,429300,429200,429100,429000,428900,25000,2700,18200,38100,9500,50400,50800,94400,237600,24600,438980,426000,9348910,4010976,0,0,0,0,0,
600036.SH,600036,20251209,143712000,429800,4900,210634,71075,0,,,42280236,1821702598,433000,428300,431800,431800,429900,430000,430100,430200,430300,430400,430500,430600,430700,430800,20900,11100,16900,36300,35800,18100,13900,11000,6100,10800,429800,429700,429600,429500,429400,429300,429200,429100,429000,428900,29700,2700,18300,38000,9500,50400,50800,94400,237600,24600,438980,426000,9346010,4015676,0,0,0,0,0,
600036.SH,600036,20251209,143715000,429900,4600,197739,71080,0,,,42284836,1821900337,433000,428300,431800,431800,429900,430000,430100,430200,430300,430400,430500,430600,430700,430800,18000,11100,16900,36300,35800,18100,13900,11000,6100,10800,429800,429700,429600,429500,429400,429300,429200,429100,429000,428900,28200,2700,18300,37700,9500,49700,50800,94400,237600,24600,438990,426000,9343110,4012676,0,0,0,0,0,
600036.SH,600036,20251209,143718000,429900,18400,791018,71098,0,,,42303236,1822691355,433000,428300,431800,431800,430000,430100,430200,430300,430400,430500,430600,430700,430800,430900,11000,16900,36300,35800,18100,13900,11000,6100,10800,33900,429900,429800,429700,429600,429500,429400,429300,429200,429100,429000,7000,28200,2700,18600,38400,9500,49400,52000,94400,237600,439000,426010,9325010,4021576,0,0,0,0,0,
600036.SH,600036,20251209,143721000,429900,13700,589012,71114,0,,,42316936,1823280367,433000,428300,431800,431800,430000,430100,430200,430300,430400,430500,430600,430700,430800,430900,5300,16200,36400,35800,18100,13900,11000,6100,10800,33900,429900,429800,429700,429600,429500,429400,429300,429200,429100,429000,4100,28200,4500,18600,38600,9100,50000,52000,94400,237600,439010,426000,9318710,4020776,0,0,0,0,0,
600036.SH,600036,20251209,143724000,430000,2800,120396,71126,0,,,42319736,1823400763,433000,428300,431800,431800,430000,430100,430200,430300,430400,430500,430600,430700,430800,430900,4200,16200,40200,35900,18100,13900,11000,6100,10800,33900,429900,429800,429700,429600,429500,429400,429300,429200,429100,429000,4800,28300,5400,18600,38600,9100,50000,52000,94400,237600,439010,426010,9321510,4021976,0,0,0,0,0,
600036.SH,600036,20251209,143727000,430000,12600,541835,71142,0,,,42332336,1823942598,433000,428300,431800,431800,430000,430100,430200,430300,430400,430500,430600,430700,430800,430900,1000,10900,40200,35900,18100,13900,11000,6100,10800,33900,429900,429800,429700,429600,429500,429400,429300,429200,429100,429000,2800,28300,6000,18900,38600,9100,49400,52000,94400,236600,439020,426000,9313310,4019376,0,0,0,0,0,
600036.SH,600036,20251209,143730000,429900,2100,90279,71153,0,,,42334436,1824032877,433000,428300,431800,431800,430000,430100,430200,430300,430400,430500,430600,430700,430800,430900,6100,10900,40200,35900,18100,13900,11000,6100,10800,33900,429900,429800,429700,429600,429500,429400,429300,429200,429100,429000,2400,27800,6100,19400,38500,9100,49400,52000,94400,154600,439010,425940,9318410,3936976,0,0,0,0,0,
600036.SH,600036,20251209,143733000,429800,7900,339616,71173,0,,,42342336,1824372493,433000,428300,431800,431800,430000,430100,430200,430300,430400,430500,430600,430700,430800,430900,6000,5100,40200,35900,23900,13900,11000,6100,10800,33900,429900,429800,429700,429600,429500,429400,429300,429200,429100,429000,600,27500,6100,19400,39500,9100,49400,52000,94400,154100,439010,425940,9317510,3935376,0,0,0,0,0,
600036.SH,600036,20251209,143736000,430000,5600,240790,71182,0,,,42347936,1824613283,433000,428300,431800,431800,430000,430100,430200,430300,430400,430500,430600,430700,430800,430900,3100,5100,43200,35900,23900,13900,11000,6100,10800,33900,429900,429800,429700,429600,429500,429400,429300,429200,429100,429000,5800,27700,6100,19400,40300,9100,49400,52000,94400,153700,439010,425950,9317010,3941176,0,0,0,0,0,
600036.SH,600036,20251209,143739000,429900,3500,150465,71188,0,,,42351436,1824763748,433000,428300,431800,431800,430000,430100,430200,430300,430400,430500,430600,430700,430800,430900,5700,5200,52900,35900,18100,13900,11000,6100,10800,33900,429900,429800,429700,429600,429500,429400,429300,429200,429100,429000,2400,28500,6100,19800,40400,9100,48900,52000,94400,153700,439000,425940,9322610,3938576,0,0,0,0,0,
600036.SH,600036,20251209,143742000,429900,4000,171963,71197,0,,,42355436,1824935711,433000,428300,431800,431800,430000,430100,430200,430300,430400,430500,430600,430700,430800,430900,6100,9200,53000,35800,18100,13900,11000,6100,10800,33900,429800,429700,429600,429500,429400,429300,429200,429100,429000,428900,28800,6200,19800,40400,9100,48900,52000,94400,153700,24600,439000,425940,9326010,3936576,0,0,0,0,0,
600036.SH,600036,20251209,143745000,429800,1200,51578,71199,0,,,42356636,1824987289,433000,428300,431800,431800,429900,430000,430100,430200,430300,430400,430500,430600,430700,430800,800,10400,9200,53000,35800,18100,13900,11000,6100,10800,429800,429700,429600,429500,429400,429300,429200,429100,429000,428900,27900,6300,19800,40400,9100,48900,52000,94400,153700,24600,439000,425940,9331110,3935776,0,0,0,0,0,
600036.SH,600036,20251209,143748000,429800,100,4298,71200,0,,,42356736,1824991587,433000,428300,431800,431800,429900,430000,430100,430200,430300,430400,430500,430600,430700,430800,3900,20000,9200,43400,35800,18100,13900,11000,6100,10800,429800,429700,429600,429500,429400,429300,429200,429100,429000,428900,30100,6300,21800,40800,9200,48900,52000,94400,153700,24600,438990,425940,9334210,3940376,0,0,0,0,0,
600036.SH,600036,20251209,143751000,429900,6600,283674,71203,0,,,42363336,1825275261,433000,428300,431800,431800,429900,430000,430100,430200,430300,430400,430500,430600,430700,430800,3500,19500,9200,43300,35800,18100,13900,11000,6100,10800,429800,429700,429600,429500,429400,429300,429200,429100,429000,428900,25200,11100,21800,41300,10400,48900,52000,94400,153700,24600,438990,425950,9335710,3941776,0,0,0,0,0,
600036.SH,600036,20251209,143754000,429800,2300,98861,71207,0,,,42365636,1825374122,433000,428300,431800,431800,429900,430000,430100,430200,430300,430400,430500,430600,430700,430800,3500,19500,14700,43300,35800,18100,13900,11000,6100,10800,429800,429700,429600,429500,429400,429300,429200,429100,429000,428900,24600,11100,21800,41700,90400,48900,52000,94400,153700,24600,438990,426010,9341210,4018376,0,0,0,0,0,
600036.SH,600036,20251209,143757000,429800,1700,73066,71209,0,,,42367336,1825447188,433000,428300,431800,431800,429900,430000,430100,430200,430300,430400,430500,430600,430700,430800,4600,19500,14700,43300,35800,18100,13900,11000,6100,10800,429800,429700,429600,429500,429400,429300,429200,429100,429000,428900,23000,11100,22000,41700,90400,48900,52000,93900,152200,24600,438980,426010,9342710,4015176,0,0,0,0,0,
600036.SH,600036,20251209,143800000,429900,100,4299,71210,0,,,42367436,1825451487,433000,428300,431800,431800,429900,430000,430100,430200,430300,430400,430500,430600,430700,430800,10300,20000,14700,43300,35800,18100,13900,11000,6100,10800,429800,429700,429600,429500,429400,429300,429200,429100,429000,428900,24600,11100,22000,41700,90400,48900,52000,93900,152300,24600,438980,426010,9347810,4016876,0,0,0,0,0,
600036.SH,600036,20251209,143803000,429900,4900,210636,71217,0,,,42372336,1825662123,433000,428300,431800,431800,429900,430000,430100,430200,430300,430400,430500,430600,430700,430800,7100,20200,14700,43300,35800,18100,13900,11000,6100,10800,429800,429700,429600,429500,429400,429300,429200,429100,429000,428900,23600,11100,22000,41700,90400,49000,52000,95400,152300,24600,438980,426010,9344810,4017476,0,0,0,0,0,
600036.SH,600036,20251209,143806000,429900,4900,210632,71224,0,,,42377236,1825872755,433000,428300,431800,431800,429900,430000,430100,430200,430300,430400,430500,430600,430700,430800,4400,20400,14700,43300,35800,18100,13900,11000,6100,10800,429800,429700,429600,429500,429400,429300,429200,429100,429000,428900,23600,11100,21500,41700,90500,49000,52000,95400,152300,24600,438980,426010,9342010,4016876,0,0,0,0,0,
600036.SH,600036,20251209,143809000,429800,300,12896,71226,0,,,42377536,1825885651,433000,428300,431800,431800,429900,430000,430100,430200,430300,430400,430500,430600,430700,430800,4200,20400,18800,43300,35800,18100,13900,11000,6100,10800,429800,429700,429600,429500,429400,429300,429200,429100,429000,428900,24500,11100,21500,44800,90500,49000,52000,95400,152200,24600,438980,426020,9345710,4020276,0,0,0,0,0,
600036.SH,600036,20251209,143812000,429900,4400,189156,71241,0,,,42381936,1826074807,433000,428300,431800,431800,430000,430100,430200,430300,430400,430500,430600,430700,430800,430900,20400,18800,43800,35800,18100,13900,11000,6100,10800,33900,429900,429800,429700,429600,429500,429400,429300,429200,429100,429000,3700,24900,11300,21500,45200,90500,50200,52900,95400,152200,438980,426020,9341510,4026776,0,0,0,0,0,
600036.SH,600036,20251209,143815000,430000,4800,206382,71256,0,,,42386736,1826281189,433000,428300,431800,431800,430000,430100,430200,430300,430400,430500,430600,430700,430800,430900,17400,19200,43800,35800,18100,13900,11000,6100,10800,33900,429900,429800,429700,429600,429500,429400,429300,429200,429100,429000,8200,25600,11300,21500,45400,90500,50200,52900,95400,152200,438990,426030,9338910,4032776,0,0,0,0,0,
600036.SH,600036,20251209,143818000,430000,800,34400,71257,0,,,42387536,1826315589,433000,428300,431800,431800,430000,430100,430200,430300,430400,430500,430600,430700,430800,430900,16600,19200,43800,35800,18100,13900,11000,6100,10800,33900,429900,429800,429700,429600,429500,429400,429300,429200,429100,429000,14900,25600,11800,21500,45900,90500,50200,53200,95400,152200,438990,426040,9338110,4040876,0,0,0,0,0,
600036.SH,600036,20251209,143821000,430000,800,34400,71259,0,,,42388336,1826349989,433000,428300,431800,431800,430000,430100,430200,430300,430400,430500,430600,430700,430800,430900,16800,19200,47700,35800,18100,13900,11000,6100,10800,33900,429900,429800,429700,429600,429500,429400,429300,429200,429100,429000,15400,28500,12700,21500,45100,90500,50300,53200,95400,152200,438980,426040,9342210,4043376,0,0,0,0,0,
600036.SH,600036,20251209,143824000,429900,15500,666490,71292,0,,,42403836,1827016479,433000,428300,431800,431800,430000,430100,430200,430300,430400,430500,430600,430700,430800,430900,2400,19200,47700,35800,18100,13900,11000,6100,10800,33900,429900,429800,429700,429600,429500,429400,429300,429200,429100,429000,14400,28800,12700,21500,45100,90500,50300,53200,95700,152200,439000,426040,9327810,4042076,0,0,0,0,0,
600036.SH,600036,20251209,143827000,429900,100,4299,71293,0,,,42403936,1827020778,433000,428300,431800,431800,430000,430100,430200,430300,430400,430500,430600,430700,430800,430900,9400,19200,47700,33800,18100,13900,11000,6100,10800,33900,429900,429800,429700,429600,429500,429400,429300,429200,429100,429000,14800,28800,11600,21200,45200,90500,50300,53200,95700,150800,438990,426040,9332810,4039476,0,0,0,0,0,
600036.SH,600036,20251209,143830000,429900,4300,184866,71298,0,,,42408236,1827205644,433000,428300,431800,431800,430000,430100,430200,430300,430400,430500,430600,430700,430800,430900,8700,19200,47700,34200,18100,13900,11000,6100,10800,33900,429900,429800,429700,429600,429500,429400,429300,429200,429100,429000,14400,28800,11600,21200,46400,90500,50300,53200,95700,150800,438990,426040,9332510,4041476,0,0,0,0,0,
600036.SH,600036,20251209,143833000,430000,1900,81697,71307,0,,,42410136,1827287341,433000,428300,431800,431800,430000,430100,430200,430300,430400,430500,430600,430700,430800,430900,7300,19200,47700,34200,18200,13900,11000,6100,10800,33900,429900,429800,429700,429600,429500,429400,429300,429200,429100,429000,14200,28800,11600,21200,46400,90300,50300,53200,95700,150800,438990,426030,9330210,4031076,0,0,0,0,0,
600036.SH,600036,20251209,143836000,429900,3800,163379,71314,0,,,42413936,1827450720,433000,428300,431800,431800,430000,430100,430200,430300,430400,430500,430600,430700,430800,430900,10900,19200,51900,34200,18200,13900,11000,6100,10800,33900,429900,429800,429700,429600,429500,429400,429300,429200,429100,429000,13200,29800,11600,23800,46400,90300,50300,53200,95700,150800,438990,426030,9337810,4033476,0,0,0,0,0,
600036.SH,600036,20251209,143839000,429900,1800,77383,71322,0,,,42415736,1827528103,433000,428300,431800,431800,430000,430100,430200,430300,430400,430500,430600,430700,430800,430900,10900,19200,51900,34200,18200,13900,11000,6100,10800,33900,429900,429800,429700,429600,429500,429400,429300,429200,429100,429000,12300,29800,11600,23800,46400,90400,50300,53200,95700,150800,438990,426030,9337610,4031576,0,0,0,0,0,
600036.SH,600036,20251209,143842000,429900,1600,68789,71325,0,,,42417336,1827596892,433000,428300,431800,431800,430000,430100,430200,430300,430400,430500,430600,430700,430800,430900,12500,19200,57400,34200,18200,13900,11000,6100,10800,33900,429900,429800,429700,429600,429500,429400,429300,429200,429100,429000,11400,29800,11600,23800,56400,90400,50300,53200,95700,150800,438980,426040,9344410,4040676,0,0,0,0,0,
600036.SH,600036,20251209,143845000,430000,6200,266582,71330,0,,,42423536,1827863474,433000,428300,431800,431800,430000,430100,430200,430300,430400,430500,430600,430700,430800,430900,8100,19200,57500,34200,19000,13900,11000,6100,10800,33900,429900,429800,429700,429600,429500,429400,429300,429200,429100,429000,9800,29900,11600,23300,56500,90600,50300,53200,95700,150500,438980,426070,9340910,4088476,0,0,0,0,0,
600036.SH,600036,20251209,143848000,430000,3700,159080,71340,0,,,42427236,1828022554,433000,428300,431800,431800,430000,430100,430200,430300,430400,430500,430600,430700,430800,430900,6400,19200,57000,34200,19000,13900,11000,6100,10800,33900,429900,429800,429700,429600,429500,429400,429300,429200,429100,429000,8800,29000,11600,23300,56500,90600,50300,53200,95700,150500,438990,426070,9338710,4086576,0,0,0,0,0,
600036.SH,600036,20251209,143851000,430000,3800,163379,71345,0,,,42431036,1828185933,433000,428300,431800,431800,430000,430100,430200,430300,430400,430500,430600,430700,430800,430900,5400,19200,57000,34200,19000,13900,11000,6100,10800,33900,429900,429800,429700,429600,429500,429400,429300,429200,429100,429000,9500,26300,11600,21300,56500,90600,50200,53200,95700,150500,438990,426070,9338110,4082576,0,0,0,0,0,
600036.SH,600036,20251209,143854000,429900,2100,90287,71350,0,,,42433136,1828276220,433000,428300,431800,431800,430000,430100,430200,430300,430400,430500,430600,430700,430800,430900,9200,19200,57400,34200,19000,13900,11000,6100,10800,33900,429900,429800,429700,429600,429500,429400,429300,429200,429100,429000,10800,27600,11600,21300,56500,90600,50200,53200,95700,150500,438980,426070,9342810,4084176,0,0,0,0,0,
600036.SH,600036,20251209,143857000,429900,20100,864154,71388,0,,,42453236,1829140374,433000,428300,431800,431800,429900,430000,430100,430200,430300,430400,430500,430600,430700,430800,15400,11200,19200,57300,34200,19000,13900,11000,6100,10800,429800,429700,429600,429500,429400,429300,429200,429100,429000,428900,27600,11600,21300,57000,90600,50200,53200,95700,150500,24500,438970,426060,9360110,4073476,0,0,0,0,0,
600036.SH,600036,20251209,143900000,429900,40500,1740646,71447,0,,,42493736,1830881020,433000,428300,431800,431800,429900,430000,430100,430200,430300,430400,430500,430600,430700,430800,30600,22600,9700,39700,33800,19000,13900,11000,6100,10800,429800,429700,429600,429500,429400,429300,429200,429100,429000,428900,600,6800,21500,57000,90600,50200,53600,95700,150500,24500,438970,426030,9359510,4041276,0,0,0,0,0,
600036.SH,600036,20251209,143903000,429700,4200,180481,71458,0,,,42497936,1831061501,433000,428300,431800,431800,429800,429900,430000,430100,430200,430300,430400,430500,430600,430700,100,30700,25500,9700,39700,33800,19000,13900,11000,6100,429700,429600,429500,429400,429300,429200,429100,429000,428900,428800,3400,22000,57100,90600,50200,53600,95700,150900,24500,257000,438960,426030,9362610,4037876,0,0,0,0,0,
600036.SH,600036,20251209,143906000,429800,10900,468405,71481,0,,,42508836,1831529906,433000,428300,431800,431800,429800,429900,430000,430100,430200,430300,430400,430500,430600,430700,500,28500,25500,9700,39600,33800,19000,13900,11000,6100,429700,429600,429500,429400,429300,429200,429100,429000,428900,428800,700,20800,57100,90600,50200,53600,95700,150900,24500,257000,438970,426020,9359110,4033976,0,0,0,0,0,
600036.SH,600036,20251209,143909000,429800,3400,146110,71497,0,,,42512236,1831676016,433000,428300,431800,431800,429900,430000,430100,430200,430300,430400,430500,430600,430700,430800,17400,27100,9000,38500,33700,18900,13900,11000,6100,10800,429600,429500,429400,429300,429200,429100,429000,428900,428800,428700,30200,57100,90600,50100,53600,95600,150900,24500,257000,31500,438980,426030,9347110,4042576,0,0,0,0,0,
600036.SH,600036,20251209,143912000,429900,9281,398876,71512,0,,,42521517,1832074892,433000,428300,431800,431800,429800,429900,430000,430100,430200,430300,430400,430500,430600,430700,100,13100,27100,12200,38500,33700,18900,13900,11000,6100,429600,429500,429400,429300,429200,429100,429000,428900,428800,428700,33019,57100,90600,50100,53900,95600,150900,24500,257500,31500,438980,426030,9345110,4046195,0,0,0,0,0,
600036.SH,600036,20251209,143915000,429900,9600,412646,71523,0,,,42531117,1832487538,433000,428300,431800,431800,429800,429900,430000,430100,430200,430300,430400,430500,430600,430700,100,10200,26800,12100,38900,33700,18900,14000,11000,6100,429700,429600,429500,429400,429300,429200,429100,429000,428900,428800,3300,38519,59200,90600,50100,53900,95700,150900,24500,257500,438980,426040,9342710,4057095,0,0,0,0,0,
600036.SH,600036,20251209,143918000,429600,9500,408175,71535,0,,,42540617,1832895713,433000,428300,431800,431800,429800,429900,430000,430100,430200,430300,430400,430500,430600,430700,5600,13100,16100,8100,39500,33700,18900,13900,11000,6100,429700,429600,429500,429400,429300,429200,429100,429000,428900,428800,500,30219,59700,92100,50500,53900,95700,150900,24500,256400,438990,426040,9336610,4046695,0,0,0,0,0,
600036.SH,600036,20251209,143921000,429600,13800,593118,71555,0,,,42554417,1833488831,433000,428300,431800,431800,429800,429900,430000,430100,430200,430300,430400,430500,430600,430700,100,9500,26500,7900,39400,33800,18900,14000,11100,6200,429600,429500,429400,429300,429200,429100,429000,428900,428800,428700,28519,60700,92100,50100,53900,95700,150900,24500,256400,31500,438990,426030,9338110,4045195,0,0,0,0,0,
600036.SH,600036,20251209,143924000,429600,6900,296435,71574,0,,,42561317,1833785266,433000,428300,431800,431800,429800,429900,430000,430100,430200,430300,430400,430500,430600,430700,3700,8300,26500,8000,40200,34300,18900,14000,11100,6200,429600,429500,429400,429300,429200,429100,429000,428900,428800,428700,32819,61200,92100,50100,53900,95700,150900,24500,256900,31500,438980,426040,9342210,4051195,0,0,0,0,0,
600036.SH,600036,20251209,143927000,429600,9800,421018,71596,0,,,42571117,1834206284,433000,428300,431800,431800,429700,429800,429900,430000,430100,430200,430300,430400,430500,430600,100,43700,4000,26500,12100,40700,34200,18700,14000,11100,429600,429500,429400,429300,429200,429100,429000,428900,428800,428700,14800,59400,92000,50100,53900,96200,150900,24500,257200,31500,438940,426020,9382310,4032076,0,0,0,0,0,
600036.SH,600036,20251209,143930000,429600,5600,240576,71601,0,,,42576717,1834446860,433000,428300,431800,431800,429700,429800,429900,430000,430100,430200,430300,430400,430500,430600,9400,35400,5000,26400,12000,39900,33700,18700,14000,11100,429600,429500,429400,429300,429200,429100,429000,428900,428800,428700,8500,58400,92500,50100,53900,96200,150900,24500,256700,31500,438940,426010,9382210,4024776,0,0,0,0,0,
600036.SH,600036,20251209,143933000,429700,74737,3210747,71640,0,,,42651454,1837657607,433000,428300,431800,431800,429700,429800,429900,430000,430100,430200,430300,430400,430500,430600,4500,27800,5200,16100,8000,39400,33700,18700,13900,11000,429600,429500,429400,429300,429200,429100,429000,428900,428800,428700,17363,59800,93500,50100,53900,95700,150900,24500,257100,31500,438970,426020,9354810,4036039,0,0,0,0,0,
600036.SH,600036,20251209,143936000,429700,23100,992334,71678,0,,,42674554,1838649941,433000,428300,431800,431800,429700,429800,429900,430000,430100,430200,430300,430400,430500,430600,500,27600,4200,16400,8000,39800,34200,18700,13900,11000,429600,429500,429400,429300,429200,429100,429000,428900,428800,428700,200,54400,93600,50100,53900,95700,150900,24500,257100,31500,438970,426010,9350610,4014076,0,0,0,0,0,
600036.SH,600036,20251209,143939000,429700,600,25781,71682,0,,,42675154,1838675722,433000,428300,431800,431800,429800,429900,430000,430100,430200,430300,430400,430500,430600,430700,27500,9000,16600,27200,39800,34200,18700,13900,11000,6100,429700,429600,429500,429400,429300,429200,429100,429000,428900,428800,1700,2200,54600,93600,50100,53900,95700,150900,24500,257100,438950,426000,9374210,3967976,0,0,0,0,0,
600036.SH,600036,20251209,143942000,429600,8000,343708,71704,0,,,42683154,1839019430,433000,428300,431800,431800,429600,429800,429900,430000,430100,430200,430300,430400,430500,430600,800,28600,5300,16600,27200,43800,33700,18700,13900,11000,429500,429400,429300,429200,429100,429000,428900,428800,428700,428600,52900,92600,50100,53900,95800,152100,24500,256400,31500,55600,438950,425990,9375310,3961476,0,0,0,0,0,
600036.SH,600036,20251209,143945000,429800,33600,1443363,71751,0,,,42716754,1840462793,433000,428300,431800,431800,429800,429900,430000,430100,430200,430300,430400,430500,430600,430700,21100,4800,16700,27200,43800,33700,18700,14400,11000,6100,429600,429500,429400,429300,429200,429100,429000,428900,428800,428700,1300,49300,92600,50100,53900,95800,152600,24500,256200,31500,438960,425990,9366610,3959276,0,0,0,0,0,
600036.SH,600036,20251209,143948000,429500,17600,755963,71785,0,,,42734354,1841218756,433000,428300,431800,431800,429700,429800,429900,430000,430100,430200,430300,430400,430500,430600,300,23900,9500,16600,27200,39400,33700,18800,14400,11000,429500,429400,429300,429200,429100,429000,428900,428800,428700,428600,31500,92100,50100,53900,95800,152600,24500,256600,31500,56000,438950,425970,9369010,3941476,0,0,0,0,0,
600036.SH,600036,20251209,143951000,429800,10000,429777,71799,0,,,42744354,1841648533,433000,428300,431800,431800,429800,429900,430000,430100,430200,430300,430400,430500,430600,430700,15600,9500,17100,27200,39400,33700,18800,14400,11100,6100,429600,429500,429400,429300,429200,429100,429000,428900,428800,428700,1000,32900,92100,54100,53900,95800,153400,24500,256600,31500,438960,425980,9361010,3948776,0,0,0,0,0,
600036.SH,600036,20251209,143954000,429800,9300,399501,71814,0,,,42753654,1842048034,433000,428300,431800,431800,429800,429900,430000,430100,430200,430300,430400,430500,430600,430700,15300,4300,16600,27200,39200,34100,26700,14900,11500,6100,429500,429400,429300,429200,429100,429000,428900,428800,428700,428600,38300,93100,55000,54000,95800,153600,54500,256200,31500,55600,438960,426010,9364010,3982476,0,0,0,0,0,
600036.SH,600036,20251209,143957000,429600,8800,378003,71833,0,,,42762454,1842426037,433000,428300,431800,431800,429700,429800,429900,430000,430100,430200,430300,430400,430500,430600,10200,16000,4300,16700,27200,39200,34100,26600,14900,11500,429500,429400,429300,429200,429100,429000,428900,428800,428700,428600,30400,94800,55000,54000,95900,153700,54700,256200,31500,55600,438950,426000,9374910,3975376,0,0,0,0,0,
600036.SH,600036,20251209,144000000,429700,4500,193338,71843,0,,,42766954,1842619375,433000,428300,431800,431800,429700,429800,429900,430000,430100,430200,430300,430400,430500,430600,7800,24600,4800,17200,28100,39800,33700,18700,13900,11100,429500,429400,429300,429200,429100,429000,428900,428800,428700,428600,24800,95100,55600,54000,95900,153700,54700,256200,31500,55600,438950,426000,9370810,3967976,0,0,0,0,0,
600036.SH,600036,20251209,144003000,429700,12500,537081,71852,0,,,42779454,1843156456,433000,428300,431800,431800,429700,429800,429900,430000,430100,430200,430300,430400,430500,430600,800,24600,4800,16300,28100,39800,33700,18700,13900,11100,429500,429400,429300,429200,429100,429000,428900,428800,428700,428600,26200,95100,55700,54000,95900,154300,54700,256200,31500,55600,438960,426000,9362910,3970076,0,0,0,0,0,
600036.SH,600036,20251209,144006000,429700,2900,124595,71866,0,,,42782354,1843281051,433000,428300,431800,431800,429800,429900,430000,430100,430200,430300,430400,430500,430600,430700,6400,5700,28100,36700,39400,33700,18700,13900,11100,6100,429700,429600,429500,429400,429300,429200,429100,429000,428900,428800,100,1100,25600,96100,47700,54000,95900,154400,54700,256700,438950,425990,9364810,3964176,0,0,0,0,0,
600036.SH,600036,20251209,144009000,430000,25100,1078843,71917,0,,,42807454,1844359894,433000,428300,431800,431800,430000,430100,430200,430300,430400,430500,430600,430700,430800,430900,25300,36800,36400,33700,18700,13900,11100,6100,10000,33900,429800,429700,429600,429500,429400,429300,429200,429100,429000,428900,3000,4800,10700,26900,93200,46800,54000,96000,154400,54700,438970,426010,9347010,3978076,0,0,0,0,0,
600036.SH,600036,20251209,144012000,429600,18800,808080,71959,0,,,42826254,1845167974,433000,428300,431800,431800,429900,430000,430100,430200,430300,430400,430500,430600,430700,430800,400,20500,36700,36400,33700,18800,13900,11100,6100,10000,429600,429500,429400,429300,429200,429100,429000,428900,428800,428700,10600,27700,93800,46800,54000,96000,155000,54700,256700,31500,438970,426000,9342310,3969876,0,0,0,0,0,
600036.SH,600036,20251209,144015000,430000,16800,722280,71984,0,,,42843054,1845890254,433000,428300,431800,431800,430000,430100,430200,430300,430400,430500,430600,430700,430800,430900,15300,36200,36000,33700,19300,13900,11100,6100,10000,33900,429800,429700,429600,429500,429400,429300,429200,429100,429000,428900,31100,4300,15500,27800,93800,46800,54000,96000,155000,54700,438980,426040,9336310,4010276,0,0,0,0,0,
600036.SH,600036,20251209,144018000,430000,13600,584650,72021,0,,,42856654,1846474904,433000,428300,431800,431800,430000,430100,430200,430300,430400,430500,430600,430700,430800,430900,10800,36200,41500,33700,19300,13900,11100,6100,10000,33900,429900,429800,429700,429600,429500,429400,429300,429200,429100,429000,200,27000,7400,27500,31300,93800,46800,54000,96000,155000,438980,426050,9337310,4015876,0,0,0,0,0,
600036.SH,600036,20251209,144021000,429900,15400,662195,72048,0,,,42872054,1847137099,433000,428300,431800,431800,430000,430100,430200,430300,430400,430500,430600,430700,430800,430900,3200,34700,41500,33700,19300,13900,11100,6100,10000,33900,429900,429800,429700,429600,429500,429400,429300,429200,429100,429000,5300,27000,7200,32500,31300,93800,46600,54000,96000,154900,438990,426060,9328210,4025576,0,0,0,0,0,
600036.SH,600036,20251209,144024000,429900,6600,283751,72059,0,,,42878654,1847420850,433000,428300,431800,431800,430000,430100,430200,430300,430400,430500,430600,430700,430800,430900,2900,35200,41500,33700,18800,13900,11100,6100,10000,33900,429900,429800,429700,429600,429500,429400,429300,429200,429100,429000,500,27700,7200,32500,30500,93800,47600,54000,96000,154900,438990,426060,9327910,4022476,0,0,0,0,0,
600036.SH,600036,20251209,144027000,429900,18200,782572,72098,0,,,42896854,1848203422,433000,428300,431800,431800,430000,430100,430200,430300,430400,430500,430600,430700,430800,430900,8400,28700,41500,34300,18800,13900,11100,6100,10000,33900,429900,429800,429700,429600,429500,429400,429300,429200,429100,429000,300,3000,7200,33000,31000,93800,47600,54000,96000,154900,438990,426030,9327010,3998176,0,0,0,0,0,
600036.SH,600036,20251209,144030000,429800,3800,163346,72110,0,,,42900654,1848366768,433000,428300,431800,431800,429900,430000,430100,430200,430300,430400,430500,430600,430700,430800,400,9300,9400,41500,33700,18800,13900,11100,6100,10000,429800,429700,429600,429500,429400,429300,429200,429100,429000,428900,1700,7200,34300,29400,94100,47600,54000,96000,154900,54700,439010,426030,9308510,3991076,0,0,0,0,0,
600036.SH,600036,20251209,144033000,429900,2200,94565,72120,0,,,42902854,1848461333,433000,428300,431800,431800,429900,430000,430100,430200,430300,430400,430500,430600,430700,430800,100,9800,9800,41500,33700,18800,13900,11100,6100,10000,429800,429700,429600,429500,429400,429300,429200,429100,429000,428900,3500,7200,35000,29700,93400,47600,54000,96000,154900,54700,439010,426030,9309210,3993076,0,0,0,0,0,
600036.SH,600036,20251209,144036000,429900,4100,176233,72129,0,,,42906954,1848637566,433000,428300,431800,431800,430000,430100,430200,430300,430400,430500,430600,430700,430800,430900,9200,13300,41500,33700,18800,13900,11100,6100,10000,33900,429800,429700,429600,429500,429400,429300,429200,429100,429000,428900,300,6200,34600,30200,93800,48100,54500,96000,154900,54700,439000,426030,9312210,3990576,0,0,0,0,0,
600036.SH,600036,20251209,144039000,429700,16200,696312,72164,0,,,42923154,1849333878,433000,428300,431800,431800,429900,430000,430100,430200,430300,430400,430500,430600,430700,430800,200,7000,12700,41500,33700,18800,14300,11100,6100,10000,429700,429600,429500,429400,429300,429200,429100,429000,428900,428800,9500,34900,30200,13800,48100,54900,96000,154500,54900,256100,439010,425960,9310010,3914076,0,0,0,0,0,
600036.SH,600036,20251209,144042000,430000,200,8598,72166,0,,,42923354,1849342476,433000,428300,431800,431800,430000,430100,430200,430300,430400,430500,430600,430700,430800,430900,7600,12700,41500,33700,18800,14300,11100,6100,10000,33900,429900,429800,429700,429600,429500,429400,429300,429200,429100,429000,2800,1400,9100,35200,30600,13400,47600,54400,96500,154500,439010,425970,9310410,3916576,0,0,0,0,0,
600036.SH,600036,20251209,144045000,429900,10000,429886,72181,0,,,42933354,1849772362,433000,428300,431800,431800,430000,430100,430200,430300,430400,430500,430600,430700,430800,430900,7000,12700,42000,33700,18800,13900,11100,6100,10000,33900,429700,429600,429500,429400,429300,429200,429100,429000,428900,428800,9500,34800,30600,13400,47600,54000,96500,154500,54900,256100,439010,425960,9308410,3911776,0,0,0,0,0,
600036.SH,600036,20251209,144048000,429800,400,17192,72184,0,,,42933754,1849789554,433000,428300,431800,431800,429900,430000,430100,430200,430300,430400,430500,430600,430700,430800,200,7500,5100,42000,41000,23200,13900,11100,6100,29300,429800,429700,429600,429500,429400,429300,429200,429100,429000,428900,400,9500,41800,30800,13900,48000,54000,96500,154500,54900,438990,425970,9332510,3920476,0,0,0,0,0,
600036.SH,600036,20251209,144051000,429800,4500,193449,72192,0,,,42938254,1849983003,433000,428300,431800,431800,430000,430100,430200,430300,430400,430500,430600,430700,430800,430900,15500,14500,36500,33800,18800,13900,11100,6100,29300,33900,429800,429700,429600,429500,429400,429300,429200,429100,429000,428900,600,9600,41800,31300,13900,48000,54000,96000,154300,54900,438980,425970,9332910,3920576,0,0,0,0,0,
600036.SH,600036,20251209,144054000,429800,6400,275138,72203,0,,,42944654,1850258141,433000,428300,431800,431800,430000,430100,430200,430300,430400,430500,430600,430700,430800,430900,13900,700,36600,38500,27100,13900,11100,6100,29300,33900,429800,429700,429600,429500,429400,429300,429200,429100,429000,428900,700,8100,42200,31300,12900,48000,54000,96000,154300,54900,438990,425970,9330710,3918576,0,0,0,0,0,
600036.SH,600036,20251209,144057000,429800,3900,167624,72215,0,,,42948554,1850425765,433000,428300,431800,431800,429900,430000,430100,430200,430300,430400,430500,430600,430700,430800,4500,13300,700,36600,38500,27100,13900,11100,6100,29300,429800,429700,429600,429500,429400,429300,429200,429100,429000,428900,2800,8100,42200,32100,14100,48000,54500,96000,154300,54900,438980,425970,9334610,3923276,0,0,0,0,0,
600036.SH,600036,20251209,144100000,429800,0,0,72215,0,,,42948554,1850425765,433000,428300,431800,431800,429900,430000,430100,430200,430300,430400,430500,430600,430700,430800,6200,21600,8200,36500,33800,18800,14000,11100,6100,29300,429800,429700,429600,429500,429400,429300,429200,429100,429000,428900,4500,8200,42700,32200,14100,47500,54500,96900,154300,54900,438980,425980,9338010,3925876,0,0,0,0,0,
600036.SH,600036,20251209,144103000,429900,700,30093,72217,0,,,42949254,1850455858,433000,428300,431800,431800,429900,430000,430100,430200,430300,430400,430500,430600,430700,430800,6200,21600,8200,36500,33800,18800,14000,11100,6100,29300,429800,429700,429600,429500,429400,429300,429200,429100,429000,428900,4800,8200,43500,32700,13600,47100,54000,96900,155300,54900,438980,425970,9326510,3921276,0,0,0,0,0,
600036.SH,600036,20251209,144106000,429900,800,34392,72219,0,,,42950054,1850490250,433000,428300,431800,431800,429900,430000,430100,430200,430300,430400,430500,430600,430700,430800,5900,21600,8200,36600,33700,18800,14000,11100,6100,29300,429800,429700,429600,429500,429400,429300,429200,429100,429000,428900,5000,9100,43500,32700,13600,47700,54000,96900,155300,54900,438980,425980,9325710,3923576,0,0,0,0,0,
600036.SH,600036,20251209,144109000,429800,7600,326660,72236,0,,,42957654,1850816910,433000,428300,431800,431800,429900,430000,430100,430200,430300,430400,430500,430600,430700,430800,5100,21600,8800,36600,33700,18800,14000,11100,6100,29300,429800,429700,429600,429500,429400,429300,429200,429100,429000,428900,400,9100,42500,26400,13000,47700,54600,97500,155400,54900,438980,425970,9325510,3910576,0,0,0,0,0,
600036.SH,600036,20251209,144112000,429700,3600,154715,72246,0,,,42961254,1850971625,433000,428300,431800,431800,429900,430000,430100,430200,430300,430400,430500,430600,430700,430800,4100,21700,11900,36600,33700,18800,14000,11100,6100,29300,429800,429700,429600,429500,429400,429300,429200,429100,429000,428900,200,7600,40300,25900,13500,48500,55500,97500,156100,54900,438980,425960,9327010,3908776,0,0,0,0,0,
600036.SH,600036,20251209,144115000,430000,14100,606259,72268,0,,,42975354,1851577884,433000,428300,431800,431800,430000,430100,430200,430300,430400,430500,430600,430700,430800,430900,11700,11300,36600,33700,19300,14000,11100,6100,29300,33900,429900,429800,429700,429600,429500,429400,429300,429200,429100,429000,200,5100,8200,40300,26000,13500,48500,55500,97500,156100,439000,425970,9312810,3911976,0,0,0,0,0,
600036.SH,600036,20251209,144118000,429800,7400,318077,72280,0,,,42982754,1851895961,433000,428300,431800,431800,430000,430100,430200,430300,430400,430500,430600,430700,430800,430900,11600,11300,36500,33800,19300,14000,11100,6100,29300,33900,429800,429700,429600,429500,429400,429300,429200,429100,429000,428900,29000,11500,39900,25800,13100,47700,54600,97500,156100,54900,439000,425990,9312710,3936076,0,0,0,0,0,
600036.SH,600036,20251209,144121000,429800,0,0,72280,0,,,42982754,1851895961,433000,428300,431800,431800,430000,430100,430200,430300,430400,430500,430600,430700,430800,430900,11600,11300,37400,33800,18800,14000,11100,6100,29300,33900,429900,429800,429700,429600,429500,429400,429300,429200,429100,429000,400,29100,11500,39900,24600,13300,47700,54600,97500,156000,438990,425990,9313110,3934176,0,0,0,0,0,
600036.SH,600036,20251209,144124000,429800,2600,111756,72287,0,,,42985354,1852007717,433000,428300,431800,431800,430000,430100,430200,430300,430400,430500,430600,430700,430800,430900,11400,11300,42100,33800,18800,14000,11100,6100,29300,33900,429800,429700,429600,429500,429400,429300,429200,429100,429000,428900,27000,10600,40100,25500,14400,48600,54600,97500,156000,54900,438990,425990,9317610,3933676,0,0,0,0,0,
600036.SH,600036,20251209,144127000,429800,10100,434227,72298,0,,,42995454,1852441944,433000,428300,431800,431800,430000,430100,430200,430300,430400,430500,430600,430700,430800,430900,16400,1000,42200,40800,22100,14000,11100,6100,29300,33900,429900,429800,429700,429600,429500,429400,429300,429200,429100,429000,500,35200,14200,40100,25400,14400,48600,54600,97600,156000,438990,426000,9321910,3945976,0,0,0,0,0,
600036.SH,600036,20251209,144130000,429800,3600,154734,72303,0,,,42999054,1852596678,433000,428300,431800,431800,429900,430000,430100,430200,430300,430400,430500,430600,430700,430800,100,16400,1400,42100,40900,22100,14000,11100,6100,29300,429800,429700,429600,429500,429400,429300,429200,429100,429000,428900,33800,16300,42000,25400,13300,47700,54600,97600,156000,53900,438990,426000,9322410,3945076,0,0,0,0,0,
600036.SH,600036,20251209,144133000,429900,1900,81682,72309,0,,,43000954,1852678360,433000,428300,431800,431800,429900,430000,430100,430200,430300,430400,430500,430600,430700,430800,300,23700,13100,37000,33800,18800,14000,11100,6100,29300,429800,429700,429600,429500,429400,429300,429200,429100,429000,428900,35400,16300,42200,25400,13000,47700,54700,97600,156200,53900,438980,426010,9325910,3946876,0,0,0,0,0,
600036.SH,600036,20251209,144136000,429900,300,12897,72312,0,,,43001254,1852691257,433000,428300,431800,431800,429900,430000,430100,430200,430300,430400,430500,430600,430700,430800,600,24900,13100,37200,33700,18700,14000,11100,6100,29300,429800,429700,429600,429500,429400,429300,429200,429100,429000,428900,34400,18600,42300,25400,13000,47700,54700,97600,156200,53900,438980,426010,9327410,3947876,0,0,0,0,0,
600036.SH,600036,20251209,144139000,429800,6700,287987,72324,0,,,43007954,1852979244,433000,428300,431800,431800,430000,430100,430200,430300,430400,430500,430600,430700,430800,430900,23000,13200,37200,33700,18700,14000,11100,6100,29300,33900,429800,429700,429600,429500,429400,429300,429200,429100,429000,428900,30200,14200,42300,25100,13600,48700,55100,97600,156200,53900,438980,426000,9325010,3941076,0,0,0,0,0,
600036.SH,600036,20251209,144142000,429900,1100,47290,72329,0,,,43009054,1853026534,433000,428300,431800,431800,429900,430000,430100,430200,430300,430400,430500,430600,430700,430800,300,23300,12800,37600,33700,18700,14500,11100,6100,29300,429800,429700,429600,429500,429400,429300,429200,429100,429000,428900,32300,14400,42400,25300,13600,48700,55100,97600,156000,53900,438980,426000,9326110,3943476,0,0,0,0,0,
600036.SH,600036,20251209,144145000,429900,3700,159059,72337,0,,,43012754,1853185593,433000,428300,431800,431800,429900,430000,430100,430200,430300,430400,430500,430600,430700,430800,900,23300,15400,37600,33700,18700,14000,11100,6100,29300,429800,429700,429600,429500,429400,429300,429200,429100,429000,428900,32200,14400,37000,25700,13000,47700,54700,97600,156000,53900,438980,426000,9328810,3936176,0,0,0,0,0,
600036.SH,600036,20251209,144148000,429800,5500,236400,72345,0,,,43018254,1853421993,433000,428300,431800,431800,430000,430100,430200,430300,430400,430500,430600,430700,430800,430900,23400,3800,37100,40600,33100,14000,11600,6100,29400,33900,429800,429700,429600,429500,429400,429300,429200,429100,429000,428900,41200,15500,37100,26300,13400,47700,54700,97600,155500,53900,438970,426010,9337310,3946876,0,0,0,0,0,
600036.SH,600036,20251209,144151000,430000,4400,189194,72352,0,,,43022654,1853611187,433000,428300,431800,431800,430000,430100,430200,430300,430400,430500,430600,430700,430800,430900,19500,2400,37100,40700,33200,14000,11500,6100,29300,33900,429900,429800,429700,429600,429500,429400,429300,429200,429100,429000,2800,43900,15900,36600,26300,13000,47700,55600,97600,155500,438980,426010,9329010,3952776,0,0,0,0,0,
600036.SH,600036,20251209,144154000,429900,10200,438566,72373,0,,,43032854,1854049753,433000,428300,431800,431800,430000,430100,430200,430300,430400,430500,430600,430700,430800,430900,19700,16900,42800,34200,18800,14000,11100,6100,29300,33900,429900,429800,429700,429600,429500,429400,429300,429200,429100,429000,1900,43300,16400,36400,25900,13000,47700,55600,97700,155500,438980,426010,9328110,3951276,0,0,0,0,0,
600036.SH,600036,20251209,144157000,429900,200,8598,72375,0,,,43033054,1854058351,433000,428300,431800,431800,430000,430100,430200,430300,430400,430500,430600,430700,430800,430900,20100,16900,42800,34200,18800,14000,11100,6100,29300,33900,429900,429800,429700,429600,429500,429400,429300,429200,429100,429000,10000,43300,17900,37400,25900,13000,47700,55600,97700,155500,438980,426020,9328510,3961876,0,0,0,0,0,
600036.SH,600036,20251209,144200000,430000,2700,116080,72382,0,,,43035754,1854174431,433000,428300,431800,431800,430000,430100,430200,430300,430400,430500,430600,430700,430800,430900,22300,16900,42800,34200,18800,14000,11500,6100,29300,33500,429900,429800,429700,429600,429500,429400,429300,429200,429100,429000,9400,42800,18000,37400,30900,12000,47700,55600,97700,155500,438980,426020,9330710,3964876,0,0,0,0,0,
600036.SH,600036,20251209,144203000,430000,7000,300998,72390,0,,,43042754,1854475429,433000,428300,431800,431800,430000,430100,430200,430300,430400,430500,430600,430700,430800,430900,15600,17000,42700,34200,18800,14000,11500,6100,29300,33500,429900,429800,429700,429600,429500,429400,429300,429200,429100,429000,9200,43500,18000,38200,30900,12000,47700,55600,97700,155500,438980,426020,9324010,3963176,0,0,0,0,0,
600036.SH,600036,20251209,144206000,429900,8800,378336,72399,0,,,43051554,1854853765,433000,428300,431800,431800,430000,430100,430200,430300,430400,430500,430600,430700,430800,430900,13200,17100,43200,34200,18800,8100,11500,6100,29300,33500,429900,429800,429700,429600,429500,429400,429300,429200,429100,429000,8400,44100,24000,38200,30800,12000,47700,55600,97700,155500,438990,426030,9315110,3969876,0,0,0,0,0,
600036.SH,600036,20251209,144209000,429900,700,30097,72403,0,,,43052254,1854883862,433000,428300,431800,431800,430000,430100,430200,430300,430400,430500,430600,430700,430800,430900,13300,17100,43200,34200,18800,8500,11500,6100,29300,33500,429900,429800,429700,429600,429500,429400,429300,429200,429100,429000,8300,43200,26000,38200,30800,12000,47700,55600,97700,155500,438990,426020,9315610,3958776,0,0,0,0,0,
600036.SH,600036,20251209,144212000,430000,4200,180582,72414,0,,,43056454,1855064444,433000,428300,431800,431800,430000,430100,430200,430300,430400,430500,430600,430700,430800,430900,14600,23000,48500,34200,18800,8500,11500,6100,29300,33500,429900,429800,429700,429600,429500,429400,429300,429200,429100,429000,6500,43500,26000,38200,30900,12000,47700,55600,97700,155400,438980,426020,9328110,3957376,0,0,0,0,0,
600036.SH,600036,20251209,144215000,429900,7500,322492,72422,0,,,43063954,1855386936,433000,428300,431800,431800,430000,430100,430200,430300,430400,430500,430600,430700,430800,430900,7900,23000,48900,34200,18800,8500,11500,6100,29300,33500,429900,429800,429700,429600,429500,429400,429300,429200,429100,429000,10600,43900,26100,38200,30900,12000,49200,55600,97700,155400,438980,426030,9321810,3962976,0,0,0,0,0,
600036.SH,600036,20251209,144218000,429900,1200,51589,72425,0,,,43065154,1855438525,433000,428300,431800,431800,430000,430100,430200,430300,430400,430500,430600,430700,430800,430900,6200,23000,48900,34200,18800,8500,11500,6100,29300,33500,429900,429800,429700,429600,429500,429400,429300,429200,429100,429000,10000,44100,24200,38100,30100,12000,49200,55600,97700,155300,438980,426030,9320110,3959776,0,0,0,0,0,
600036.SH,600036,20251209,144221000,429900,5800,249374,72435,0,,,43070954,1855687899,433000,428300,431800,431800,430000,430100,430200,430300,430400,430500,430600,430700,430800,430900,4100,23000,48900,34200,18800,9000,11500,6100,29300,33500,429900,429800,429700,429600,429500,429400,429300,429200,429100,429000,6300,45500,24200,38200,30400,13200,49200,55600,97700,155300,438990,426020,9318510,3959076,0,0,0,0,0,
600036.SH,600036,20251209,144224000,430100,17300,743882,72452,0,,,43088254,1856431781,433000,428300,431800,431800,430000,430100,430200,430300,430400,430500,430600,430700,430800,430900,1000,22600,48900,34200,18800,9000,11500,6100,29300,33500,429900,429800,429700,429600,429500,429400,429300,429200,429100,429000,5000,45500,24600,38200,30200,13200,49200,55600,97700,155300,438990,426020,9315010,3957376,0,0,0,0,0,
600036.SH,600036,20251209,144227000,429900,6600,283757,72469,0,,,43094854,1856715538,433000,428300,431800,431800,430000,430100,430200,430300,430400,430500,430600,430700,430800,430900,4700,22300,47500,34100,19200,10100,11500,6200,29300,33500,429900,429800,429700,429600,429500,429400,429300,429200,429100,429000,2800,47200,22300,38200,30400,13200,49200,55600,97700,155300,438990,426020,9318310,3954976,0,0,0,0,0,
600036.SH,600036,20251209,144230000,429900,3600,154764,72476,0,,,43098454,1856870302,433000,428300,431800,431800,430000,430100,430200,430300,430400,430500,430600,430700,430800,430900,6600,22200,51800,34200,19200,10200,11500,6100,29300,33500,429900,429800,429700,429600,429500,429400,429300,429200,429100,429000,2100,47200,22300,38200,30400,12000,49200,55600,97700,155300,438980,426020,9323310,3952076,0,0,0,0,0,
600036.SH,600036,20251209,144233000,429900,2000,85980,72482,0,,,43100454,1856956282,433000,428300,431800,431800,430000,430100,430200,430300,430400,430500,430600,430700,430800,430900,6700,22600,53300,33800,18800,9100,11500,6100,29300,33500,429900,429800,429700,429600,429500,429400,429300,429200,429100,429000,4900,47200,22800,38200,30900,12000,49200,55600,97700,155300,438980,426020,9323410,3954076,0,0,0,0,0,
600036.SH,600036,20251209,144236000,429900,2200,94578,72485,0,,,43102654,1857050860,433000,428300,431800,431800,430000,430100,430200,430300,430400,430500,430600,430700,430800,430900,6900,22600,53400,33800,18800,9100,11500,6100,29300,33500,429900,429800,429700,429600,429500,429400,429300,429200,429100,429000,5700,47300,23400,38600,30600,12000,49200,55600,97700,155300,438980,426030,9323710,3955176,0,0,0,0,0,
600036.SH,600036,20251209,144239000,429900,400,17196,72489,0,,,43103054,1857068056,433000,428300,431800,431800,430000,430100,430200,430300,430400,430500,430600,430700,430800,430900,7400,22600,53800,33800,18800,9100,11500,6100,29300,33500,429900,429800,429700,429600,429500,429400,429300,429200,429100,429000,5500,46700,23400,37700,31600,12000,49200,55600,97700,155300,438980,426020,9324610,3953576,0,0,0,0,0,
600036.SH,600036,20251209,144242000,429900,200,8598,72490,0,,,43103254,1857076654,433000,428300,431800,431800,430000,430100,430200,430300,430400,430500,430600,430700,430800,430900,8000,22600,53800,33800,18900,9100,11500,6100,29300,33500,429900,429800,429700,429600,429500,429400,429300,429200,429100,429000,6100,49400,23400,38100,31600,12000,49200,54600,97700,155000,438980,426030,9325310,3955776,0,0,0,0,0,
600036.SH,600036,20251209,144245000,430000,1600,68800,72492,0,,,43104854,1857145454,433000,428300,431800,431800,430000,430100,430200,430300,430400,430500,430600,430700,430800,430900,6400,22600,53800,33800,18900,9100,11500,6100,29300,33500,429900,429800,429700,429600,429500,429400,429300,429200,429100,429000,7100,49700,22200,37200,36200,12000,49200,54600,97700,155100,438970,426040,9319710,3957776,0,0,0,0,0,
600036.SH,600036,20251209,144248000,429900,9000,386941,72505,0,,,43113854,1857532395,433000,428300,431800,431800,430000,430100,430200,430300,430400,430500,430600,430700,430800,430900,4500,22600,53800,33800,18900,9100,11500,6100,29300,33500,429900,429800,429700,429600,429500,429400,429300,429200,429100,429000,2000,49900,22600,37200,36200,12000,49200,54600,97700,155100,438980,426030,9317810,3953176,0,0,0,0,0,
600036.SH,600036,20251209,144251000,430000,2100,90283,72513,0,,,43115954,1857622678,433000,428300,431800,431800,430000,430100,430200,430300,430400,430500,430600,430700,430800,430900,8200,32900,53800,33800,18900,9100,11500,6100,29300,33500,429900,429800,429700,429600,429500,429400,429300,429200,429100,429000,4600,51100,22000,37200,36300,12000,49200,54600,97700,155100,438960,426030,9329010,3947276,0,0,0,0,0,
600036.SH,600036,20251209,144254000,430000,200,8600,72514,0,,,43116154,1857631278,433000,428300,431800,431800,430000,430100,430200,430300,430400,430500,430600,430700,430800,430900,12200,22600,53800,33800,18900,9100,11500,6100,29300,33500,429900,429800,429700,429600,429500,429400,429300,429200,429100,429000,5300,51100,22000,37200,36300,12000,49200,54600,97700,155100,438970,426030,9322210,3947876,0,0,0,0,0,
600036.SH,600036,20251209,144257000,429900,6900,296647,72530,0,,,43123054,1857927925,433000,428300,431800,431800,429900,430000,430100,430200,430300,430400,430500,430600,430700,430800,500,13400,22600,54300,33800,18900,9100,11500,6100,29300,429800,429700,429600,429500,429400,429300,429200,429100,429000,428900,51300,22000,36800,36300,12000,49200,54600,97700,155100,54000,438970,426030,9324410,3942276,0,0,0,0,0,
600036.SH,600036,20251209,144300000,429900,600,25791,72534,0,,,43123654,1857953716,433000,428300,431800,431800,429900,430000,430100,430200,430300,430400,430500,430600,430700,430800,2500,13000,22500,54400,33800,18900,9100,11500,6100,29300,429800,429700,429600,429500,429400,429300,429200,429100,429000,428900,50800,22000,36900,35800,12000,49200,54600,97700,155100,54000,438970,426020,9326310,3941176,0,0,0,0,0,
600036.SH,600036,20251209,144303000,429900,6800,292304,72552,0,,,43130454,1858246020,433000,428300,431800,431800,429900,430000,430100,430200,430300,430400,430500,430600,430700,430800,6600,18400,14000,49700,33800,18800,9200,11500,6100,29300,429800,429700,429600,429500,429400,429300,429200,429100,429000,428900,51000,22000,36800,35800,11800,49200,54600,97700,155100,54000,438970,426020,9313910,3941076,0,0,0,0,0,
600036.SH,600036,20251209,144306000,429900,32200,1384014,72581,0,,,43162654,1859630034,433000,428300,431800,431800,429900,430000,430100,430200,430300,430400,430500,430600,430700,430800,1600,18800,14000,49300,33800,18800,9200,11500,6100,29300,429800,429700,429600,429500,429400,429300,429200,429100,429000,428900,16700,22100,37100,35900,11800,49200,54600,97700,155200,54000,438980,425990,9308910,3907276,0,0,0,0,0,
600036.SH,600036,20251209,144309000,429800,9400,404017,72602,0,,,43172054,1860034051,433000,428300,431800,431800,429900,430000,430100,430200,430300,430400,430500,430600,430700,430800,1200,22900,18800,44000,33800,18800,9200,11500,6100,29300,429800,429700,429600,429500,429400,429300,429200,429100,429000,428900,7800,22600,37200,37500,11800,49200,54600,97700,155600,54000,438970,425990,9312110,3900976,0,0,0,0,0,
600036.SH,600036,20251209,144312000,430000,6500,279477,72619,0,,,43178554,1860313528,433000,428300,431800,431800,430000,430100,430200,430300,430400,430500,430600,430700,430800,430900,18400,18800,43900,33800,18800,9200,11500,6100,29300,33800,429800,429700,429600,429500,429400,429300,429200,429100,429000,428900,8700,23100,37200,37500,11800,49200,54600,97700,155800,54400,438980,425990,9305710,3902476,0,0,0,0,0,
600036.SH,600036,20251209,144315000,430000,2600,111795,72623,0,,,43181154,1860425323,433000,428300,431800,431800,429900,430000,430100,430200,430300,430400,430500,430600,430700,430800,100,16900,23800,43900,34300,18800,9200,11500,6100,29300,429800,429700,429600,429500,429400,429300,429200,429100,429000,428900,8700,23700,36900,36900,11900,49200,54600,97700,155800,54400,438980,425990,9309810,3901776,0,0,0,0,0,
600036.SH,600036,20251209,144318000,430000,5700,245037,72640,0,,,43186854,1860670360,433000,428300,431800,431800,430000,430100,430200,430300,430400,430500,430600,430700,430800,430900,15300,24200,43900,34300,18800,9200,11500,6100,29300,33800,429800,429700,429600,429500,429400,429300,429200,429100,429000,428900,45000,23700,36800,36900,11900,49200,54600,97700,157100,54400,438980,426020,9308510,3938676,0,0,0,0,0,
600036.SH,600036,20251209,144321000,430000,3600,154800,72645,0,,,43190454,1860825160,433000,428300,431800,431800,430000,430100,430200,430300,430400,430500,430600,430700,430800,430900,12400,24200,43900,34300,18800,9200,11500,6100,29300,33800,429900,429800,429700,429600,429500,429400,429300,429200,429100,429000,3400,51000,23700,36800,36900,13900,49200,54600,97700,157100,438980,426030,9305610,3948976,0,0,0,0,0,
600036.SH,600036,20251209,144324000,429900,13500,580407,72672,0,,,43203954,1861405567,433000,428300,431800,431800,429900,430000,430100,430200,430300,430400,430500,430600,430700,430800,1300,8200,24200,43900,34300,18800,9200,11500,6100,29300,429800,429700,429600,429500,429400,429300,429200,429100,429000,428900,51000,23700,36800,36900,13900,49200,54600,97700,157100,54400,438980,426030,9302610,3944076,0,0,0,0,0,
600036.SH,600036,20251209,144327000,429900,11000,473000,72693,0,,,43214954,1861878567,433000,428300,431800,431800,430000,430100,430200,430300,430400,430500,430600,430700,430800,430900,300,22800,43900,34300,18800,9200,11500,6100,29300,33800,429900,429800,429700,429600,429500,429400,429300,429200,429100,429000,300,50300,23700,35900,36900,14100,49200,54600,97700,157400,438990,426030,9292010,3943076,0,0,0,0,0,
600036.SH,600036,20251209,144330000,430000,5500,236401,72705,0,,,43220454,1862114968,433000,428300,431800,431800,430000,430100,430200,430300,430400,430500,430600,430700,430800,430900,200,22500,43900,34300,18800,9200,11500,6100,29300,33800,429800,429700,429600,429500,429400,429300,429200,429100,429000,428900,45400,23700,35900,36900,14100,49200,54600,97700,157400,54400,438990,426020,9291610,3937876,0,0,0,0,0,
600036.SH,600036,20251209,144333000,429800,8200,352512,72722,0,,,43228654,1862467480,433000,428300,431800,431800,430000,430100,430200,430300,430400,430500,430600,430700,430800,430900,200,20900,43900,34300,18800,9200,11500,6100,29300,33800,429800,429700,429600,429500,429400,429300,429200,429100,429000,428900,41000,23300,34800,36900,14100,49600,54600,98100,157800,54800,438990,426020,9290010,3932076,0,0,0,0,0,
600036.SH,600036,20251209,144336000,429900,2200,94561,72726,0,,,43230854,1862562041,433000,428300,431800,431800,430000,430100,430200,430300,430400,430500,430600,430700,430800,430900,400,10700,43900,45700,22400,9200,11500,6100,29300,33800,429900,429800,429700,429600,429500,429400,429300,429200,429100,429000,100,39900,22700,34800,36600,14100,50600,54600,98100,157800,438990,426020,9295010,3931176,0,0,0,0,0,
600036.SH,600036,20251209,144339000,429900,400,17196,72729,0,,,43231254,1862579237,433000,428300,431800,431800,430000,430100,430200,430300,430400,430500,430600,430700,430800,430900,800,10700,44300,45800,22400,9200,11500,6100,29300,33800,429900,429800,429700,429600,429500,429400,429300,429200,429100,429000,6300,40600,24500,35200,36600,14100,49200,54600,97700,157400,438990,426020,9295910,3936476,0,0,0,0,0,
600036.SH,600036,20251209,144342000,430000,2700,116098,72740,0,,,43233954,1862695335,433000,428300,431800,431800,430100,430200,430300,430400,430500,430600,430700,430800,430900,431000,10700,44300,45700,22400,9200,11500,6100,29300,33800,54000,430000,429900,429800,429700,429600,429500,429400,429300,429200,429100,9200,6100,41600,24900,34800,36600,14100,49200,54600,97700,438990,426030,9294910,3946376,0,0,0,0,0,
600036.SH,600036,20251209,144345000,430000,2500,107500,72743,0,,,43236454,1862802835,433000,428300,431800,431800,430100,430200,430300,430400,430500,430600,430700,430800,430900,431000,11500,44400,50300,22400,9200,11500,6100,29300,33800,54000,430000,429900,429800,429700,429600,429500,429400,429300,429200,429100,14100,6600,42600,24900,34800,36400,14100,49500,54600,97600,438990,426040,9300410,3949176,0,0,0,0,0,
600036.SH,600036,20251209,144348000,430000,3300,141900,72752,0,,,43239754,1862944735,433000,428300,431800,431800,430100,430200,430300,430400,430500,430600,430700,430800,430900,431000,11600,44400,50400,22400,9200,11500,6100,29300,33800,54000,430000,429900,429800,429700,429600,429500,429400,429300,429200,429100,11300,6600,42600,25400,34800,41400,14100,49500,54600,97600,438990,426040,9300610,3950276,0,0,0,0,0,
600036.SH,600036,20251209,144351000,430100,4300,184904,72762,0,,,43244054,1863129639,433000,428300,431800,431800,430100,430200,430300,430400,430500,430600,430700,430800,430900,431000,11300,44400,50400,22400,9200,11500,6100,29300,33800,54000,430000,429900,429800,429700,429600,429500,429400,429300,429200,429100,9400,6300,43100,24400,34800,44400,14100,49500,54600,97600,438990,426040,9300410,3950076,0,0,0,0,0,
600036.SH,600036,20251209,144354000,429900,11000,472985,72773,0,,,43255054,1863602624,433000,428300,431800,431800,430000,430100,430200,430300,430400,430500,430600,430700,430800,430900,8900,20500,44400,50300,22400,9200,11500,6100,29300,33800,429900,429800,429700,429600,429500,429400,429300,429200,429100,429000,5100,43100,24400,34800,44900,14100,49500,54600,97600,154400,438970,426030,9317910,3939476,0,0,0,0,0,
600036.SH,600036,20251209,144357000,429900,4900,210678,72778,0,,,43259954,1863813302,433000,428300,431800,431800,430000,430100,430200,430300,430400,430500,430600,430700,430800,430900,12200,32200,42200,39800,18800,9200,11500,6100,29300,33800,429900,429800,429700,429600,429500,429400,429300,429200,429100,429000,5300,43100,24400,34800,44900,14100,49500,54600,97600,156400,438970,426030,9316410,3941376,0,0,0,0,0,
600036.SH,600036,20251209,144400000,429900,200,8598,72779,0,,,43260154,1863821900,433000,428300,431800,431800,430000,430100,430200,430300,430400,430500,430600,430700,430800,430900,12700,32200,41800,39700,19600,9200,11500,6100,29300,33800,429900,429800,429700,429600,429500,429400,429300,429200,429100,429000,7800,43100,24400,34900,45100,14100,49500,54600,97600,156400,438970,426030,9317210,3943676,0,0,0,0,0,
600036.SH,600036,20251209,144403000,429800,10800,464287,72808,0,,,43270954,1864286187,433000,428300,431800,431800,429900,430000,430100,430200,430300,430400,430500,430600,430700,430800,200,11500,32200,41800,39700,19600,9200,11500,6100,29300,429800,429700,429600,429500,429400,429300,429200,429100,429000,428900,41100,23700,35200,45100,14100,49500,54600,97600,156400,54500,438970,426020,9316210,3932976,0,0,0,0,0,
600036.SH,600036,20251209,144406000,429900,4800,206384,72816,0,,,43275754,1864492571,433000,428300,431800,431800,430000,430100,430200,430300,430400,430500,430600,430700,430800,430900,8500,31400,41800,39700,19600,9200,11500,6100,29300,33800,429900,429800,429700,429600,429500,429400,429300,429200,429100,429000,500,41100,23400,35200,44600,14100,49700,54600,97600,156000,438970,426020,9312210,3932376,0,0,0,0,0,
600036.SH,600036,20251209,144409000,429800,5800,249310,72837,0,,,43281554,1864741881,433000,428300,431800,431800,429900,430000,430100,430200,430300,430400,430500,430600,430700,430800,1900,8600,28200,41300,34300,19600,9200,11500,6100,29300,429800,429700,429600,429500,429400,429300,429200,429100,429000,428900,38000,23400,35200,44600,14300,49700,54600,97600,158000,54500,438980,426020,9305110,3930876,0,0,0,0,0,
600036.SH,600036,20251209,144412000,430000,5800,249374,72848,0,,,43287354,1864991255,433000,428300,431800,431800,430000,430100,430200,430300,430400,430500,430600,430700,430800,430900,5900,28200,41300,34300,19600,9200,11500,6100,29300,33800,429800,429700,429600,429500,429400,429300,429200,429100,429000,428900,39400,22700,35200,45000,14300,49700,54600,97600,158000,54500,438980,426020,9300510,3931976,0,0,0,0,0,
600036.SH,600036,20251209,144415000,429800,8300,356739,72870,0,,,43295654,1865347994,433000,428300,431800,431800,429900,430000,430100,430200,430300,430400,430500,430600,430700,430800,9800,6200,27200,41300,34300,19600,9200,11500,6100,29300,429800,429700,429600,429500,429400,429300,429200,429100,429000,428900,33500,22700,35200,45000,14400,50100,55000,97600,158000,54500,438980,426020,9309610,3926776,0,0,0,0,0,
600036.SH,600036,20251209,144418000,429800,2300,98866,72876,0,,,43297954,1865446860,433000,428300,431800,431800,429900,430000,430100,430200,430300,430400,430500,430600,430700,430800,8900,6200,32400,41400,34300,19500,9200,11500,6100,29300,429800,429700,429600,429500,429400,429300,429200,429100,429000,428900,19800,22700,35200,45000,14400,50100,55000,97600,158000,54500,438970,426000,9313910,3912876,0,0,0,0,0,
600036.SH,600036,20251209,144421000,430000,11800,507267,72886,0,,,43309754,1865954127,433000,428300,431800,431800,430000,430100,430200,430300,430400,430500,430600,430700,430800,430900,5700,32400,41300,34200,19500,9200,11600,6100,29400,33800,429900,429800,429700,429600,429500,429400,429300,429200,429100,429000,2000,17800,22700,35600,45400,14400,49500,47700,97600,158000,438980,426000,9304510,3905376,0,0,0,0,0,
600036.SH,600036,20251209,144424000,430000,11800,507252,72907,0,,,43321554,1866461379,433000,428300,431800,431800,430000,430100,430200,430300,430400,430500,430600,430700,430800,430900,3000,32400,41300,34400,19500,9200,11500,6100,29300,33800,429800,429700,429600,429500,429400,429300,429200,429100,429000,428900,11700,23200,36900,45300,14400,49500,47700,97600,158000,54500,438980,425990,9301810,3898776,0,0,0,0,0,
600036.SH,600036,20251209,144427000,429800,8100,348200,72932,0,,,43329654,1866809579,433000,428300,431800,431800,430000,430100,430200,430300,430400,430500,430600,430700,430800,430900,2700,32000,41400,34400,19500,9200,11500,6100,29300,33800,429800,429700,429600,429500,429400,429300,429200,429100,429000,428900,24700,22200,37200,45200,14400,49500,47800,97600,158000,54500,438980,426000,9301210,3910776,0,0,0,0,0,
600036.SH,600036,20251209,144430000,429900,1200,51598,72939,0,,,43330854,1866861177,433000,428300,431800,431800,430000,430100,430200,430300,430400,430500,430600,430700,430800,430900,3800,15800,41400,45600,25300,9200,11500,6100,29300,33800,429900,429800,429700,429600,429500,429400,429300,429200,429100,429000,2200,24900,21700,37200,44800,14400,50100,47800,97600,157800,438980,426010,9303110,3912676,0,0,0,0,0,
600036.SH,600036,20251209,144433000,429800,8500,365359,72949,0,,,43339354,1867226536,433000,428300,431800,431800,429900,430000,430100,430200,430300,430400,430500,430600,430700,430800,9400,18900,12800,37700,34000,19600,9200,11500,6100,29300,429800,429700,429600,429500,429400,429300,429200,429100,429000,428900,26700,21800,37200,46000,14500,50100,47800,97500,157800,54500,438980,426010,9303610,3913776,0,0,0,0,0,
600036.SH,600036,20251209,144436000,429900,400,17195,72952,0,,,43339754,1867243731,433000,428300,431800,431800,429900,430000,430100,430200,430300,430400,430500,430600,430700,430800,9600,18900,12800,37800,33900,19600,9200,11500,6100,29300,429800,429700,429600,429500,429400,429300,429200,429100,429000,428900,10300,21800,37900,46100,14500,49500,47000,97500,157800,54500,438980,425990,9303810,3892876,0,0,0,0,0,
600036.SH,600036,20251209,144439000,429800,2400,103153,72961,0,,,43342154,1867346884,433000,428300,431800,431800,429900,430000,430100,430200,430300,430400,430500,430600,430700,430800,9500,19100,16300,37500,33900,19600,9200,11500,6100,29300,429800,429700,429600,429500,429400,429300,429200,429100,429000,428900,10000,25000,37900,46000,14500,49500,47000,97500,158100,54500,438980,425990,9307110,3895976,0,0,0,0,0,
600036.SH,600036,20251209,144442000,429800,1100,47278,72963,0,,,43343254,1867394162,433000,428300,431800,431800,429900,430000,430100,430200,430300,430400,430500,430600,430700,430800,9900,19200,16300,37500,33900,19600,9200,11500,6100,29300,429800,429700,429600,429500,429400,429300,429200,429100,429000,428900,12000,25000,37600,46000,14500,49500,47000,97500,158100,54500,438980,425990,9307610,3897676,0,0,0,0,0,
600036.SH,600036,20251209,144445000,429800,1300,55877,72966,0,,,43344554,1867450039,433000,428300,431800,431800,429900,430000,430100,430200,430300,430400,430500,430600,430700,430800,10600,19400,16900,37400,33900,19600,9200,11500,6100,29300,429800,429700,429600,429500,429400,429300,429200,429100,429000,428900,15000,25000,37600,46300,14500,49500,47000,97500,158200,54500,438980,426000,9308010,3901176,0,0,0,0,0,
600036.SH,600036,20251209,144448000,429800,200,8597,72968,0,,,43344754,1867458636,433000,428300,431800,431800,429900,430000,430100,430200,430300,430400,430500,430600,430700,430800,10500,19900,16900,37200,33900,19600,9200,11500,6100,29300,429800,429700,429600,429500,429400,429300,429200,429100,429000,428900,16100,25000,37600,46600,14500,49500,47000,97500,158200,54500,438980,426000,9307310,3901176,0,0,0,0,0,
600036.SH,600036,20251209,144451000,429900,4500,193415,72975,0,,,43349254,1867652051,433000,428300,431800,431800,429900,430000,430100,430200,430300,430400,430500,430600,430700,430800,10000,20000,17100,37200,33800,19600,9200,11500,6100,29300,429800,429700,429600,429500,429400,429300,429200,429100,429000,428900,17200,25300,38100,46900,14500,49500,47000,97500,158200,54500,438980,426000,9304510,3902976,0,0,0,0,0,
600036.SH,600036,20251209,144454000,429900,4300,184840,72985,0,,,43353554,1867836891,433000,428300,431800,431800,429900,430000,430100,430200,430300,430400,430500,430600,430700,430800,7400,20000,17100,37200,33800,19600,9200,11500,6100,29300,429800,429700,429600,429500,429400,429300,429200,429100,429000,428900,20800,25300,38200,46900,14500,49500,47000,97500,158200,54500,438980,426000,9299010,3904276,0,0,0,0,0,
600036.SH,600036,20251209,144457000,429900,600,25793,72988,0,,,43354154,1867862684,433000,428300,431800,431800,429900,430000,430100,430200,430300,430400,430500,430600,430700,430800,6900,20100,17000,37300,33800,19600,9200,11500,6100,29300,429800,429700,429600,429500,429400,429300,429200,429100,429000,428900,21900,26400,38200,46900,14500,49500,47000,97500,158200,54500,438980,426000,9298610,3906476,0,0,0,0,0,
600036.SH,600036,20251209,144500000,429900,800,34392,72991,0,,,43354954,1867897076,433000,428300,431800,431800,429900,430000,430100,430200,430300,430400,430500,430600,430700,430800,6900,20100,23000,37300,33800,19600,9200,11500,6100,29300,429800,429700,429600,429500,429400,429300,429200,429100,429000,428900,22800,26400,38300,46900,14500,49500,47000,97500,158200,54000,438980,426000,9304610,3906876,0,0,0,0,0,
600036.SH,600036,20251209,144503000,429800,5900,253592,73005,0,,,43360854,1868150668,433000,428300,431800,431800,429900,430000,430100,430200,430300,430400,430500,430600,430700,430800,7500,20100,23000,37300,33800,19600,9200,11500,6100,29300,429800,429700,429600,429500,429400,429300,429200,429100,429000,428900,23400,25900,37900,46900,14500,49500,47000,97500,158200,54000,438970,426000,9305210,3906576,0,0,0,0,0,
600036.SH,600036,20251209,144506000,429900,14500,623300,73031,0,,,43375354,1868773968,433000,428300,431800,431800,429900,430000,430100,430200,430300,430400,430500,430600,430700,430800,5000,20400,23000,37300,33800,19600,9200,11500,6100,29300,429800,429700,429600,429500,429400,429300,429200,429100,429000,428900,20900,25900,39500,46400,14500,49500,47000,98000,158900,54000,438980,426000,9303310,3907376,0,0,0,0,0,
600036.SH,600036,20251209,144509000,429800,6300,270775,73039,0,,,43381654,1869044743,433000,428300,431800,431800,429900,430000,430100,430200,430300,430400,430500,430600,430700,430800,5000,20400,23000,37200,33800,19600,9200,11500,6100,29300,429800,429700,429600,429500,429400,429300,429200,429100,429000,428900,18300,25900,41200,46400,14500,49500,47000,98000,158900,54000,438980,426000,9302610,3906476,0,0,0,0,0,
600036.SH,600036,20251209,144512000,429900,17700,760986,73061,0,,,43399354,1869805729,433000,428300,431800,431800,429900,430000,430100,430200,430300,430400,430500,430600,430700,430800,100,11300,23000,37200,33800,19600,9200,11500,6100,29300,429800,429700,429600,429500,429400,429300,429200,429100,429000,428900,15600,25900,41200,46400,14500,49500,47000,98000,158900,54000,438990,426000,9288610,3903676,0,0,0,0,0,
600036.SH,600036,20251209,144515000,430000,4300,184899,73068,0,,,43403654,1869990628,433000,428300,431800,431800,430000,430100,430200,430300,430400,430500,430600,430700,430800,430900,7100,22900,37200,33800,19600,9300,11500,6100,29300,33800,429900,429800,429700,429600,429500,429400,429300,429200,429100,429000,300,15100,25300,41300,46200,14500,49500,47000,97500,158900,439000,426000,9283310,3902076,0,0,0,0,0,
600036.SH,600036,20251209,144518000,430000,12700,546003,73094,0,,,43416354,1870536631,433000,428300,431800,431800,429900,430000,430100,430200,430300,430400,430500,430600,430700,430800,200,700,24000,41300,33800,19600,9300,11500,6100,29300,429800,429700,429600,429500,429400,429300,429200,429100,429000,428900,11800,25600,41300,45800,14500,49500,47000,97500,159400,54000,439000,426000,9282310,3898276,0,0,0,0,0,
600036.SH,600036,20251209,144521000,430000,2100,90283,73102,0,,,43418454,1870626914,433000,428300,431800,431800,430000,430100,430200,430300,430400,430500,430600,430700,430800,430900,400,8500,41300,43800,26000,9300,11500,6100,29300,33800,429800,429700,429600,429500,429400,429300,429200,429100,429000,428900,11700,25600,41300,45800,14500,49500,47000,97500,159400,53200,439000,426040,9282610,3892176,0,0,0,0,0,
600036.SH,600036,20251209,144524000,430000,5000,214949,73108,0,,,43423454,1870841863,433000,428300,431800,431800,430000,430100,430200,430300,430400,430500,430600,430700,430800,430900,12600,9000,41400,43800,25900,9300,11500,6100,29300,33800,429800,429700,429600,429500,429400,429300,429200,429100,429000,428900,7000,25600,41700,45800,14500,49500,47400,97500,159400,53200,438990,426030,9286810,3888276,0,0,0,0,0,
600036.SH,600036,20251209,144527000,429800,5000,214976,73112,0,,,43428454,1871056839,433000,428300,431800,431800,430000,430100,430200,430300,430400,430500,430600,430700,430800,430900,9500,8500,41400,43700,26400,9300,11500,6100,29300,33800,429900,429800,429700,429600,429500,429400,429300,429200,429100,429000,300,6500,26100,43100,46900,14900,49500,47400,97500,159400,438990,426040,9283610,3891176,0,0,0,0,0,
600036.SH,600036,20251209,144530000,429800,11000,472917,73130,0,,,43439454,1871529756,433000,428300,431800,431800,429900,430000,430100,430200,430300,430400,430500,430600,430700,430800,100,5600,18300,47400,33700,20000,9300,11600,6100,29300,429800,429700,429600,429500,429400,429300,429200,429100,429000,428900,5400,26600,43500,46900,14900,49500,47000,97500,159400,53200,439000,426030,9279110,3890276,0,0,0,0,0,
600036.SH,600036,20251209,144533000,429800,1000,42988,73137,0,,,43440454,1871572744,433000,428300,431800,431800,430000,430100,430200,430300,430400,430500,430600,430700,430800,430900,6600,14100,47000,38200,25400,9300,11600,6100,29300,33800,429800,429700,429600,429500,429400,429300,429200,429100,429000,428900,6900,26200,43500,47100,14900,49900,47000,97500,159400,53200,438990,426040,9285310,3892276,0,0,0,0,0,
600036.SH,600036,20251209,144536000,430000,7600,326770,73156,0,,,43448054,1871899514,433000,428300,431800,431800,430000,430100,430200,430300,430400,430500,430600,430700,430800,430900,600,13100,46900,38700,25900,9300,11600,6100,29300,33800,429800,429700,429600,429500,429400,429300,429200,429100,429000,428900,14300,26200,43500,47100,14900,49900,47000,97500,159400,23200,439000,426020,9278710,3869376,0,0,0,0,0,
600036.SH,600036,20251209,144539000,429800,4800,206304,73175,0,,,43452854,1872105818,433000,428300,431800,431800,430000,430100,430200,430300,430400,430500,430600,430700,430800,430900,900,13100,46900,38700,25900,9300,11600,6100,29300,33800,429800,429700,429600,429500,429400,429300,429200,429100,429000,428900,20200,27200,43500,47800,14900,49900,47000,97500,159400,23200,439110,426030,9118010,3876376,0,0,0,0,0,
600036.SH,600036,20251209,144542000,430000,1900,81685,73185,0,,,43454754,1872187503,433000,428300,431800,431800,430000,430100,430200,430300,430400,430500,430600,430700,430800,430900,900,13900,53600,38700,20000,9300,11600,6100,29300,33800,429900,429800,429700,429600,429500,429400,429300,429200,429100,429000,800,19900,27200,44000,47800,14900,49900,47400,97500,159400,439100,426030,9119610,3876776,0,0,0,0,0,
600036.SH,600036,20251209,144545000,430100,8600,369867,73205,0,,,43463354,1872557370,433000,428300,431800,431800,430100,430200,430300,430400,430500,430600,430700,430800,430900,431000,8200,54200,38800,19500,9200,11600,6100,29300,33800,54000,430000,429900,429800,429700,429600,429500,429400,429300,429200,429100,1000,16500,12500,28100,44000,42800,14900,49500,47000,97500,439110,426030,9112410,3881176,0,0,0,0,0,
600036.SH,600036,20251209,144548000,429900,20100,864129,73224,0,,,43483454,1873421499,433000,428300,431800,431800,429900,430000,430100,430200,430300,430400,430500,430600,430700,430800,1000,800,8500,53600,38800,20000,9700,11600,6100,29300,429800,429700,429600,429500,429400,429300,429200,429100,429000,428900,13600,28100,43600,42300,14500,49500,47000,97500,159500,23200,439110,426020,9114910,3863076,0,0,0,0,0,
600036.SH,600036,20251209,144551000,429900,5200,223534,73248,0,,,43488654,1873645033,433000,428300,431800,431800,430000,430100,430200,430300,430400,430500,430600,430700,430800,430900,600,8500,57600,38800,20000,9700,11600,6100,29300,33800,429900,429800,429700,429600,429500,429400,429300,429200,429100,429000,1500,19100,28200,44600,42300,14500,49500,47000,97800,159500,439110,426020,9117710,3870476,0,0,0,0,0,
600036.SH,600036,20251209,144554000,429900,11100,477149,73271,0,,,43499754,1874122182,433000,428300,431800,431800,430000,430100,430200,430300,430400,430500,430600,430700,430800,430900,2200,7200,57800,38800,20000,9700,11600,6100,29300,33800,429900,429800,429700,429600,429500,429400,429300,429200,429100,429000,600,14800,28200,44600,42300,14500,49500,47000,97800,159500,439110,426020,9117910,3864876,0,0,0,0,0,
600036.SH,600036,20251209,144557000,430100,7200,309605,73284,0,,,43506954,1874431787,433000,428300,431800,431800,430100,430200,430300,430400,430500,430600,430700,430800,430900,431000,5900,47100,38800,26600,13400,11600,6100,29300,33800,53700,429900,429800,429700,429600,429500,429400,429300,429200,429100,429000,1100,14400,28200,44600,42300,14500,49500,47000,97800,159500,439110,426020,9114610,3864976,0,0,0,0,0,
600036.SH,600036,20251209,144600000,430000,4700,202060,73297,0,,,43511654,1874633847,433000,428300,431800,431800,430000,430100,430200,430300,430400,430500,430600,430700,430800,430900,2400,4900,47100,38800,26100,12900,11600,6100,29300,33800,429900,429800,429700,429600,429500,429400,429300,429200,429100,429000,500,21100,28200,42900,42300,14500,49500,47000,97800,159500,439110,426020,9115110,3869176,0,0,0,0,0,
600036.SH,600036,20251209,144603000,430000,900,38700,73300,0,,,43512554,1874672547,433000,428300,431800,431800,430000,430100,430200,430300,430400,430500,430600,430700,430800,430900,9200,16300,52400,33800,19500,9200,11600,6100,29300,33800,429900,429800,429700,429600,429500,429400,429300,429200,429100,429000,900,17000,28700,42900,42300,14500,49500,47000,97800,159500,439100,426020,9123210,3865976,0,0,0,0,0,
600036.SH,600036,20251209,144606000,429900,6300,270899,73313,0,,,43518854,1874943446,433000,428300,431800,431800,430000,430100,430200,430300,430400,430500,430600,430700,430800,430900,3100,16300,52400,33800,19500,9200,11600,6100,29300,33800,429900,429800,429700,429600,429500,429400,429300,429200,429100,429000,800,17000,29200,43000,42300,14500,50500,47000,97800,159000,439110,426020,9116910,3865276,0,0,0,0,0,
600036.SH,600036,20251209,144609000,429900,4600,197758,73329,0,,,43523454,1875141204,433000,428300,431800,431800,430000,430100,430200,430300,430400,430500,430600,430700,430800,430900,2200,17100,52400,33800,19500,9200,11600,6100,29300,33800,429900,429800,429700,429600,429500,429400,429300,429200,429100,429000,400,20300,30200,42600,42300,14500,50500,47000,97800,159000,439110,426020,9116810,3868176,0,0,0,0,0,
600036.SH,600036,20251209,144612000,429900,4500,193509,73340,0,,,43527954,1875334713,433000,428300,431800,431800,430100,430200,430300,430400,430500,430600,430700,430800,430900,431000,16200,38600,33800,30800,13300,11600,6100,29300,33800,53700,429900,429800,429700,429600,429500,429400,429300,429200,429100,429000,5200,18500,30200,43200,42300,15000,50500,47000,98100,159000,439110,426030,9114310,3870276,0,0,0,0,0,
600036.SH,600036,20251209,144615000,429900,7400,318228,73355,0,,,43535354,1875652941,433000,428300,431800,431800,430000,430100,430200,430300,430400,430500,430600,430700,430800,430900,300,11100,38400,63900,30900,14000,11500,6100,29300,33800,429900,429800,429700,429600,429500,429400,429300,429200,429100,429000,3700,18600,30200,43200,42300,15000,50500,47000,98100,159000,439080,426020,9140210,3868876,0,0,0,0,0,
600036.SH,600036,20251209,144618000,429900,100,4299,73356,0,,,43535454,1875657240,433000,428300,431800,431800,430000,430100,430200,430300,430400,430500,430600,430700,430800,430900,24400,18200,46700,63900,19600,9900,11500,6100,29300,33800,429900,429800,429700,429600,429500,429400,429300,429200,429100,429000,6500,20300,30600,43100,42300,14500,50500,47000,98100,159000,439060,426030,9164210,3873276,0,0,0,0,0,
600036.SH,600036,20251209,144621000,430000,16000,687957,73369,0,,,43551454,1876345197,433000,428300,431800,431800,430000,430100,430200,430300,430400,430500,430600,430700,430800,430900,13100,20600,47400,64000,19600,9200,11500,6100,29300,33800,429900,429800,429700,429600,429500,429400,429300,429200,429100,429000,8200,20300,30600,43100,42300,14800,50500,47000,98100,159000,439070,426030,9155310,3875276,0,0,0,0,0,
600036.SH,600036,20251209,144624000,429800,12600,541674,73388,0,,,43564054,1876886871,433000,428300,431800,431800,430000,430100,430200,430300,430400,430500,430600,430700,430800,430900,12800,19700,50800,64000,19600,9400,11500,6100,29300,33800,429900,429800,429700,429600,429500,429400,429300,429200,429100,429000,4500,19500,31100,43100,42300,14800,50500,47000,98100,158600,439070,426030,9157710,3869676,0,0,0,0,0,
600036.SH,600036,20251209,144627000,429900,11100,477196,73399,0,,,43575154,1877364067,433000,428300,431800,431800,429900,430000,430100,430200,430300,430400,430500,430600,430700,430800,18300,31300,9800,47400,63900,19600,9400,11500,6100,29300,429800,429700,429600,429500,429400,429300,429200,429100,429000,428900,20300,31100,43100,42300,14800,50500,47000,98100,158600,23200,439040,426020,9181110,3864976,0,0,0,0,0,
600036.SH,600036,20251209,144630000,429800,25700,1104537,73472,0,,,43600854,1878468604,433000,428300,431800,431800,429900,430000,430100,430200,430300,430400,430500,430600,430700,430800,33500,15700,9900,46700,63900,19600,9400,11500,6100,29300,429800,429700,429600,429500,429400,429300,429200,429100,429000,428900,1100,25900,43200,42300,14800,50500,47000,98000,158200,23200,439040,426000,9180210,3839676,0,0,0,0,0,
600036.SH,600036,20251209,144633000,429900,2800,120350,73489,0,,,43603654,1878588954,433000,428300,431800,431800,429900,430000,430100,430200,430300,430400,430500,430600,430700,430800,30200,15700,9900,46800,68700,19500,9400,11500,6100,29300,429800,429700,429600,429500,429400,429300,429200,429100,429000,428900,2100,25900,43200,42300,14800,50500,47000,98000,158200,23200,439040,426000,9181710,3837976,0,0,0,0,0,
600036.SH,600036,20251209,144636000,429800,11200,481426,73505,0,,,43614854,1879070380,433000,428300,431800,431800,429900,430000,430100,430200,430300,430400,430500,430600,430700,430800,25200,15800,9900,46600,63900,19500,9400,11500,6100,29300,429800,429700,429600,429500,429400,429300,429200,429100,429000,428900,2000,25900,43100,42300,14800,50500,47000,98000,158200,23200,439050,426000,9171810,3837776,0,0,0,0,0,
600036.SH,600036,20251209,144639000,429800,3600,154741,73517,0,,,43618454,1879225121,433000,428300,431800,431800,429900,430000,430100,430200,430300,430400,430500,430600,430700,430800,24100,20200,14200,42700,63900,19500,9400,11500,6100,29300,429800,429700,429600,429500,429400,429300,429200,429100,429000,428900,1700,25100,42600,42300,14500,50500,47000,98000,158200,23200,439050,426000,9173510,3833176,0,0,0,0,0,
600036.SH,600036,20251209,144642000,429700,3300,141823,73527,0,,,43621754,1879366944,433000,428300,431800,431800,429900,430000,430100,430200,430300,430400,430500,430600,430700,430800,24100,20400,14200,42700,63900,19500,9400,11500,6100,29300,429800,429700,429600,429500,429400,429300,429200,429100,429000,428900,100,23800,43100,42300,14500,50500,47000,98000,158200,23200,439060,426000,9163910,3830376,0,0,0,0,0,
600036.SH,600036,20251209,144645000,429700,7400,318028,73548,0,,,43629154,1879684972,433000,428300,431800,431800,429900,430000,430100,430200,430300,430400,430500,430600,430700,430800,24800,20400,14400,42700,63900,19500,9400,11500,6100,29300,429700,429600,429500,429400,429300,429200,429100,429000,428900,428800,21900,42600,42300,14500,50500,47000,98000,158200,23200,242200,439050,426000,9164510,3827876,0,0,0,0,0,
600036.SH,600036,20251209,144648000,429800,100,4298,73549,0,,,43629254,1879689270,433000,428300,431800,431800,429900,430000,430100,430200,430300,430400,430500,430600,430700,430800,24800,19600,14500,43200,62900,19500,9400,11500,6100,29300,429800,429700,429600,429500,429400,429300,429200,429100,429000,428900,1400,25100,43200,42300,14400,50500,47000,98400,158300,23200,439060,426000,9163310,3833576,0,0,0,0,0,
600036.SH,600036,20251209,144651000,429900,18100,778099,73574,0,,,43647354,1880467369,433000,428300,431800,431800,429900,430000,430100,430200,430300,430400,430500,430600,430700,430800,8700,20700,14500,42500,62900,19500,9400,11500,6100,29300,429800,429700,429600,429500,429400,429300,429200,429100,429000,428900,2600,25300,43200,41800,14400,50500,47000,98000,159100,23200,439070,426000,9147610,3834376,0,0,0,0,0,
600036.SH,600036,20251209,144654000,430000,22800,980242,73601,0,,,43670154,1881447611,433000,428300,431800,431800,430000,430100,430200,430300,430400,430500,430600,430700,430800,430900,12100,14400,42100,62900,19500,9400,11500,6100,29300,33800,429900,429800,429700,429600,429500,429400,429300,429200,429100,429000,300,10800,25600,43700,41800,14500,50500,47000,98000,159100,439090,426010,9129810,3842376,0,0,0,0,0,
600036.SH,600036,20251209,144657000,430000,7400,318119,73617,0,,,43677554,1881765730,433000,428300,431800,431800,430000,430100,430200,430300,430400,430500,430600,430700,430800,430900,10300,14400,42100,62900,19500,9400,11900,6100,29300,33800,429800,429700,429600,429500,429400,429300,429200,429100,429000,428900,8500,26100,43900,42000,14500,50500,47000,98000,159100,23200,439090,426010,9128410,3835476,0,0,0,0,0,
600036.SH,600036,20251209,144700000,429900,5500,236459,73636,0,,,43683054,1882002189,433000,428300,431800,431800,429900,430000,430100,430200,430300,430400,430500,430600,430700,430800,200,7100,3300,42100,70900,23700,9400,11500,6100,29300,429800,429700,429600,429500,429400,429300,429200,429100,429000,428900,7000,23300,43900,42000,14500,50500,47000,98000,159100,23200,439090,426010,9126110,3829076,0,0,0,0,0,
600036.SH,600036,20251209,144703000,429900,6900,296641,73644,0,,,43689954,1882298830,433000,428300,431800,431800,430000,430100,430200,430300,430400,430500,430600,430700,430800,430900,6200,3300,42100,70900,23700,9400,11500,6100,29300,33800,429900,429800,429700,429600,429500,429400,429300,429200,429100,429000,13200,28400,23600,43800,43000,14500,50500,47000,98000,159100,439090,426040,9125010,3862876,0,0,0,0,0,
600036.SH,600036,20251209,144706000,430000,6800,292400,73663,0,,,43696754,1882591230,433000,428300,431800,431800,430000,430100,430200,430300,430400,430500,430600,430700,430800,430900,300,11800,50500,63300,19500,9400,11500,6100,29300,33800,429900,429800,429700,429600,429500,429400,429300,429200,429100,429000,20100,28500,24100,44100,44000,14500,50700,47000,98000,159100,439090,426050,9125110,3871776,0,0,0,0,0,
600036.SH,600036,20251209,144709000,429900,11800,507308,73683,0,,,43708554,1883098538,433000,428300,431800,431800,430000,430100,430200,430300,430400,430500,430600,430700,430800,430900,100,13500,37700,63600,23800,17900,11500,6100,29300,33800,429900,429800,429700,429600,429500,429400,429300,429200,429100,429000,15500,28900,23700,43600,45000,14500,50700,47000,98000,158100,439090,426050,9124010,3866376,0,0,0,0,0,
600036.SH,600036,20251209,144712000,430100,13900,597798,73699,0,,,43722454,1883696336,433000,428300,431800,431800,430100,430200,430300,430400,430500,430600,430700,430800,430900,431000,7500,37600,63700,23900,17900,11500,6100,29300,33800,53800,430000,429900,429800,429700,429600,429500,429400,429300,429200,429100,200,15200,29300,23700,35000,45000,14500,50700,47000,98000,439100,426040,9118010,3861976,0,0,0,0,0,
600036.SH,600036,20251209,144715000,430000,7700,331073,73707,0,,,43730154,1884027409,433000,428300,431800,431800,430000,430100,430200,430300,430400,430500,430600,430700,430800,430900,3900,16500,41600,71900,19600,9400,11500,6100,29300,33800,429900,429800,429700,429600,429500,429400,429300,429200,429100,429000,13500,26400,23700,32300,45600,14500,50600,47000,98000,162800,439090,426040,9128610,3852976,0,0,0,0,0,
600036.SH,600036,20251209,144718000,429900,20800,894179,73735,0,,,43750954,1884921588,433000,428300,431800,431800,429900,430000,430100,430200,430300,430400,430500,430600,430700,430800,400,16800,11200,47100,67900,19600,9400,11500,6100,29300,429800,429700,429600,429500,429400,429300,429200,429100,429000,428900,23200,20700,31100,45600,14500,50600,47000,98000,162800,23200,439080,426020,9138110,3832176,0,0,0,0,0,
600036.SH,600036,20251209,144721000,429900,1600,68784,73739,0,,,43752554,1884990372,433000,428300,431800,431800,429900,430000,430100,430200,430300,430400,430500,430600,430700,430800,11300,8700,12200,46700,67000,19500,9400,11500,6100,29300,429800,429700,429600,429500,429400,429300,429200,429100,429000,428900,26700,21000,31600,46000,14500,50600,47000,98000,162600,23200,439080,426020,9140510,3836676,0,0,0,0,0,
600036.SH,600036,20251209,144724000,429800,6600,283677,73749,0,,,43759154,1885274049,433000,428300,431800,431800,429900,430000,430100,430200,430300,430400,430500,430600,430700,430800,13400,13000,16000,42700,62800,19500,9400,11500,6100,29300,429800,429700,429600,429500,429400,429300,429200,429100,429000,428900,21100,21000,31600,46000,14600,50600,47000,97700,162600,23200,439070,426020,9142510,3828876,0,0,0,0,0,
600036.SH,600036,20251209,144727000,429800,5900,253585,73755,0,,,43765054,1885527634,433000,428300,431800,431800,429900,430000,430100,430200,430300,430400,430500,430600,430700,430800,15200,13100,16000,42800,62800,19500,9400,11500,6100,29300,429800,429700,429600,429500,429400,429300,429200,429100,429000,428900,17700,21000,31600,46600,14600,50600,47000,97700,162600,23200,439070,426010,9144510,3823976,0,0,0,0,0,
600036.SH,600036,20251209,144730000,429800,5800,249294,73762,0,,,43770854,1885776928,433000,428300,431800,431800,429900,430000,430100,430200,430300,430400,430500,430600,430700,430800,14200,14100,16000,42700,62800,19500,9400,11500,6100,29300,429800,429700,429600,429500,429400,429300,429200,429100,429000,428900,15100,21300,31600,46600,14600,50600,47000,97700,163700,23200,439070,426010,9144410,3822076,0,0,0,0,0,
600036.SH,600036,20251209,144733000,429800,3400,146133,73770,0,,,43774254,1885923061,433000,428300,431800,431800,429900,430000,430100,430200,430300,430400,430500,430600,430700,430800,16900,14100,22300,42700,62900,19500,12200,11500,6100,29300,429800,429700,429600,429500,429400,429300,429200,429100,429000,428900,11900,21300,31800,47100,14600,50600,47000,97700,163200,23200,439060,426010,9152110,3816876,0,0,0,0,0,
600036.SH,600036,20251209,144736000,429800,6300,270774,73777,0,,,43780554,1886193835,433000,428300,431800,431800,429900,430000,430100,430200,430300,430400,430500,430600,430700,430800,16900,14100,22800,42700,62900,19500,12200,11600,6100,29300,429800,429700,429600,429500,429400,429300,429200,429100,429000,428900,6000,21500,31700,47300,14600,50600,47000,97700,163300,23200,439060,426000,9152710,3812576,0,0,0,0,0,
600036.SH,600036,20251209,144739000,429800,6000,257930,73784,0,,,43786554,1886451765,433000,428300,431800,431800,429900,430000,430100,430200,430300,430400,430500,430600,430700,430800,14900,13500,22800,42700,62900,19500,12200,11600,6100,29300,429800,429700,429600,429500,429400,429300,429200,429100,429000,428900,6500,21700,32100,47200,14600,50600,47000,97700,163100,23200,439060,426000,9150210,3813376,0,0,0,0,0,
600036.SH,600036,20251209,144742000,429800,4100,176221,73798,0,,,43790654,1886627986,433000,428300,431800,431800,429900,430000,430100,430200,430300,430400,430500,430600,430700,430800,14600,13600,22800,42700,62900,19500,12200,11600,6100,29300,429800,429700,429600,429500,429400,429300,429200,429100,429000,428900,10700,22400,32100,47600,14600,50600,47000,97700,163100,23200,439060,426010,9150010,3818176,0,0,0,0,0,
600036.SH,600036,20251209,144745000,429800,0,0,73798,0,,,43790654,1886627986,433000,428300,431800,431800,429900,430000,430100,430200,430300,430400,430500,430600,430700,430800,14700,13600,22800,42700,62900,19500,12200,11600,6100,29300,429800,429700,429600,429500,429400,429300,429200,429100,429000,428900,24400,22400,32100,47600,14600,50600,47000,97700,163300,23200,439070,426020,9149610,3831976,0,0,0,0,0,
600036.SH,600036,20251209,144748000,429800,2100,90266,73807,0,,,43792754,1886718252,433000,428300,431800,431800,429900,430000,430100,430200,430300,430400,430500,430600,430700,430800,16100,13600,22800,42700,62900,19500,12200,11600,6100,29300,429800,429700,429600,429500,429400,429300,429200,429100,429000,428900,24800,22400,32100,47600,14600,50600,47000,97600,163300,23200,439060,426050,9151010,3826476,0,0,0,0,0,
600036.SH,600036,20251209,144751000,429900,4800,206336,73820,0,,,43797554,1886924588,433000,428300,431800,431800,429900,430000,430100,430200,430300,430400,430500,430600,430700,430800,11600,13600,22800,42700,62900,19500,12200,11600,6100,29300,429800,429700,429600,429500,429400,429300,429200,429100,429000,428900,24400,22400,32100,47600,14600,50600,47000,97600,163300,23200,439070,426060,9146510,3823676,0,0,0,0,0,
600036.SH,600036,20251209,144754000,429900,7200,309528,73836,0,,,43804754,1887234116,433000,428300,431800,431800,429900,430000,430100,430200,430300,430400,430500,430600,430700,430800,16800,13600,29200,42700,62900,19500,12200,11600,6100,29300,429800,429700,429600,429500,429400,429300,429200,429100,429000,428900,25000,22500,32100,49200,14600,50600,47000,97600,163300,23200,439060,426060,9158110,3825476,0,0,0,0,0,
600036.SH,600036,20251209,144757000,429800,3400,146134,73841,0,,,43808154,1887380250,433000,428300,431800,431800,429900,430000,430100,430200,430300,430400,430500,430600,430700,430800,22400,14700,29200,42700,62900,19500,12200,11600,6100,29300,429800,429700,429600,429500,429400,429300,429200,429100,429000,428900,23000,32500,32100,49200,14600,50600,47000,97600,163300,23200,439050,426060,9164810,3830676,0,0,0,0,0,
600036.SH,600036,20251209,144800000,429900,400,17196,73843,0,,,43808554,1887397446,433000,428300,431800,431800,429900,430000,430100,430200,430300,430400,430500,430600,430700,430800,17700,15300,29200,42700,62900,19500,12200,11600,6100,29300,429800,429700,429600,429500,429400,429300,429200,429100,429000,428900,23700,32500,32100,49200,14600,50600,47000,97600,162300,23300,439180,426070,9191610,3820076,0,0,0,0,0,
600036.SH,600036,20251209,144803000,429800,27100,1164778,73873,0,,,43835654,1888562224,433000,428300,431800,431800,429800,429900,430000,430100,430200,430300,430400,430500,430600,430700,24900,24300,14400,29200,42100,62900,19500,12200,11600,6100,429700,429600,429500,429400,429300,429200,429100,429000,428900,428800,32300,32100,49000,14600,50600,47000,97600,161800,23300,240600,439150,426050,9218310,3795276,0,0,0,0,0,
600036.SH,600036,20251209,144806000,429700,37000,1590154,73894,0,,,43872654,1890152378,433000,428300,431800,431800,429800,429900,430000,430100,430200,430300,430400,430500,430600,430700,3600,40000,15700,9600,36600,62700,19500,12200,11600,6100,429700,429600,429500,429400,429300,429200,429100,429000,428900,428800,21700,32100,49000,14600,50600,47000,97600,161800,23100,240600,439180,426030,9188610,3779076,0,0,0,0,0,
600036.SH,600036,20251209,144809000,429700,1800,77356,73901,0,,,43874454,1890229734,433000,428300,431800,431800,429800,429900,430000,430100,430200,430300,430400,430500,430600,430700,10100,40900,15700,8600,36100,62700,19500,12100,11600,6100,429700,429600,429500,429400,429300,429200,429100,429000,428900,428800,27300,32100,49000,14600,50600,47000,97600,161800,23100,240600,439170,426040,9194410,3784776,0,0,0,0,0,
600036.SH,600036,20251209,144812000,429700,37200,1598453,73959,0,,,43911654,1891828187,433000,428300,431800,431800,429700,429800,429900,430000,430100,430200,430300,430400,430500,430600,500,9200,41800,22400,8500,36100,62700,19500,12100,11600,429600,429500,429400,429300,429200,429100,429000,428900,428800,428700,27800,49100,15000,50600,47000,97600,161700,23100,240500,30200,439160,426010,9201510,3755376,0,0,0,0,0,
600036.SH,600036,20251209,144815000,429600,28200,1211534,74011,0,,,43939854,1893039721,433000,428300,431800,431800,429700,429800,429900,430000,430100,430200,430300,430400,430500,430600,8700,9100,42700,22400,7600,36100,62700,19500,12100,11600,429600,429500,429400,429300,429200,429100,429000,428900,428800,428700,5900,49100,15000,50600,47000,97600,161900,23100,240500,30200,439160,425990,9209610,3733776,0,0,0,0,0,
600036.SH,600036,20251209,144818000,429700,6200,266355,74028,0,,,43946054,1893306076,433000,428300,431800,431800,429700,429800,429900,430000,430100,430200,430300,430400,430500,430600,21400,14400,30900,10800,8300,36100,62700,19500,12100,11600,429600,429500,429400,429300,429200,429100,429000,428900,428800,428700,500,49100,15000,50600,47000,97600,157200,23100,190500,30200,439160,425950,9204910,3672076,0,0,0,0,0,
600036.SH,600036,20251209,144821000,429600,9100,390932,74040,0,,,43955154,1893697008,433000,428300,431800,431800,429700,429800,429900,430000,430100,430200,430300,430400,430500,430600,18000,14400,30800,10800,8300,36100,62700,19500,12100,11600,429600,429500,429400,429300,429200,429100,429000,428900,428800,428700,1000,50200,15000,50600,47100,97600,157200,23100,190500,30200,439160,425950,9197310,3673776,0,0,0,0,0,
600036.SH,600036,20251209,144824000,429600,1900,81627,74048,0,,,43957054,1893778635,433000,428300,431800,431800,429700,429800,429900,430000,430100,430200,430300,430400,430500,430600,18700,7500,29900,10800,8200,36100,62700,19500,12100,11600,429600,429500,429400,429300,429200,429100,429000,428900,428800,428700,4200,49000,15000,50600,47100,97600,157200,23200,190500,30200,439170,425950,9190010,3667876,0,0,0,0,0,
600036.SH,600036,20251209,144827000,429800,23000,988299,74087,0,,,43980054,1894766934,433000,428300,431800,431800,429800,429900,430000,430100,430200,430300,430400,430500,430600,430700,6000,29900,10800,8200,36100,62700,19500,12100,11600,6100,429700,429600,429500,429400,429300,429200,429100,429000,428900,428800,100,1900,49400,15100,50600,47100,97600,157200,23200,190500,439190,425940,9162810,3666176,0,0,0,0,0,
600036.SH,600036,20251209,144830000,429700,1800,77330,74093,0,,,43981854,1894844264,433000,428300,431800,431800,429800,429900,430000,430100,430200,430300,430400,430500,430600,430700,6000,21100,10800,17300,46200,62700,19500,12100,11600,6100,429700,429600,429500,429400,429300,429200,429100,429000,428900,428800,6000,6700,49700,15200,50600,47100,97600,158200,23200,190600,439190,425960,9168210,3678676,0,0,0,0,0,
600036.SH,600036,20251209,144833000,429800,100,4298,74094,0,,,43981954,1894848562,433000,428300,431800,431800,429800,429900,430000,430100,430200,430300,430400,430500,430600,430700,7600,19400,11300,17300,46200,62600,19500,12100,11600,6100,429700,429600,429500,429400,429300,429200,429100,429000,428900,428800,13100,12100,50300,15300,50600,47100,97600,157800,23200,190600,439180,425970,9168510,3690076,0,0,0,0,0,
600036.SH,600036,20251209,144836000,429700,6500,279305,74101,0,,,43988454,1895127867,433000,428300,431800,431800,429800,429900,430000,430100,430200,430300,430400,430500,430600,430700,8100,29400,22100,8200,36100,62700,19500,12100,11600,6100,429700,429600,429500,429400,429300,429200,429100,429000,428900,428800,7300,14800,50600,15300,50600,47100,97600,157800,23200,190600,439180,425970,9170510,3686776,0,0,0,0,0,
600036.SH,600036,20251209,144839000,429800,1400,60160,74106,0,,,43989854,1895188027,433000,428300,431800,431800,429800,429900,430000,430100,430200,430300,430400,430500,430600,430700,8300,29400,22100,8300,36100,62700,19500,12100,11600,6100,429700,429600,429500,429400,429300,429200,429100,429000,428900,428800,7400,22700,51600,15300,50600,47100,97600,157800,23200,190600,439180,425980,9170810,3690776,0,0,0,0,0,
600036.SH,600036,20251209,144842000,429900,8600,369630,74118,0,,,43998454,1895557657,433000,428300,431800,431800,429900,430000,430100,430200,430300,430400,430500,430600,430700,430800,29200,22000,8200,36100,62700,19600,12200,11600,6100,29300,429700,429600,429500,429400,429300,429200,429100,429000,428900,428800,9700,23800,51800,15300,50600,47100,92600,158400,23200,190600,439190,425980,9162210,3688876,0,0,0,0,0,
600036.SH,600036,20251209,144845000,429700,3900,167604,74124,0,,,44002354,1895725261,433000,428300,431800,431800,429900,430000,430100,430200,430300,430400,430500,430600,430700,430800,29200,22000,8200,36100,62700,19600,12200,11600,6100,29300,429700,429600,429500,429400,429300,429200,429100,429000,428900,428800,10300,24000,50800,15300,50600,47100,92600,158400,23200,190600,439190,425980,9162210,3686176,0,0,0,0,0,
600036.SH,600036,20251209,144848000,429700,1400,60171,74128,0,,,44003754,1895785432,433000,428300,431800,431800,429900,430000,430100,430200,430300,430400,430500,430600,430700,430800,28800,22200,8200,36100,62700,19600,12200,11600,6100,29300,429800,429700,429600,429500,429400,429300,429200,429100,429000,428900,600,12400,24200,50800,15200,51100,47800,93000,158400,23300,439190,425980,9162010,3689576,0,0,0,0,0,
600036.SH,600036,20251209,144851000,429800,8175,351397,74143,0,,,44011929,1896136829,433000,428300,431800,431800,429900,430000,430100,430200,430300,430400,430500,430600,430700,430800,25300,22300,11700,36100,62700,19500,12100,11600,6100,29300,429800,429700,429600,429500,429400,429300,429200,429100,429000,428900,6525,15300,28400,50800,14800,52100,47300,93400,158400,23300,439190,425990,9161910,3699501,0,0,0,0,0,
600036.SH,600036,20251209,144854000,429900,600,25793,74146,0,,,44012529,1896162622,433000,428300,431800,431800,429900,430000,430100,430200,430300,430400,430500,430600,430700,430800,24800,22800,11700,36100,62700,19500,12100,11600,6100,29300,429800,429700,429600,429500,429400,429300,429200,429100,429000,428900,6825,15600,28300,50800,14900,52100,47300,93400,158400,23200,439190,425990,9161110,3699601,0,0,0,0,0,
600036.SH,600036,20251209,144857000,429900,22500,967240,74169,0,,,44035029,1897129862,433000,428300,431800,431800,429900,430000,430100,430200,430300,430400,430500,430600,430700,430800,6400,22700,11700,36200,62700,19500,12100,11600,6100,29300,429800,429700,429600,429500,429400,429300,429200,429100,429000,428900,6025,16300,28600,50800,14900,52100,47300,93400,158400,23200,439210,426000,9143110,3701501,0,0,0,0,0,
600036.SH,600036,20251209,144900000,429800,4100,176232,74173,0,,,44039129,1897306094,433000,428300,431800,431800,429900,430000,430100,430200,430300,430400,430500,430600,430700,430800,5200,23000,11700,36200,62700,19500,12100,11600,6100,29300,429800,429700,429600,429500,429400,429300,429200,429100,429000,428900,5625,16000,28600,51800,14900,52100,47300,93400,158400,23200,439210,426050,9142210,3696001,0,0,0,0,0,
600036.SH,600036,20251209,144903000,429900,2000,85972,74181,0,,,44041129,1897392066,433000,428300,431800,431800,429900,430000,430100,430200,430300,430400,430500,430600,430700,430800,26200,23000,17900,36200,62700,19500,12100,11600,6100,29300,429800,429700,429600,429500,429400,429300,429200,429100,429000,428900,4725,19700,28600,51800,14900,52100,47300,93400,158400,23200,439180,426060,9169410,3698801,0,0,0,0,0,
600036.SH,600036,20251209,144906000,429700,7300,313731,74194,0,,,44048429,1897705797,433000,428300,431800,431800,429900,430000,430100,430200,430300,430400,430500,430600,430700,430800,14800,23000,18200,36200,62700,19500,12100,11600,6100,29300,429700,429600,429500,429400,429300,429200,429100,429000,428900,428800,17425,28600,53800,14800,52100,47300,93400,158400,23300,187500,439200,426050,9157310,3694501,0,0,0,0,0,
600036.SH,600036,20251209,144909000,429800,1700,73080,74199,0,,,44050129,1897778877,433000,428300,431800,431800,429900,430000,430100,430200,430300,430400,430500,430600,430700,430800,15900,22800,18200,36200,62700,19500,12100,11600,6100,29300,429700,429600,429500,429400,429300,429200,429100,429000,428900,428800,19625,28600,55200,14800,52100,47300,93400,158900,23300,187500,439200,426060,9157210,3698601,0,0,0,0,0,
600036.SH,600036,20251209,144912000,429700,1700,73055,74209,0,,,44051829,1897851932,433000,428300,431800,431800,429900,430000,430100,430200,430300,430400,430500,430600,430700,430800,15800,22800,18200,36200,62700,19500,12100,11600,6100,29300,429700,429600,429500,429400,429300,429200,429100,429000,428900,428800,18825,28500,55700,14800,52700,47800,93400,158900,23300,187500,439200,426060,9157110,3698801,0,0,0,0,0,
600036.SH,600036,20251209,144915000,429900,4800,206297,74221,0,,,44056629,1898058229,433000,428300,431800,431800,429900,430000,430100,430200,430300,430400,430500,430600,430700,430800,16200,17500,18200,42700,62700,19900,12100,11600,6100,29300,429800,429700,429600,429500,429400,429300,429200,429100,429000,428900,200,21925,28700,56200,14800,52700,47900,93400,159000,23300,439190,426060,9159110,3703001,0,0,0,0,0,
600036.SH,600036,20251209,144918000,429800,3400,146148,74232,0,,,44060029,1898204377,433000,428300,431800,431800,429900,430000,430100,430200,430300,430400,430500,430600,430700,430800,15200,18100,18600,42700,62700,19500,12100,11600,6100,29300,429800,429700,429600,429500,429400,429300,429200,429100,429000,428900,1300,20925,30600,55800,14900,52700,47900,93400,158800,23200,439190,426060,9158710,3702801,0,0,0,0,0,
600036.SH,600036,20251209,144921000,429800,0,0,74232,0,,,44060029,1898204377,433000,428300,431800,431800,429900,430000,430100,430200,430300,430400,430500,430600,430700,430800,15200,18100,18600,42700,62700,19500,12100,11600,6100,29300,429800,429700,429600,429500,429400,429300,429200,429100,429000,428900,6100,20925,31500,55800,14800,52100,47400,93400,157900,23200,439190,426060,9158710,3705601,0,0,0,0,0,
600036.SH,600036,20251209,144924000,429900,4800,206352,74236,0,,,44064829,1898410729,433000,428300,431800,431800,429900,430000,430100,430200,430300,430400,430500,430600,430700,430800,17800,18100,23400,42700,62700,19500,12100,11600,6100,29300,429800,429700,429600,429500,429400,429300,429200,429100,429000,428900,6700,21625,37300,56100,14800,52100,47400,93400,157900,23200,439190,426070,9166110,3712801,0,0,0,0,0,
600036.SH,600036,20251209,144927000,429900,2300,98859,74242,0,,,44067129,1898509588,433000,428300,431800,431800,429900,430000,430100,430200,430300,430400,430500,430600,430700,430800,17400,18100,23400,42700,62700,19500,12100,11600,6100,29300,429800,429700,429600,429500,429400,429300,429200,429100,429000,428900,5600,21325,38400,56600,14800,52100,47400,93400,157900,23200,439190,426070,9162710,3698001,0,0,0,0,0,
600036.SH,600036,20251209,144930000,429800,6000,257901,74252,0,,,44073129,1898767489,433000,428300,431800,431800,429900,430000,430100,430200,430300,430400,430500,430600,430700,430800,15400,17100,23500,42700,62700,19500,12100,11600,6100,29300,429800,429700,429600,429500,429400,429300,429200,429100,429000,428900,3700,21325,37400,56700,14800,52100,47400,93400,158400,23200,439190,426070,9159810,3695701,0,0,0,0,0,
600036.SH,600036,20251209,144933000,429800,3700,159032,74268,0,,,44076829,1898926521,433000,428300,431800,431800,429900,430000,430100,430200,430300,430400,430500,430600,430700,430800,14800,17100,23500,42700,62700,19500,12100,11600,6100,29300,429800,429700,429600,429500,429400,429300,429200,429100,429000,428900,6900,20825,37800,56800,15800,52100,47400,93400,158400,23100,439190,426070,9159210,3698401,0,0,0,0,0,
600036.SH,600036,20251209,144936000,429900,8300,356816,74286,0,,,44085129,1899283337,433000,428300,431800,431800,429900,430000,430100,430200,430300,430400,430500,430600,430700,430800,6700,17100,24000,42700,62700,19500,12100,11600,6100,29300,429800,429700,429600,429500,429400,429300,429200,429100,429000,428900,22200,20700,38300,54800,15800,52100,47400,93400,158500,23100,439200,426100,9151910,3701976,0,0,0,0,0,
600036.SH,600036,20251209,144939000,429800,5800,249306,74297,0,,,44090929,1899532643,433000,428300,431800,431800,429900,430000,430100,430200,430300,430400,430500,430600,430700,430800,4500,17200,28800,42700,62700,19500,12100,11600,6100,29300,429800,429700,429600,429500,429400,429300,429200,429100,429000,428900,19800,21200,38700,54800,15800,52100,47400,93400,158600,23100,439200,426100,9154610,3700576,0,0,0,0,0,
600036.SH,600036,20251209,144942000,429800,3500,150445,74306,0,,,44094429,1899683088,433000,428300,431800,431800,429900,430000,430100,430200,430300,430400,430500,430600,430700,430800,3100,17200,29300,42700,62700,19500,12100,11600,6100,29300,429800,429700,429600,429500,429400,429300,429200,429100,429000,428900,18000,21200,39900,54800,15800,52100,47400,93400,158500,23100,439200,426090,9153110,3699376,0,0,0,0,0,
600036.SH,600036,20251209,144945000,429900,3700,159037,74312,0,,,44098129,1899842125,433000,428300,431800,431800,429900,430000,430100,430200,430300,430400,430500,430600,430700,430800,2600,17200,34300,42700,62700,19500,12100,11600,6100,29300,429800,429700,429600,429500,429400,429300,429200,429100,429000,428900,23800,21100,38600,70100,15800,52100,51800,93400,158500,23100,439190,426110,9156910,3711276,0,0,0,0,0,
600036.SH,600036,20251209,144948000,429800,1100,47284,74316,0,,,44099229,1899889409,433000,428300,431800,431800,429900,430000,430100,430200,430300,430400,430500,430600,430700,430800,2200,16700,34300,42700,62700,19500,12100,11600,6100,29300,429800,429700,429600,429500,429400,429300,429200,429100,429000,428900,27400,22500,39000,70500,15700,52100,51800,92700,158500,23100,439190,426110,9155510,3709776,0,0,0,0,0,
600036.SH,600036,20251209,144951000,429800,3600,154749,74331,0,,,44102829,1900044158,433000,428300,431800,431800,429900,430000,430100,430200,430300,430400,430500,430600,430700,430800,2200,16700,34300,42700,62700,19500,12100,11600,6100,29300,429800,429700,429600,429500,429400,429300,429200,429100,429000,428900,26400,23700,39000,71700,15700,42100,52500,92700,158500,23100,439200,426110,9152110,3697976,0,0,0,0,0,
600036.SH,600036,20251209,144954000,429800,3400,146144,74339,0,,,44106229,1900190302,433000,428300,431800,431800,429900,430000,430100,430200,430300,430400,430500,430600,430700,430800,1400,16700,34700,42700,62700,19500,12100,11600,6100,29300,429800,429700,429600,429500,429400,429300,429200,429100,429000,428900,25500,23800,39000,71700,15700,42600,52500,92700,158600,23100,439200,426110,9147810,3697776,0,0,0,0,0,
600036.SH,600036,20251209,144957000,429900,4100,176247,74350,0,,,44110329,1900366549,433000,428300,431800,431800,430000,430100,430200,430300,430400,430500,430600,430700,430800,430900,16800,34700,43200,62700,19500,12100,11600,6100,29300,33800,429800,429700,429600,429500,429400,429300,429200,429100,429000,428900,23800,24200,38500,71200,15600,42600,52500,92700,158600,23100,439200,426100,9147010,3694776,0,0,0,0,0,
600036.SH,600036,20251209,145000000,429900,6195,266274,74369,0,,,44116524,1900632823,433000,428300,431800,431800,430000,430100,430200,430300,430400,430500,430600,430700,430800,430900,16800,25200,43200,72900,19500,12100,11600,6100,29300,33800,429900,429800,429700,429600,429500,429400,429300,429200,429100,429000,100,24905,24400,39100,71400,15600,42600,52500,106600,158600,439200,426120,9147710,3711181,0,0,0,0,0,
600036.SH,600036,20251209,145003000,429900,11200,481411,74397,0,,,44127724,1901114234,433000,428300,431800,431800,429900,430000,430100,430200,430300,430400,430500,430600,430700,430800,700,16500,25700,43200,72900,19500,12100,11600,6100,29300,429800,429700,429600,429500,429400,429300,429200,429100,429000,428900,22205,24400,39100,71400,15600,42600,52500,106600,158600,23100,439200,426110,9147510,3708281,0,0,0,0,0,
600036.SH,600036,20251209,145006000,429800,300,12896,74399,0,,,44128024,1901127130,433000,428300,431800,431800,429900,430000,430100,430200,430300,430400,430500,430600,430700,430800,9900,23900,36000,36700,62500,19500,12100,11600,6100,29300,429800,429700,429600,429500,429400,429300,429200,429100,429000,428900,20805,24200,37600,71400,15600,42600,52500,106400,158600,23100,439190,426110,9157510,3705281,0,0,0,0,0,
600036.SH,600036,20251209,145009000,429900,2100,90267,74410,0,,,44130124,1901217397,433000,428300,431800,431800,429900,430000,430100,430200,430300,430400,430500,430600,430700,430800,9100,23900,36000,36700,62500,19500,12100,11600,6100,29300,429800,429700,429600,429500,429400,429300,429200,429100,429000,428900,23605,24200,37800,71400,15700,42600,52500,106400,158600,23100,439190,426110,9156710,3708081,0,0,0,0,0,
600036.SH,600036,20251209,145012000,429900,7600,326680,74422,0,,,44137724,1901544077,433000,428300,431800,431800,429900,430000,430100,430200,430300,430400,430500,430600,430700,430800,6100,26900,36000,36700,62500,19500,12100,11600,6100,29300,429800,429700,429600,429500,429400,429300,429200,429100,429000,428900,20605,25700,37800,71400,15700,42100,52500,106400,158600,23100,439190,426110,9155210,3706081,0,0,0,0,0,
600036.SH,600036,20251209,145015000,429900,6600,283729,74429,0,,,44144324,1901827806,433000,428300,431800,431800,429900,430000,430100,430200,430300,430400,430500,430600,430700,430800,1000,27500,36000,36700,62500,19500,12100,11600,6100,29300,429800,429700,429600,429500,429400,429300,429200,429100,429000,428900,21305,25600,40700,74400,15700,41500,48100,106400,158600,23000,439190,426110,9149710,3707481,0,0,0,0,0,
600036.SH,600036,20251209,145018000,429900,4200,180553,74446,0,,,44148524,1902008359,433000,428300,431800,431800,429900,430000,430100,430200,430300,430400,430500,430600,430700,430800,1100,26500,16000,36600,73100,29500,12100,11700,6100,29300,429800,429700,429600,429500,429400,429300,429200,429100,429000,428900,20905,25600,38000,74400,15700,41500,50200,106400,158500,23000,439190,426110,9149410,3705281,0,0,0,0,0,
600036.SH,600036,20251209,145021000,430000,19900,855321,74502,0,,,44168424,1902863680,433000,428300,431800,431800,429900,430000,430100,430200,430300,430400,430500,430600,430700,430800,200,26100,16000,36600,73100,29500,12100,11700,6100,29300,429800,429700,429600,429500,429400,429300,429200,429100,429000,428900,2905,25600,38400,74400,15700,41500,50200,106400,158500,23000,439200,426090,9147410,3687581,0,0,0,0,0,
600036.SH,600036,20251209,145024000,429800,7400,318066,74531,0,,,44175824,1903181746,433000,428300,431800,431800,429900,430000,430100,430200,430300,430400,430500,430600,430700,430800,1700,41400,46200,36600,62500,19600,12100,11700,6100,29300,429800,429700,429600,429500,429400,429300,429200,429100,429000,428900,2405,25800,38400,74400,15700,41500,50200,106400,158400,23000,439170,426100,9173910,3684881,0,0,0,0,0,
600036.SH,600036,20251209,145027000,429800,6600,283670,74547,0,,,44182424,1903465416,433000,428300,431800,431800,429900,430000,430100,430200,430300,430400,430500,430600,430700,430800,16600,41400,50100,36200,62500,19500,12100,11600,6100,29300,429800,429700,429600,429500,429400,429300,429200,429100,429000,428900,1200,26000,38300,74400,15700,41500,50200,106400,158500,23000,439150,426100,9192110,3682976,0,0,0,0,0,
600036.SH,600036,20251209,145030000,429800,7300,313727,74560,0,,,44189724,1903779143,433000,428300,431800,431800,429800,429900,430000,430100,430200,430300,430400,430500,430600,430700,9800,35300,42100,49200,36200,62500,19500,12100,11600,6100,429700,429600,429500,429400,429300,429200,429100,429000,428900,428800,23300,38300,75000,15700,41500,48100,106400,158500,23000,187100,439120,426090,9220410,3676176,0,0,0,0,0,
600036.SH,600036,20251209,145033000,429700,31700,1362343,74589,0,,,44221424,1905141486,433000,428300,431800,431800,429800,429900,430000,430100,430200,430300,430400,430500,430600,430700,18700,27400,41600,45400,36200,62400,19500,12100,11600,6100,429700,429600,429500,429400,429300,429200,429100,429000,428900,428800,14000,38300,74500,15800,41500,48100,106400,158400,23000,187100,439130,426080,9217010,3665476,0,0,0,0,0,
600036.SH,600036,20251209,145036000,429800,7500,322320,74600,0,,,44228924,1905463806,433000,428300,431800,431800,429800,429900,430000,430100,430200,430300,430400,430500,430600,430700,20300,28000,41600,45400,36200,62500,19500,12100,11600,6100,429700,429600,429500,429400,429300,429200,429100,429000,428900,428800,11200,39500,74500,15800,41500,48100,106400,158300,23000,187100,439120,426080,9219810,3663776,0,0,0,0,0,
600036.SH,600036,20251209,145039000,429700,6100,262139,74616,0,,,44235024,1905725945,433000,428300,431800,431800,429800,429900,430000,430100,430200,430300,430400,430500,430600,430700,25900,34000,41600,40900,36100,62500,19500,12100,11600,6100,429700,429600,429500,429400,429300,429200,429100,429000,428900,428800,8300,50200,74500,15800,41500,48100,106400,158300,23000,187200,439120,426080,9224810,3664676,0,0,0,0,0,
600036.SH,600036,20251209,145042000,429700,13500,580047,74645,0,,,44248524,1906305992,433000,428300,431800,431800,429700,429800,429900,430000,430100,430200,430300,430400,430500,430600,4900,47500,50200,18300,15600,36100,62500,19500,12100,11600,429600,429500,429400,429300,429200,429100,429000,428900,428800,428700,45400,74500,15800,41900,48100,106400,158000,23000,187200,30200,439120,426070,9214910,3649976,0,0,0,0,0,
600036.SH,600036,20251209,145045000,429700,12600,541311,74660,0,,,44261124,1906847303,433000,428300,431800,431800,429700,429800,429900,430000,430100,430200,430300,430400,430500,430600,5100,48000,51700,19400,14100,36000,62400,19500,12100,11600,429600,429500,429400,429300,429200,429100,429000,428900,428800,428700,34400,69300,15800,41900,48100,106400,158000,23000,187200,30200,439120,426060,9211010,3633276,0,0,0,0,0,
600036.SH,600036,20251209,145048000,429600,14600,627227,74679,0,,,44275724,1907474530,433000,428300,431800,431800,429700,429800,429900,430000,430100,430200,430300,430400,430500,430600,17000,63700,51800,19400,14100,36000,62400,19500,12300,11600,429600,429500,429400,429300,429200,429100,429000,428900,428800,428700,21800,69300,16500,41900,48100,106400,158300,23000,187200,30200,439130,426040,9188910,3619176,0,0,0,0,0,
600036.SH,600036,20251209,145051000,429600,7100,305019,74697,0,,,44282824,1907779549,433000,428300,431800,431800,429700,429800,429900,430000,430100,430200,430300,430400,430500,430600,23400,47900,57100,19400,14100,36000,62400,19500,12300,11600,429600,429500,429400,429300,429200,429100,429000,428900,428800,428700,15000,68100,14900,41900,48100,106400,158300,23000,187200,30200,439130,426040,9185310,3609376,0,0,0,0,0,
600036.SH,600036,20251209,145054000,429600,700,30072,74700,0,,,44283524,1907809621,433000,428300,431800,431800,429700,429800,429900,430000,430100,430200,430300,430400,430500,430600,23800,48900,57500,19400,14100,36000,62400,19500,12300,11600,429600,429500,429400,429300,429200,429100,429000,428900,428800,428700,15000,68800,15400,42000,48100,106400,160300,23000,187200,30200,439130,426040,9175010,3612576,0,0,0,0,0,
600036.SH,600036,20251209,145057000,429600,26600,1142741,74727,0,,,44310124,1908952362,433000,428300,431800,431800,429600,429700,429800,429900,430000,430100,430200,430300,430400,430500,9500,23300,47600,57500,19400,14100,36000,62400,19500,12300,429500,429400,429300,429200,429100,429000,428900,428800,428700,428600,82700,15400,42000,48100,106400,163500,23000,187200,30200,49600,439130,426040,9182710,3613476,0,0,0,0,0,
600036.SH,600036,20251209,145100000,429600,33600,1443285,74786,0,,,44343724,1910395647,433000,428300,431800,431800,429600,429700,429800,429900,430000,430100,430200,430300,430400,430500,1300,9400,47600,56700,19400,24100,36000,62400,27100,12300,429500,429400,429300,429200,429100,429000,428900,428800,428700,428600,68400,15400,42000,48100,106400,163500,23000,187200,26600,49600,439130,426020,9177410,3595876,0,0,0,0,0,
600036.SH,600036,20251209,145103000,429600,14700,631429,74822,0,,,44358424,1911027076,433000,428300,431800,431800,429600,429700,429800,429900,430000,430100,430200,430300,430400,430500,4000,16500,47600,50100,15500,24100,36000,62400,27100,12300,429500,429400,429300,429200,429100,429000,428900,428800,428700,428600,44600,15300,42000,48200,106400,163400,23000,187200,26600,49600,439130,426000,9167710,3571376,0,0,0,0,0,
600036.SH,600036,20251209,145106000,429600,14300,614231,74853,0,,,44372724,1911641307,433000,428300,431800,431800,429600,429700,429800,429900,430000,430100,430200,430300,430400,430500,200,30600,47200,27300,14700,25100,36000,62400,27100,12300,429500,429400,429300,429200,429100,429000,428900,428800,428700,428600,34900,15300,42000,37800,106500,162900,23000,187200,26600,49600,439150,425980,9154910,3550876,0,0,0,0,0,
600036.SH,600036,20251209,145109000,429600,8300,356544,74902,0,,,44381024,1911997851,433000,428300,431800,431800,429700,429800,429900,430000,430100,430200,430300,430400,430500,430600,31600,47200,27300,14700,25100,36000,62400,27100,12300,11600,429600,429500,429400,429300,429200,429100,429000,428900,428800,428700,18900,42800,15900,41900,37800,106500,162900,23000,187200,26600,439130,426010,9164810,3573176,0,0,0,0,0,
600036.SH,600036,20251209,145112000,429600,4200,180432,74906,0,,,44385224,1912178283,433000,428300,431800,431800,429700,429800,429900,430000,430100,430200,430300,430400,430500,430600,31600,47200,27200,15200,25100,36000,62400,27100,12300,11600,429600,429500,429400,429300,429200,429100,429000,428900,428800,428700,16300,47300,15900,41900,37800,115200,163100,23000,187200,26600,439130,426010,9164210,3583476,0,0,0,0,0,
600036.SH,600036,20251209,145115000,429600,800,34368,74909,0,,,44386024,1912212651,433000,428300,431800,431800,429700,429800,429900,430000,430100,430200,430300,430400,430500,430600,32300,47200,31000,15200,25100,36000,62500,27100,12300,11600,429600,429500,429400,429300,429200,429100,429000,428900,428800,428700,19600,48500,15900,41900,37800,115600,164400,23000,187200,26600,439130,426020,9167510,3586976,0,0,0,0,0,
600036.SH,600036,20251209,145118000,429700,700,30073,74913,0,,,44386724,1912242724,433000,428300,431800,431800,429700,429800,429900,430000,430100,430200,430300,430400,430500,430600,37500,43500,31000,15200,25100,35700,62500,27100,12300,11600,429600,429500,429400,429300,429200,429100,429000,428900,428800,428700,20500,48900,15200,41900,37800,115600,164400,23000,187200,26600,439130,426020,9153710,3582876,0,0,0,0,0,
600036.SH,600036,20251209,145121000,429600,1600,68736,74918,0,,,44388324,1912311460,433000,428300,431800,431800,429700,429800,429900,430000,430100,430200,430300,430400,430500,430600,37500,43500,31000,15300,25100,35700,62500,27100,12300,11600,429600,429500,429400,429300,429200,429100,429000,428900,428800,428700,24700,33800,14700,41900,38000,115600,164400,23000,187200,26700,439130,426010,9152810,3566476,0,0,0,0,0,
600036.SH,600036,20251209,145124000,429600,1800,77339,74921,0,,,44390124,1912388799,433000,428300,431800,431800,429700,429800,429900,430000,430100,430200,430300,430400,430500,430600,36400,43500,31000,15300,25100,35700,62500,26300,12300,11600,429600,429500,429400,429300,429200,429100,429000,428900,428800,428700,36000,34300,14600,41900,38000,115600,164400,23000,187200,26700,439130,426010,9150910,3570976,0,0,0,0,0,
600036.SH,600036,20251209,145127000,429600,1700,73035,74924,0,,,44391824,1912461834,433000,428300,431800,431800,429700,429800,429900,430000,430100,430200,430300,430400,430500,430600,36200,43500,31000,15300,25100,35700,62500,26300,11900,11600,429600,429500,429400,429300,429200,429100,429000,428900,428800,428700,36400,34900,14600,41900,38000,115600,164600,23000,187200,26700,439130,426020,9149310,3571376,0,0,0,0,0,
600036.SH,600036,20251209,145130000,429600,4100,176136,74930,0,,,44395924,1912637970,433000,428300,431800,431800,429700,429800,429900,430000,430100,430200,430300,430400,430500,430600,36500,43500,31000,15300,25100,35200,62500,26300,11900,11600,429600,429500,429400,429300,429200,429100,429000,428900,428800,428700,35100,35900,15000,41900,38000,115600,164600,23000,187200,26700,439130,426020,9149110,3571076,0,0,0,0,0,
600036.SH,600036,20251209,145133000,429700,4400,189027,74937,0,,,44400324,1912826997,433000,428300,431800,431800,429700,429800,429900,430000,430100,430200,430300,430400,430500,430600,37500,43500,31000,15300,25100,35200,62500,26300,11900,11600,429600,429500,429400,429300,429200,429100,429000,428900,428800,428700,30800,40600,15500,41900,38000,115600,164900,23000,187200,26700,439130,426020,9150110,3571676,0,0,0,0,0,
600036.SH,600036,20251209,145136000,429600,3900,167549,74947,0,,,44404224,1912994546,433000,428300,431800,431800,429700,429800,429900,430000,430100,430200,430300,430400,430500,430600,38000,43500,31000,15400,25100,35200,62500,26300,11900,11600,429600,429500,429400,429300,429200,429100,429000,428900,428800,428700,27600,40600,15700,40700,38000,115600,164900,23000,187200,26700,439140,426010,9137710,3567276,0,0,0,0,0,
600036.SH,600036,20251209,145139000,429700,4400,189026,74956,0,,,44408624,1913183572,433000,428300,431800,431800,429700,429800,429900,430000,430100,430200,430300,430400,430500,430600,37800,43500,31000,15400,25100,35200,62500,26300,11900,11600,429600,429500,429400,429300,429200,429100,429000,428900,428800,428700,23800,41000,15200,40700,38000,115600,165100,23000,187200,26700,439140,426010,9136310,3561976,0,0,0,0,0,
600036.SH,600036,20251209,145142000,429600,4100,176137,74968,0,,,44412724,1913359709,433000,428300,431800,431800,429700,429800,429900,430000,430100,430200,430300,430400,430500,430600,37900,43500,31000,15400,25100,35200,62500,26300,11900,11600,429600,429500,429400,429300,429200,429100,429000,428900,428800,428700,26700,41000,15200,41200,38000,115600,165100,23000,187600,26700,439140,426010,9136410,3565276,0,0,0,0,0,
600036.SH,600036,20251209,145145000,429700,4400,189037,74980,0,,,44417124,1913548746,433000,428300,431800,431800,429700,429800,429900,430000,430100,430200,430300,430400,430500,430600,37800,43500,30900,17400,25100,35200,62500,26300,11900,11600,429600,429500,429400,429300,429200,429100,429000,428900,428800,428700,25700,41100,31300,41200,38000,115600,165100,23000,187600,26700,439130,426030,9125710,3579176,0,0,0,0,0,
600036.SH,600036,20251209,145148000,429600,7100,305026,74987,0,,,44424224,1913853772,433000,428300,431800,431800,429700,429800,429900,430000,430100,430200,430300,430400,430500,430600,37100,43500,30900,17400,25100,35200,62500,26300,11800,11600,429600,429500,429400,429300,429200,429100,429000,428900,428800,428700,23300,41100,30800,40900,38000,115600,165100,23000,187600,26700,439130,426020,9124910,3572976,0,0,0,0,0,
600036.SH,600036,20251209,145151000,429600,2700,115996,74994,0,,,44426924,1913969768,433000,428300,431800,431800,429700,429800,429900,430000,430100,430200,430300,430400,430500,430600,36600,43500,30900,17400,25100,35200,62500,26300,11800,11600,429600,429500,429400,429300,429200,429100,429000,428900,428800,428700,21200,42600,30800,40900,38000,115400,165100,23000,187600,26700,439130,426020,9124110,3571376,0,0,0,0,0,
600036.SH,600036,20251209,145154000,429600,5400,231987,75009,0,,,44432324,1914201755,433000,428300,431800,431800,429700,429800,429900,430000,430100,430200,430300,430400,430500,430600,36400,43500,30900,18600,25100,35200,62500,26300,11800,11600,429600,429500,429400,429300,429200,429100,429000,428900,428800,428700,22000,43200,30800,40900,38000,115400,165100,23000,187200,26700,439140,426020,9109610,3570676,0,0,0,0,0,
600036.SH,600036,20251209,145157000,429600,3400,146065,75020,0,,,44435724,1914347820,433000,428300,431800,431800,429700,429800,429900,430000,430100,430200,430300,430400,430500,430600,38300,43500,30900,19100,25100,42100,62500,26300,11800,11600,429600,429500,429400,429300,429200,429100,429000,428900,428800,428700,23100,43700,31200,40900,39000,115400,165100,23000,187200,26200,439110,426020,9137410,3572276,0,0,0,0,0,
600036.SH,600036,20251209,145200000,429600,7100,305019,75034,0,,,44442824,1914652839,433000,428300,431800,431800,429700,429800,429900,430000,430100,430200,430300,430400,430500,430600,45700,52900,30900,19100,25100,42100,62500,26300,10400,11600,429600,429500,429400,429300,429200,429100,429000,428900,428800,428700,25500,45200,31200,40900,37800,115400,165000,23000,187200,26200,439100,426030,9153010,3574776,0,0,0,0,0,
600036.SH,600036,20251209,145203000,429600,15900,683068,75081,0,,,44458724,1915335907,433000,428300,431800,431800,429700,429800,429900,430000,430100,430200,430300,430400,430500,430600,38500,44000,44200,19100,25100,42100,62500,26300,10400,11600,429600,429500,429400,429300,429200,429100,429000,428900,428800,428700,11100,45600,31800,40900,37800,115400,164400,23000,187200,26200,439100,426010,9149810,3560576,0,0,0,0,0,
600036.SH,600036,20251209,145206000,429600,19700,846498,75102,0,,,44478424,1916182405,433000,428300,431800,431800,429700,429800,429900,430000,430100,430200,430300,430400,430500,430600,19900,44000,44200,19100,25100,42100,62500,26300,10400,11600,429600,429500,429400,429300,429200,429100,429000,428900,428800,428700,14600,48100,31800,40900,37800,114200,164400,23000,187200,26200,439120,426020,9131110,3564276,0,0,0,0,0,
600036.SH,600036,20251209,145209000,429700,12400,532714,75122,0,,,44490824,1916715119,433000,428300,431800,431800,429700,429800,429900,430000,430100,430200,430300,430400,430500,430600,22800,44000,44200,19100,22600,42100,62500,26300,10400,11600,429600,429500,429400,429300,429200,429100,429000,428900,428800,428700,7300,48600,31800,40900,37800,114200,163200,23000,187200,26200,439120,426010,9127210,3555676,0,0,0,0,0,
600036.SH,600036,20251209,145212000,429600,6200,266409,75132,0,,,44497024,1916981528,433000,428300,431800,431800,429700,429800,429900,430000,430100,430200,430300,430400,430500,430600,17500,44000,52700,19100,22200,42100,62500,26300,10400,11600,429600,429500,429400,429300,429200,429100,429000,428900,428800,428700,19700,55300,61900,40900,37800,114200,163200,23000,187200,26200,439110,426060,9129010,3603376,0,0,0,0,0,
600036.SH,600036,20251209,145215000,429600,13500,580042,75155,0,,,44510524,1917561570,433000,428300,431800,431800,429700,429800,429900,430000,430100,430200,430300,430400,430500,430600,15900,54500,56800,19000,22200,42100,62500,26300,10400,11600,429600,429500,429400,429300,429200,429100,429000,428900,428800,428700,18400,55500,62300,40900,37800,114200,163600,23100,186700,26200,439100,426060,9141910,3602276,0,0,0,0,0,
600036.SH,600036,20251209,145218000,429600,900,38672,75161,0,,,44511424,1917600242,433000,428300,431800,431800,429700,429800,429900,430000,430100,430200,430300,430400,430500,430600,16000,54500,56800,19000,22200,41500,62400,26300,10400,11600,429600,429500,429400,429300,429200,429100,429000,428900,428800,428700,20600,49000,32300,40900,37800,114200,163500,23500,186700,26200,439100,426030,9141210,3560876,0,0,0,0,0,
600036.SH,600036,20251209,145221000,429600,4500,193338,75173,0,,,44515924,1917793580,433000,428300,431800,431800,429700,429800,429900,430000,430100,430200,430300,430400,430500,430600,12000,44400,60800,19000,22100,41500,62400,26300,10400,11600,429600,429500,429400,429300,429200,429100,429000,428900,428800,428700,22300,49600,32300,40900,37800,114200,163900,23500,186700,26200,439110,426030,9128810,3562976,0,0,0,0,0,
600036.SH,600036,20251209,145224000,429700,200,8593,75175,0,,,44516124,1917802173,433000,428300,431800,431800,429700,429800,429900,430000,430100,430200,430300,430400,430500,430600,11800,44500,60900,19000,22100,41500,62400,26300,10400,11600,429600,429500,429400,429300,429200,429100,429000,428900,428800,428700,23100,50000,32300,40900,37800,114200,163900,23500,186700,26200,439110,426030,9128810,3560676,0,0,0,0,0,
600036.SH,600036,20251209,145227000,429600,700,30072,75179,0,,,44516824,1917832245,433000,428300,431800,431800,429700,429800,429900,430000,430100,430200,430300,430400,430500,430600,12200,44500,60900,19000,22100,41500,62400,26300,10400,11600,429600,429500,429400,429300,429200,429100,429000,428900,428800,428700,31000,50000,33300,40900,37800,114200,163900,23500,186700,26200,439110,426040,9127710,3568676,0,0,0,0,0,
600036.SH,600036,20251209,145230000,429600,500,21480,75182,0,,,44517324,1917853725,433000,428300,431800,431800,429700,429800,429900,430000,430100,430200,430300,430400,430500,430600,12100,44500,63700,21800,21800,41500,62400,26300,10400,11600,429600,429500,429400,429300,429200,429100,429000,428900,428800,428700,35100,50000,33300,40900,37700,114200,163900,23500,186700,26200,439110,426040,9131710,3571976,0,0,0,0,0,
600036.SH,600036,20251209,145233000,429700,2800,120292,75187,0,,,44520124,1917974017,433000,428300,431800,431800,429700,429800,429900,430000,430100,430200,430300,430400,430500,430600,13100,44600,63700,21800,21800,41500,62400,46400,10400,11600,429600,429500,429400,429300,429200,429100,429000,428900,428800,428700,34000,50100,32900,41000,37600,113700,163900,23500,186700,26200,439090,426040,9151910,3561576,0,0,0,0,0,
600036.SH,600036,20251209,145236000,429600,10800,463973,75194,0,,,44530924,1918437990,433000,428300,431800,431800,429700,429800,429900,430000,430100,430200,430300,430400,430500,430600,25800,44600,63700,21800,21800,41500,62400,46400,10400,11600,429600,429500,429400,429300,429200,429100,429000,428900,428800,428700,25400,50400,35900,41000,37700,113700,163900,23500,186700,26200,439080,426030,9164110,3555876,0,0,0,0,0,
600036.SH,600036,20251209,145239000,429500,41700,1791387,75262,0,,,44572624,1920229377,433000,428300,431800,431800,429600,429700,429800,429900,430000,430100,430200,430300,430400,430500,8000,50700,44700,36100,21800,21800,41500,62400,46900,10400,429500,429400,429300,429200,429100,429000,428900,428800,428700,428600,45900,36300,41000,37700,113700,163900,23500,186700,26200,49400,439070,426010,9169510,3526476,0,0,0,0,0,
600036.SH,600036,20251209,145242000,429600,8500,365086,75290,0,,,44581124,1920594463,433000,428300,431800,431800,429600,429700,429800,429900,430000,430100,430200,430300,430400,430500,10800,40500,40000,30300,21400,21800,41500,62400,46900,10400,429500,429400,429300,429200,429100,429000,428900,428800,428700,428600,39900,47600,41000,37700,113700,163900,23500,186700,26200,49700,439090,426010,9151210,3522176,0,0,0,0,0,
600036.SH,600036,20251209,145245000,429500,21200,910611,75316,0,,,44602324,1921505074,433000,428300,431800,431800,429600,429700,429800,429900,430000,430100,430200,430300,430400,430500,7900,22600,30000,15800,21400,21800,41500,62500,46900,10400,429500,429400,429300,429200,429100,429000,428900,428800,428700,428600,29700,56500,41500,37700,113700,163900,23500,186600,26200,49700,439130,426010,9106010,3521276,0,0,0,0,0,
600036.SH,600036,20251209,145248000,429600,7100,304963,75327,0,,,44609424,1921810037,433000,428300,431800,431800,429600,429700,429800,429900,430000,430100,430200,430300,430400,430500,6800,20000,29900,15800,40600,21800,41500,62500,46900,10400,429500,429400,429300,429200,429100,429000,428900,428800,428700,428600,25600,56000,41500,37600,113800,164100,23500,186700,26200,49700,439120,426010,9121410,3507176,0,0,0,0,0,
600036.SH,600036,20251209,145251000,429600,2100,90214,75333,0,,,44611524,1921900251,433000,428300,431800,431800,429600,429700,429800,429900,430000,430100,430200,430300,430400,430500,10100,30800,29900,15800,40600,21800,41500,62500,46900,10400,429500,429400,429300,429200,429100,429000,428900,428800,428700,428600,35700,62600,51500,38600,113800,164200,23500,185700,26200,49700,439100,426040,9135510,3534076,0,0,0,0,0,
600036.SH,600036,20251209,145254000,429600,8300,356500,75359,0,,,44619824,1922256751,433000,428300,431800,431800,429600,429700,429800,429900,430000,430100,430200,430300,430400,430500,3500,24100,29900,11700,40600,21800,41500,62500,46900,10400,429500,429400,429300,429200,429100,429000,428900,428800,428700,428600,29300,62600,52000,38600,113800,164200,23500,185700,26200,49700,439120,426040,9117810,3522876,0,0,0,0,0,
600036.SH,600036,20251209,145257000,429600,3600,154650,75370,0,,,44623424,1922411401,433000,428300,431800,431800,429600,429700,429800,429900,430000,430100,430200,430300,430400,430500,3800,21600,29900,11700,40600,21800,41500,62500,46900,10400,429500,429400,429300,429200,429100,429000,428900,428800,428700,428600,29800,62700,52500,38600,113800,167200,23500,184200,26200,49700,439130,426050,9113710,3515976,0,0,0,0,0,
600036.SH,600036,20251209,145300000,429600,15600,670221,75402,0,,,44639024,1923081622,433000,428300,431800,431800,429700,429800,429900,430000,430100,430200,430300,430400,430500,430600,15200,34800,11700,40600,21800,41500,62500,46900,10400,11600,429600,429500,429400,429300,429200,429100,429000,428900,428800,428700,800,29700,62700,52500,38600,113800,167200,23500,184200,26200,439130,426050,9110410,3515676,0,0,0,0,0,
600036.SH,600036,20251209,145303000,429600,10100,433957,75436,0,,,44649124,1923515579,433000,428300,431800,431800,429700,429800,429900,430000,430100,430200,430300,430400,430500,430600,9500,34800,11700,40600,21800,41500,62500,46900,10400,11600,429600,429500,429400,429300,429200,429100,429000,428900,428800,428700,3600,21100,64300,52500,38600,113800,168200,23500,184200,26200,439140,426050,9104710,3511476,0,0,0,0,0,
600036.SH,600036,20251209,145306000,429500,8500,365168,75453,0,,,44657624,1923880747,433000,428300,431800,431800,429700,429800,429900,430000,430100,430200,430300,430400,430500,430600,18200,34800,11700,40600,21800,41500,62500,46900,10400,11600,429500,429400,429300,429200,429100,429000,428900,428800,428700,428600,21200,73400,52500,38600,113800,168200,23500,183200,26200,49600,439130,426050,9094810,3503876,0,0,0,0,0,
600036.SH,600036,20251209,145309000,429600,7400,317904,75471,0,,,44665024,1924198651,433000,428300,431800,431800,429600,429700,429800,429900,430000,430100,430200,430300,430400,430500,600,18100,34800,11700,40600,21800,41500,62500,46900,10400,429500,429400,429300,429200,429100,429000,428900,428800,428700,428600,122500,74100,52600,38700,113800,167700,23500,183200,26200,49600,439130,426150,9095310,3605076,0,0,0,0,0,
600036.SH,600036,20251209,145312000,429600,77400,3324416,75529,0,,,44742424,1927523067,433000,428300,431800,431800,429600,429700,429800,429900,430000,430100,430200,430300,430400,430500,200,14000,34800,11700,40000,21800,41500,62500,46900,10400,429500,429400,429300,429200,429100,429000,428900,428800,428700,428600,52600,74100,52700,38700,113800,167700,23500,183200,26200,49600,439140,426090,9089710,3534876,0,0,0,0,0,
600036.SH,600036,20251209,145315000,429500,4800,206185,75537,0,,,44747224,1927729252,433000,428300,431800,431800,429600,429700,429800,429900,430000,430100,430200,430300,430400,430500,5400,18400,39500,7500,40000,21800,41500,63700,46900,10400,429500,429400,429300,429200,429100,429000,428900,428800,428700,428600,56700,74100,75100,38700,113800,168000,23500,183200,26200,49600,439120,426120,9101010,3556676,0,0,0,0,0,
600036.SH,600036,20251209,145318000,429500,38500,1653682,75550,0,,,44785724,1929382934,433000,428300,431800,431800,429700,429800,429900,430000,430100,430200,430300,430400,430500,430600,5900,39400,7500,40000,21900,41500,63700,46900,10400,11600,429500,429400,429300,429200,429100,429000,428900,428800,428700,428600,27300,73200,75200,39600,114200,168000,23500,182700,26200,49600,439140,426090,9080410,3520476,0,0,0,0,0,
600036.SH,600036,20251209,145321000,429700,1900,81609,75554,0,,,44787624,1929464543,433000,428300,431800,431800,429700,429800,429900,430000,430100,430200,430300,430400,430500,430600,13700,38500,7500,40300,22300,41500,63700,46900,10400,11600,429600,429500,429400,429300,429200,429100,429000,428900,428800,428700,100,25800,64600,75600,48300,122600,167900,23500,182700,26200,439130,426100,9088010,3527876,0,0,0,0,0,
600036.SH,600036,20251209,145324000,429600,2400,103104,75563,0,,,44790024,1929567647,433000,428300,431800,431800,429600,429700,429800,429900,430000,430100,430200,430300,430400,430500,100,17700,38500,7500,40300,22300,41500,63700,46900,10400,429500,429400,429300,429200,429100,429000,428900,428800,428700,428600,27000,65100,53800,39500,114300,167900,23500,182800,26200,49500,439130,426070,9090910,3483576,0,0,0,0,0,
600036.SH,600036,20251209,145327000,429500,8600,369371,75571,0,,,44798624,1929937018,433000,428300,431800,431800,429600,429700,429800,429900,430000,430100,430200,430300,430400,430500,500,17600,42500,7500,40300,22300,41500,63700,46900,10400,429500,429400,429300,429200,429100,429000,428900,428800,428700,428600,20300,65300,54400,39800,113800,167900,23500,182800,26200,49500,439120,426060,9095210,3476876,0,0,0,0,0,
600036.SH,600036,20251209,145330000,429600,5300,227687,75588,0,,,44803924,1930164705,433000,428300,431800,431800,429700,429800,429900,430000,430100,430200,430300,430400,430500,430600,16200,43600,7500,39800,21800,41500,63700,46900,10400,11600,429600,429500,429400,429300,429200,429100,429000,428900,428800,428700,500,20600,65900,53900,40300,113800,167900,23500,182800,26200,439130,426070,9093410,3478276,0,0,0,0,0,
600036.SH,600036,20251209,145333000,429600,8500,365197,75602,0,,,44812424,1930529902,433000,428300,431800,431800,429700,429800,429900,430000,430100,430200,430300,430400,430500,430600,14800,43600,7500,39800,21800,41500,63700,46900,10400,11600,429600,429500,429400,429300,429200,429100,429000,428900,428800,428700,1500,23300,66200,53200,37900,113800,167200,23500,182800,26200,439130,426070,9092010,3478176,0,0,0,0,0,
600036.SH,600036,20251209,145336000,429600,2800,120305,75610,0,,,44815224,1930650207,433000,428300,431800,431800,429700,429800,429900,430000,430100,430200,430300,430400,430500,430600,35900,43700,7500,39800,21800,41500,63700,46900,10400,11600,429600,429500,429400,429300,429200,429100,429000,428900,428800,428700,3700,24300,66200,53200,37900,113700,167200,23500,182800,26200,439110,426070,9113210,3480776,0,0,0,0,0,
600036.SH,600036,20251209,145339000,429600,15300,657301,75625,0,,,44830524,1931307508,433000,428300,431800,431800,429700,429800,429900,430000,430100,430200,430300,430400,430500,430600,34600,43600,11700,40100,21800,41500,64200,46900,10400,11600,429600,429500,429400,429300,429200,429100,429000,428900,428800,428700,14300,27600,53600,53200,37700,113700,167500,23500,182300,26200,439100,426070,9113110,3481076,0,0,0,0,0,
600036.SH,600036,20251209,145342000,429700,4600,197618,75631,0,,,44835124,1931505126,433000,428300,431800,431800,429700,429800,429900,430000,430100,430200,430300,430400,430500,430600,25400,44600,11700,40100,21800,41500,64200,46900,10400,11600,429600,429500,429400,429300,429200,429100,429000,428900,428800,428700,14400,37700,53600,53200,37700,113700,167500,23500,182300,26300,439110,426080,9106610,3491076,0,0,0,0,0,
600036.SH,600036,20251209,145345000,429600,7800,335088,75641,0,,,44842924,1931840214,433000,428300,431800,431800,429700,429800,429900,430000,430100,430200,430300,430400,430500,430600,27800,44600,11700,40100,21800,41500,64200,46900,10400,11600,429600,429500,429400,429300,429200,429100,429000,428900,428800,428700,9800,40400,54100,53200,38000,113700,167500,23500,182300,26300,439110,426080,9108510,3487276,0,0,0,0,0,
600036.SH,600036,20251209,145348000,429600,4200,180438,75654,0,,,44847124,1932020652,433000,428300,431800,431800,429700,429800,429900,430000,430100,430200,430300,430400,430500,430600,28500,44600,11700,40100,21800,41500,64200,46900,10400,11600,429600,429500,429400,429300,429200,429100,429000,428900,428800,428700,6500,42200,54600,53700,38300,113300,167500,23500,182300,26300,439110,426080,9108210,3485976,0,0,0,0,0,
600036.SH,600036,20251209,145351000,429600,7700,330815,75675,0,,,44854824,1932351467,433000,428300,431800,431800,429700,429800,429900,430000,430100,430200,430300,430400,430500,430600,26100,45300,16400,40000,21800,41500,64200,46900,10400,11600,429600,429500,429400,429300,429200,429100,429000,428900,428800,428700,6300,52200,54000,53700,38300,113300,167500,23500,182300,26300,439100,426090,9109410,3495176,0,0,0,0,0,
600036.SH,600036,20251209,145354000,429700,40100,1723097,75695,0,,,44894924,1934074564,433000,428300,431800,431800,429700,429800,429900,430000,430100,430200,430300,430400,430500,430600,100,45300,16400,40000,21800,34600,64200,46900,10400,11600,429600,429500,429400,429300,429200,429100,429000,428900,428800,428700,19700,64200,53600,52900,38300,113300,167000,23500,182300,26300,439140,426110,9076510,3518676,0,0,0,0,0,
600036.SH,600036,20251209,145357000,429700,5200,223436,75707,0,,,44900124,1934298000,433000,428300,431800,431800,429700,429800,429900,430000,430100,430200,430300,430400,430500,430600,17200,48600,16400,40000,21800,34600,64200,46900,10400,11600,429600,429500,429400,429300,429200,429100,429000,428900,428800,428700,22500,51700,38700,52700,38300,113300,167100,23100,182300,26300,439120,426090,9096910,3493176,0,0,0,0,0,
600036.SH,600036,20251209,145400000,429700,19200,824852,75732,0,,,44919324,1935122852,433000,428300,431800,431800,429700,429800,429900,430000,430100,430200,430300,430400,430500,430600,16500,45300,12200,40000,21800,34600,64200,46900,10400,11600,429600,429500,429400,429300,429200,429100,429000,428900,428800,428700,6500,60700,38000,52700,38300,113300,167000,23100,182300,26300,439130,426080,9088710,3480276,0,0,0,0,0,
600036.SH,600036,20251209,145403000,429600,6200,266366,75747,0,,,44925524,1935389218,433000,428300,431800,431800,429700,429800,429900,430000,430100,430200,430300,430400,430500,430600,16300,45400,12200,40000,21800,34600,64200,46900,10400,11600,429600,429500,429400,429300,429200,429100,429000,428900,428800,428700,4500,60700,37800,53200,38300,113300,167000,23100,181300,26300,439130,426070,9088610,3466076,0,0,0,0,0,
600036.SH,600036,20251209,145406000,429600,4200,180441,75762,0,,,44929724,1935569659,433000,428300,431800,431800,429700,429800,429900,430000,430100,430200,430300,430400,430500,430600,15100,45400,12200,40000,21800,34600,64200,46900,10400,11600,429600,429500,429400,429300,429200,429100,429000,428900,428800,428700,1900,61000,37800,53200,38300,113300,167000,23100,181300,26300,439130,426050,9087410,3426176,0,0,0,0,0,
600036.SH,600036,20251209,145409000,429700,5900,253476,75777,0,,,44935624,1935823135,433000,428300,431800,431800,429700,429800,429900,430000,430100,430200,430300,430400,430500,430600,15900,45400,12200,40000,21800,34600,64200,46900,10400,11600,429600,429500,429400,429300,429200,429100,429000,428900,428800,428700,29400,61100,37800,53200,38800,113300,166900,23100,181300,26300,439130,426080,9088410,3453176,0,0,0,0,0,
600036.SH,600036,20251209,145412000,429600,10500,451106,75791,0,,,44946124,1936274241,433000,428300,431800,431800,429700,429800,429900,430000,430100,430200,430300,430400,430500,430600,16000,44400,12200,40000,21800,34600,64200,46900,10200,11600,429600,429500,429400,429300,429200,429100,429000,428900,428800,428700,22300,60100,37800,53400,38800,113300,166900,23100,181100,26300,439130,426070,9087210,3447876,0,0,0,0,0,
600036.SH,600036,20251209,145415000,429600,24900,1069786,75807,0,,,44971024,1937344027,433000,428300,431800,431800,429700,429800,429900,430000,430100,430200,430300,430400,430500,430600,8100,44400,15900,40000,21800,34600,64200,46900,10200,11600,429600,429500,429400,429300,429200,429100,429000,428900,428800,428700,21500,73400,36800,53400,38800,113700,166900,23100,181100,26300,439130,426080,9082610,3459576,0,0,0,0,0,
600036.SH,600036,20251209,145418000,429600,4300,184762,75823,0,,,44975324,1937528789,433000,428300,431800,431800,429700,429800,429900,430000,430100,430200,430300,430400,430500,430600,4900,43800,15900,40000,21800,34600,64200,46900,10200,11600,429600,429500,429400,429300,429200,429100,429000,428900,428800,428700,22300,73400,37300,53400,38800,113700,165300,23100,181100,26300,439140,426080,9078310,3458776,0,0,0,0,0,
600036.SH,600036,20251209,145421000,429600,19700,846343,75845,0,,,44995024,1938375132,433000,428300,431800,431800,429700,429800,429900,430000,430100,430200,430300,430400,430500,430600,6600,43800,12200,40000,21800,34600,64200,46900,10200,11600,429600,429500,429400,429300,429200,429100,429000,428900,428800,428700,12100,73400,36800,53400,39300,113700,165200,23100,181100,26300,439140,426070,9082510,3444376,0,0,0,0,0,
600036.SH,600036,20251209,145424000,429600,5400,232004,75859,0,,,45000424,1938607136,433000,428300,431800,431800,429700,429800,429900,430000,430100,430200,430300,430400,430500,430600,109300,43800,12200,40000,21800,34600,64200,47000,10200,11600,429600,429500,429400,429300,429200,429100,429000,428900,428800,428700,12400,73500,36800,52400,39300,113700,163400,23100,181000,26300,439030,426070,9176810,3441876,0,0,0,0,0,
600036.SH,600036,20251209,145427000,429700,10200,438222,75880,0,,,45010624,1939045358,433000,428300,431800,431800,429700,429800,429900,430000,430100,430200,430300,430400,430500,430600,106900,43800,12200,40000,21800,34600,64100,47000,10200,11600,429600,429500,429400,429300,429200,429100,429000,428900,428800,428700,8200,84900,37200,52400,39300,114600,163400,23100,180800,26300,439040,426080,9172910,3448276,0,0,0,0,0,
600036.SH,600036,20251209,145430000,429600,2100,90236,75890,0,,,45012724,1939135594,433000,428300,431800,431800,429700,429800,429900,430000,430100,430200,430300,430400,430500,430600,108600,43800,11700,40100,21800,34600,64100,47000,8200,9600,429600,429500,429400,429300,429200,429100,429000,428900,428800,428700,47300,87000,37200,52400,39600,114600,163400,23100,180800,26300,439040,426120,9167210,3488476,0,0,0,0,0,
600036.SH,600036,20251209,145433000,429600,6200,266369,75907,0,,,45018924,1939401963,433000,428300,431800,431800,429700,429800,429900,430000,430100,430200,430300,430400,430500,430600,107200,43800,11700,40100,21800,34600,64100,47000,8200,9600,429600,429500,429400,429300,429200,429100,429000,428900,428800,428700,51100,87200,36800,52900,39600,114600,163400,23100,180400,26300,439060,426120,9145010,3484576,0,0,0,0,0,
600036.SH,600036,20251209,145436000,429700,1800,77340,75911,0,,,45020724,1939479303,433000,428300,431800,431800,429700,429800,429900,430000,430100,430200,430300,430400,430500,430600,107100,43800,11500,40100,21600,34600,64100,47000,8200,9600,429600,429500,429400,429300,429200,429100,429000,428900,428800,428700,52900,88800,37200,51900,39600,114600,163400,23100,180400,26300,439060,426120,9138410,3486976,0,0,0,0,0,
600036.SH,600036,20251209,145439000,429600,3200,137475,75921,0,,,45023924,1939616778,433000,428300,431800,431800,429700,429800,429900,430000,430100,430200,430300,430400,430500,430600,107000,45700,7300,40000,21600,34700,64200,47000,8200,9600,429600,429500,429400,429300,429200,429100,429000,428900,428800,428700,49900,89200,41800,51800,39600,114600,164400,23100,180400,26300,439070,426130,9136110,3489076,0,0,0,0,0,
600036.SH,600036,20251209,145442000,429700,9100,390982,75927,0,,,45033024,1940007760,433000,428300,431800,431800,429700,429800,429900,430000,430100,430200,430300,430400,430500,430600,103200,45700,7400,40000,21600,34700,64200,47000,8200,9600,429600,429500,429400,429300,429200,429100,429000,428900,428800,428700,46800,90200,41800,51800,39600,114600,164300,23100,180100,26300,439070,426120,9131110,3486176,0,0,0,0,0,
600036.SH,600036,20251209,145445000,429700,8100,347980,75933,0,,,45041124,1940355740,433000,428300,431800,431800,429700,429800,429900,430000,430100,430200,430300,430400,430500,430600,107200,45700,7400,40000,21600,34700,64200,47000,8200,9600,429600,429500,429400,429300,429200,429100,429000,428900,428800,428700,40200,101800,41800,51800,39600,105900,164300,23100,180100,26300,439070,426120,9134910,3481676,0,0,0,0,0,
600036.SH,600036,20251209,145448000,429600,2500,107400,75939,0,,,45043624,1940463140,433000,428300,431800,431800,429700,429800,429900,430000,430100,430200,430300,430400,430500,430600,108700,45700,7400,40000,21600,34700,34200,47000,8200,9600,429600,429500,429400,429300,429200,429100,429000,428900,428800,428700,41600,103600,42100,51800,39700,105900,164100,23100,180100,26300,439090,426120,9106410,3484776,0,0,0,0,0,
600036.SH,600036,20251209,145451000,429700,14200,610114,75948,0,,,45057824,1941073254,433000,428300,431800,431800,429700,429800,429900,430000,430100,430200,430300,430400,430500,430600,100300,45700,7400,40000,21600,34700,4100,47100,8200,9600,429600,429500,429400,429300,429200,429100,429000,428900,428800,428700,36500,100200,40700,51700,39700,105900,164100,23100,181100,26300,439130,426120,9067810,3476876,0,0,0,0,0,
600036.SH,600036,20251209,145454000,429700,6600,283578,75957,0,,,45064424,1941356832,433000,428300,431800,431800,429700,429800,429900,430000,430100,430200,430300,430400,430500,430600,96200,45700,7400,40000,21600,7600,4100,47100,8200,9600,429600,429500,429400,429300,429200,429100,429000,428900,428800,428700,38100,100200,40700,51700,39700,105900,164100,23100,181300,26300,439160,426120,9036110,3478676,0,0,0,0,0,
600036.SH,600036,20251209,145457000,429700,16000,687454,75966,0,,,45080424,1942044286,433000,428300,431800,431800,429700,429800,429900,430000,430100,430200,430300,430400,430500,430600,86800,45700,7400,40000,21600,7600,4100,39500,8200,9600,429600,429500,429400,429300,429200,429100,429000,428900,428800,428700,32000,97900,40600,51700,39700,105900,164900,23100,180700,26300,439180,426110,9016610,3469476,0,0,0,0,0,
600036.SH,600036,20251209,145500000,429600,9800,421027,75975,0,,,45090224,1942465313,433000,428300,431800,431800,429700,429800,429900,430000,430100,430200,430300,430400,430500,430600,84400,45700,7400,40100,21600,7600,4100,39400,8200,9600,429600,429500,429400,429300,429200,429100,429000,428900,428800,428700,26200,95300,40000,51500,39700,105900,164900,23100,179100,26300,439190,426100,9009010,3460376,0,0,0,0,0,
600036.SH,600036,20251209,145503000,429600,14300,614336,76005,0,,,45104524,1943079649,433000,428300,431800,431800,429700,429800,429900,430000,430100,430200,430300,430400,430500,430600,81700,45500,7400,40200,21500,7600,4100,39400,8200,9600,429600,429500,429400,429300,429200,429100,429000,428900,428800,428700,16700,103200,39400,51400,39700,105900,164600,23100,179100,26300,439190,426100,9006010,3456776,0,0,0,0,0,
600036.SH,600036,20251209,145506000,429600,5700,244876,76019,0,,,45110224,1943324525,433000,428300,431800,431800,429700,429800,429900,430000,430100,430200,430300,430400,430500,430600,82100,45100,7500,97300,21500,7600,4100,39400,8200,9600,429600,429500,429400,429300,429200,429100,429000,428900,428800,428700,10600,102000,39400,51000,39700,105900,164600,23100,179100,26300,439130,426090,9063310,3448876,0,0,0,0,0,
600036.SH,600036,20251209,145509000,429600,2200,94513,76030,0,,,45112424,1943419038,433000,428300,431800,431800,429700,429800,429900,430000,430100,430200,430300,430400,430500,430600,87900,45100,7000,97400,21500,7600,4100,39400,8200,9600,429600,429500,429400,429300,429200,429100,429000,428900,428800,428700,13600,101700,39000,50900,39700,105900,164600,23100,179100,26300,439130,426090,9068610,3450776,0,0,0,0,0,
600036.SH,600036,20251209,145512000,429700,14800,635846,76059,0,,,45127224,1944054884,433000,428300,431800,431800,429700,429800,429900,430000,430100,430200,430300,430400,430500,430600,83200,45100,7000,97400,21500,7600,4100,39400,8200,9600,429600,429500,429400,429300,429200,429100,429000,428900,428800,428700,7500,101700,39200,50900,39700,105900,163800,23100,179000,26300,439130,426080,9061110,3442476,0,0,0,0,0,
600036.SH,600036,20251209,145515000,429600,3500,150361,76074,0,,,45130724,1944205245,433000,428300,431800,431800,429700,429800,429900,430000,430100,430200,430300,430400,430500,430600,88400,45100,7000,97300,21500,7600,4100,39400,8200,9600,429600,429500,429400,429300,429200,429100,429000,428900,428800,428700,6500,102200,39200,50900,39700,105900,164900,23100,179000,26300,439130,426090,9065910,3442976,0,0,0,0,0,
600036.SH,600036,20251209,145518000,429600,55600,2388917,76119,0,,,45186324,1946594162,433000,428300,431800,431800,429700,429800,429900,430000,430100,430200,430300,430400,430500,430600,45200,41400,7000,97300,21500,7600,4100,39400,8200,9600,429600,429500,429400,429300,429200,429100,429000,428900,428800,428700,200,93500,38800,50400,39700,105900,164900,23000,177800,26300,439180,426070,9019010,3422176,0,0,0,0,0,
600036.SH,600036,20251209,145521000,429600,5800,249151,76134,0,,,45192124,1946843313,433000,428300,431800,431800,429700,429800,429900,430000,430100,430200,430300,430400,430500,430600,44900,41400,7000,97300,21500,7600,4100,39400,8100,9600,429600,429500,429400,429300,429200,429100,429000,428900,428800,428700,800,91400,38800,50400,39900,105900,164900,23000,177800,25700,439180,426070,9018610,3419676,0,0,0,0,0,
600036.SH,600036,20251209,145524000,429500,21400,919221,76183,0,,,45213524,1947762534,433000,428300,431800,431800,429700,429800,429900,430000,430100,430200,430300,430400,430500,430600,44600,41000,7000,97800,21500,7600,4100,39400,8100,9600,429600,429500,429400,429300,429200,429100,429000,428900,428800,428700,200,82800,39100,50400,39900,105900,164300,22900,177800,25700,439180,426060,9016810,3408876,0,0,0,0,0,
600036.SH,600036,20251209,145527000,429700,12200,524155,76203,0,,,45225724,1948286689,433000,428300,431800,431800,429700,429800,429900,430000,430100,430200,430300,430400,430500,430600,36600,36300,7000,103100,21500,7600,4100,39400,8100,9600,429600,429500,429400,429300,429200,429100,429000,428900,428800,428700,9300,79200,39100,50400,52100,105900,163300,22900,176600,25700,439190,426070,9008610,3422976,0,0,0,0,0,
600036.SH,600036,20251209,145530000,429600,2400,103104,76208,0,,,45228124,1948389793,433000,428300,431800,431800,429700,429800,429900,430000,430100,430200,430300,430400,430500,430600,36600,36800,7800,102600,21500,7600,4000,39400,8100,9600,429600,429500,429400,429300,429200,429100,429000,428900,428800,428700,8100,80200,39500,50400,52100,105900,163300,22900,176600,25700,439180,426070,9009210,3422576,0,0,0,0,0,
600036.SH,600036,20251209,145533000,429600,25500,1095651,76227,0,,,45253624,1949485444,433000,428300,431800,431800,429700,429800,429900,430000,430100,430200,430300,430400,430500,430600,19500,42300,7800,97300,21500,7600,4000,39400,8100,9600,429600,429500,429400,429300,429200,429100,429000,428900,428800,428700,1500,88100,39300,50400,39900,105900,163300,22900,176600,25700,439200,426060,8990610,3410576,0,0,0,0,0,
600036.SH,600036,20251209,145536000,429600,20500,880877,76249,0,,,45274124,1950366321,433000,428300,431800,431800,429700,429800,429900,430000,430100,430200,430300,430400,430500,430600,2300,44500,7200,97300,21500,8200,4000,39400,8100,9500,429600,429500,429400,429300,429200,429100,429000,428900,428800,428700,6100,89000,38800,50400,39300,106400,163300,22900,176600,25700,439210,426070,8974410,3417176,0,0,0,0,0,
600036.SH,600036,20251209,145539000,429500,18900,812077,76269,0,,,45293024,1951178398,433000,428300,431800,431800,429800,429900,430000,430100,430200,430300,430400,430500,430600,430700,37500,7200,95800,21500,8200,4000,39400,8100,9500,2900,429600,429500,429400,429300,429200,429100,429000,428900,428800,428700,17700,78800,39000,58700,39300,106400,162600,22900,175800,25700,439220,426080,8961610,3424676,0,0,0,0,0,
600036.SH,600036,20251209,145542000,429700,5800,249180,76292,0,,,45298824,1951427578,433000,428300,431800,431800,429800,429900,430000,430100,430200,430300,430400,430500,430600,430700,37700,7200,96400,21500,7600,4000,39400,8100,9500,2900,429700,429600,429500,429400,429300,429200,429100,429000,428900,428800,300,13600,87100,39400,50400,39300,106400,161600,22900,175800,439220,426070,8961810,3419876,0,0,0,0,0,
600036.SH,600036,20251209,145545000,429700,15100,648906,76305,0,,,45313924,1952076484,433000,428300,431800,431800,429800,429900,430000,430100,430200,430300,430400,430500,430600,430700,32100,7200,96400,21500,7600,4000,39400,8100,9500,2900,429700,429600,429500,429400,429300,429200,429100,429000,428900,428800,21600,13600,59200,39400,50400,39300,105400,161600,22900,175800,439230,426070,8954210,3411576,0,0,0,0,0,
600036.SH,600036,20251209,145548000,429800,2500,107434,76314,0,,,45316424,1952183918,433000,428300,431800,431800,429800,429900,430000,430100,430200,430300,430400,430500,430600,430700,34900,7400,96400,21500,7600,4100,39400,8100,9500,2900,429700,429600,429500,429400,429300,429200,429100,429000,428900,428800,20800,14000,60700,38900,50400,39300,98400,161600,22900,175800,439240,426060,8949210,3403376,0,0,0,0,0,
600036.SH,600036,20251209,145551000,429700,16800,722008,76326,0,,,45333224,1952905926,433000,428300,431800,431800,429800,429900,430000,430100,430200,430300,430400,430500,430600,430700,23700,9800,96400,21500,7600,4100,39400,8100,9500,2900,429700,429600,429500,429400,429300,429200,429100,429000,428900,428800,24900,20300,52100,38900,50400,39300,98400,161500,22900,175600,439240,426060,8940310,3403776,0,0,0,0,0,
600036.SH,600036,20251209,145554000,429700,900,38677,76331,0,,,45334124,1952944603,433000,428300,431800,431800,429800,429900,430000,430100,430200,430300,430400,430500,430600,430700,23900,10100,96400,21500,7600,4100,39400,5300,9500,2900,429700,429600,429500,429400,429300,429200,429100,429000,428900,428800,24300,24700,52800,38900,46400,39300,98400,161400,22900,175600,439250,426070,8937510,3404076,0,0,0,0,0,
600036.SH,600036,20251209,145557000,429800,6600,283612,76335,0,,,45340724,1953228215,433000,428300,431800,431800,429800,429900,430000,430100,430200,430300,430400,430500,430600,430700,22900,10900,95800,21500,7600,4100,39400,5300,9500,2900,429700,429600,429500,429400,429300,429200,429100,429000,428900,428800,21200,54800,52800,47400,46400,39300,99400,161700,22900,175600,439250,426100,8935210,3440876,0,0,0,0,0,
600036.SH,600036,20251209,145600000,429800,2700,116042,76343,0,,,45343424,1953344257,433000,428300,431800,431800,429800,429900,430000,430100,430200,430300,430400,430500,430600,430700,31600,13200,95800,21500,7600,4100,39400,5300,9500,2900,429700,429600,429500,429400,429300,429200,429100,429000,428900,428800,29200,55800,56200,47400,46400,39300,85500,161200,22900,175600,439240,426100,8937710,3439676,0,0,0,0,0,
600036.SH,600036,20251209,145603000,429700,4400,189095,76349,0,,,45347824,1953533352,433000,428300,431800,431800,429800,429900,430000,430100,430200,430300,430400,430500,430600,430700,29300,15100,95800,21500,7600,4100,39400,5300,9500,2900,429700,429600,429500,429400,429300,429200,429100,429000,428900,428800,29900,57900,56200,44400,46400,39300,85500,160700,22900,175600,439240,426120,8935310,3434176,0,0,0,0,0,
600036.SH,600036,20251209,145606000,429800,5900,253531,76365,0,,,45353724,1953786883,433000,428300,431800,431800,429800,429900,430000,430100,430200,430300,430400,430500,430600,430700,36500,11900,95800,21500,7600,4000,39400,5300,9400,2900,429700,429600,429500,429400,429300,429200,429100,429000,428900,428800,24700,57900,56500,44300,46400,39200,85500,160600,22900,175600,439240,426110,8940610,3427876,0,0,0,0,0,
600036.SH,600036,20251209,145609000,429700,28600,1229005,76401,0,,,45382324,1955015888,433000,428300,431800,431800,429800,429900,430000,430100,430200,430300,430400,430500,430600,430700,39500,10000,95800,21500,7600,4000,39400,5300,9400,2900,429700,429600,429500,429400,429300,429200,429100,429000,428900,428800,2900,57000,40700,44300,45400,39200,85500,161100,22900,175600,439230,426070,8941710,3388876,0,0,0,0,0,
600036.SH,600036,20251209,145612000,429800,14100,605948,76424,0,,,45396424,1955621836,433000,428300,431800,431800,429800,429900,430000,430100,430200,430300,430400,430500,430600,430700,32400,9200,95700,21500,8600,4000,39400,3400,10800,2900,429700,429600,429500,429400,429300,429200,429100,429000,428900,428800,27900,72700,40700,44300,45400,39000,83600,161100,22900,175600,439240,426110,8934210,3424976,0,0,0,0,0,
600036.SH,600036,20251209,145615000,429800,9700,416871,76445,0,,,45406124,1956038707,433000,428300,431800,431800,429800,429900,430000,430100,430200,430300,430400,430500,430600,430700,26200,9200,95700,21500,8600,4000,39400,3400,10800,2900,429700,429600,429500,429400,429300,429200,429100,429000,428900,428800,24700,72700,40500,44300,45300,39000,83000,158300,22900,175600,439250,426100,8928010,3417576,0,0,0,0,0,
600036.SH,600036,20251209,145618000,429800,13002,558803,76461,0,,,45419126,1956597510,433000,428300,431800,431800,429800,429900,430000,430100,430200,430300,430400,430500,430600,430700,20300,9200,95700,21500,8600,4000,39400,3400,10800,2900,429700,429600,429500,429400,429300,429200,429100,429000,428900,428800,24498,80000,38300,44100,45300,38500,83000,158300,22900,175600,439260,426110,8922110,3421174,0,0,0,0,0,
600036.SH,600036,20251209,145621000,429900,74400,3198125,76511,0,,,45493526,1959795635,433000,428300,431800,431800,429900,430000,430100,430200,430300,430400,430500,430600,430700,430800,300,73100,21700,8600,4000,39400,3400,10800,2900,21300,429700,429600,429500,429400,429300,429200,429100,429000,428900,428800,16300,37100,36500,44100,45300,37500,83000,158300,22900,175600,439310,426050,8849210,3366676,0,0,0,0,0,
600036.SH,600036,20251209,145624000,429800,21700,932493,76563,0,,,45515226,1960728128,433000,428300,431800,431800,429900,430000,430100,430200,430300,430400,430500,430600,430700,430800,2100,72700,17500,8600,4000,39400,3400,10800,2900,21300,429600,429500,429400,429300,429200,429100,429000,428900,428800,428700,36100,37100,44100,45300,37500,83000,158300,22900,175600,25600,439310,426030,8846610,3349276,0,0,0,0,0,
600036.SH,600036,20251209,145627000,429800,16900,726580,76576,0,,,45532126,1961454708,433000,428300,431800,431800,429900,430000,430100,430200,430300,430400,430500,430600,430700,430800,9100,67400,17500,8600,4000,39400,3400,10800,2900,21300,429800,429600,429500,429400,429300,429200,429100,429000,428900,428800,100,38700,36800,44100,45300,37500,83000,158300,22900,175500,439330,426040,8798010,3351476,0,0,0,0,0,
600036.SH,600036,20251209,145630000,429900,7100,305088,76593,0,,,45539226,1961759796,433000,428300,431800,431800,429900,430000,430100,430200,430300,430400,430500,430600,430700,430800,11300,57300,17500,8600,4000,39400,3400,10800,2900,2000,429700,429600,429500,429400,429300,429200,429100,429000,428900,428800,1700,37900,36800,44100,45000,37500,83000,157700,22900,175500,439350,426040,8770610,3344576,0,0,0,0,0,
600036.SH,600036,20251209,145633000,429900,3900,167647,76601,0,,,45543126,1961927443,433000,428300,431800,431800,429900,430000,430100,430200,430300,430400,430500,430600,430700,430800,9900,57300,17500,8600,4000,39400,3400,10800,2900,2000,429800,429700,429600,429500,429400,429300,429200,429100,429000,428900,1600,2800,38400,36800,44100,45000,37500,83000,156700,22900,439360,426040,8768710,3345976,0,0,0,0,0,
600036.SH,600036,20251209,145636000,429800,3100,133249,76615,0,,,45546226,1962060692,433000,428300,431800,431800,429900,430000,430100,430200,430300,430400,430500,430600,430700,430800,9200,57300,17200,8500,4000,39400,3400,10800,2900,2000,429800,429700,429600,429500,429400,429300,429200,429100,429000,428900,1100,4400,38300,36800,44100,45000,37500,83000,156700,23200,439360,426040,8762910,3345376,0,0,0,0,0,
600036.SH,600036,20251209,145639000,429900,9200,395501,76629,0,,,45555426,1962456193,433000,428300,431800,431800,429900,430000,430100,430200,430300,430400,430500,430600,430700,430800,2600,57300,17200,8500,4000,39400,3400,10800,2900,2000,429800,429700,429600,429500,429400,429300,429200,429100,429000,428900,1400,3300,37400,36800,44300,45000,37600,83000,156700,23100,439370,426040,8756810,3343576,0,0,0,0,0,
600036.SH,600036,20251209,145642000,429900,8800,378264,76643,0,,,45564226,1962834457,433000,428300,431800,431800,429900,430000,430100,430200,430300,430400,430500,430600,430700,430800,3300,57500,17200,8500,4000,39400,3400,10800,2900,2000,429800,429700,429600,429500,429400,429300,429200,429100,429000,428900,2300,10000,37500,36600,44300,45000,37600,83000,156700,23100,439370,426040,8757710,3350576,0,0,0,0,0,
600036.SH,600036,20251209,145645000,429900,6600,283701,76654,0,,,45570826,1963118158,433000,428300,431800,431800,430000,430100,430200,430300,430400,430500,430600,430700,430800,430900,57500,17200,8500,4000,39400,3400,10800,2900,2000,33800,429900,429700,429600,429500,429400,429300,429200,429100,429000,428900,2400,11000,38700,35700,44100,45000,37600,83000,156700,23100,439370,426050,8752410,3350076,0,0,0,0,0,
600036.SH,600036,20251209,145648000,429700,20300,872569,76679,0,,,45591126,1963990727,433000,428300,431800,431800,429900,430000,430100,430200,430300,430400,430500,430600,430700,430800,200,54600,17200,8500,4000,39400,3400,10800,2900,2000,429700,429600,429500,429400,429300,429200,429100,429000,428900,428800,3700,38700,35900,44100,45000,37600,83000,156600,23100,175000,439380,426040,8748410,3339476,0,0,0,0,0,
600036.SH,600036,20251209,145651000,429700,9900,425478,76693,0,,,45601026,1964416205,433000,428300,431800,431800,429900,430000,430100,430200,430300,430400,430500,430600,430700,430800,2000,52300,17200,8500,4000,39400,3400,10800,2900,2000,429700,429600,429500,429400,429300,429200,429100,429000,428900,428800,1800,36400,35800,44100,45000,36700,83000,156600,23100,175000,439380,426030,8747910,3331976,0,0,0,0,0,
600036.SH,600036,20251209,145654000,430000,12300,528878,76698,0,,,45613326,1964945083,433000,428300,431800,431800,430000,430100,430200,430300,430400,430500,430600,430700,430800,430900,42200,17200,8500,4000,39400,3400,10800,2900,2000,33800,429800,429700,429600,429500,429400,429300,429200,429100,429000,428900,100,7500,36400,35000,44100,45000,36700,83000,156600,23100,439390,426040,8735810,3336976,0,0,0,0,0,
600036.SH,600036,20251209,145657000,429700,4000,171881,76701,0,,,45617326,1965116964,433000,428300,431800,431800,429900,430000,430100,430200,430300,430400,430500,430600,430700,430800,300,42000,17200,8500,4000,39400,3400,4400,2900,2000,429700,429600,429500,429400,429300,429200,429100,429000,428900,428800,2100,35400,35300,44100,45000,36700,83000,156400,23100,175000,439400,426030,8724810,3329676,0,0,0,0,0,
600036.SH,600036,20251209,145700000,429600,2500,107430,76706,0,,,45619826,1965224394,433000,428300,431800,431800,430000,0,0,0,0,0,0,0,0,0,200,41800,0,0,0,0,0,0,0,0,430000,0,0,0,0,0,0,0,0,0,200,0,0,0,0,0,0,0,0,0,439400,426030,8727410,3327776,0,0,0,0,0,
600036.SH,600036,20251209,145703000,429600,0,0,76706,0,,,45619826,1965224394,433000,428300,431800,431800,429800,0,0,0,0,0,0,0,0,0,1700,0,0,0,0,0,0,0,0,0,429800,0,0,0,0,0,0,0,0,0,1700,5100,0,0,0,0,0,0,0,0,439390,426050,8735310,3349876,0,0,0,0,0,
600036.SH,600036,20251209,145706000,429600,0,0,76706,0,,,45619826,1965224394,433000,428300,431800,431800,430000,0,0,0,0,0,0,0,0,0,49300,8500,0,0,0,0,0,0,0,0,430000,0,0,0,0,0,0,0,0,0,49300,0,0,0,0,0,0,0,0,0,439320,426220,8747910,3397776,0,0,0,0,0,
600036.SH,600036,20251209,145709000,429600,0,0,76706,0,,,45619826,1965224394,433000,428300,431800,431800,430000,0,0,0,0,0,0,0,0,0,52600,11700,0,0,0,0,0,0,0,0,430000,0,0,0,0,0,0,0,0,0,52600,0,0,0,0,0,0,0,0,0,439270,426230,8762410,3401376,0,0,0,0,0,
600036.SH,600036,20251209,145712000,429600,0,0,76706,0,,,45619826,1965224394,433000,428300,431800,431800,430400,0,0,0,0,0,0,0,0,0,142444,0,0,0,0,0,0,0,0,0,430400,0,0,0,0,0,0,0,0,0,142444,172556,0,0,0,0,0,0,0,0,439240,426570,8771454,3666976,0,0,0,0,0,
600036.SH,600036,20251209,145715000,429600,0,0,76706,0,,,45619826,1965224394,433000,428300,431800,431800,430400,0,0,0,0,0,0,0,0,0,222544,0,0,0,0,0,0,0,0,0,430400,0,0,0,0,0,0,0,0,0,222544,110556,0,0,0,0,0,0,0,0,439010,426640,8851554,3696276,0,0,0,0,0,
600036.SH,600036,20251209,145718000,429600,0,0,76706,0,,,45619826,1965224394,433000,428300,431800,431800,430400,0,0,0,0,0,0,0,0,0,231644,0,0,0,0,0,0,0,0,0,430400,0,0,0,0,0,0,0,0,0,231644,128256,0,0,0,0,0,0,0,0,438990,426720,8860654,3728976,0,0,0,0,0,
600036.SH,600036,20251209,145721000,429600,0,0,76706,0,,,45619826,1965224394,433000,428300,431800,431800,431000,0,0,0,0,0,0,0,0,0,335400,19244,0,0,0,0,0,0,0,0,431000,0,0,0,0,0,0,0,0,0,335400,0,0,0,0,0,0,0,0,0,438970,427370,8872354,3953276,0,0,0,0,0,
600036.SH,600036,20251209,145724000,429600,0,0,76706,0,,,45619826,1965224394,433000,428300,431800,431800,431500,0,0,0,0,0,0,0,0,0,381400,6244,0,0,0,0,0,0,0,0,431500,0,0,0,0,0,0,0,0,0,381400,0,0,0,0,0,0,0,0,0,438950,427490,8874654,4000576,0,0,0,0,0,
600036.SH,600036,20251209,145727000,429600,0,0,76706,0,,,45619826,1965224394,433000,428300,431800,431800,431300,0,0,0,0,0,0,0,0,0,381400,944,0,0,0,0,0,0,0,0,431300,0,0,0,0,0,0,0,0,0,381400,0,0,0,0,0,0,0,0,0,438940,427490,8880154,4001676,0,0,0,0,0,
600036.SH,600036,20251209,145730000,429600,0,0,76706,0,,,45619826,1965224394,433000,428300,431800,431800,430900,0,0,0,0,0,0,0,0,0,381900,2344,0,0,0,0,0,0,0,0,430900,0,0,0,0,0,0,0,0,0,381900,0,0,0,0,0,0,0,0,0,438770,427490,8968754,4002476,0,0,0,0,0,
600036.SH,600036,20251209,145733000,429600,0,0,76706,0,,,45619826,1965224394,433000,428300,431800,431800,430900,0,0,0,0,0,0,0,0,0,386600,1144,0,0,0,0,0,0,0,0,430900,0,0,0,0,0,0,0,0,0,386600,0,0,0,0,0,0,0,0,0,438740,427500,8982754,4008876,0,0,0,0,0,
600036.SH,600036,20251209,145736000,429600,0,0,76706,0,,,45619826,1965224394,433000,428300,431800,431800,430900,0,0,0,0,0,0,0,0,0,387400,12444,0,0,0,0,0,0,0,0,430900,0,0,0,0,0,0,0,0,0,387400,0,0,0,0,0,0,0,0,0,438680,427510,8995954,4011976,0,0,0,0,0,
600036.SH,600036,20251209,145739000,429600,0,0,76706,0,,,45619826,1965224394,433000,428300,431800,431800,430900,0,0,0,0,0,0,0,0,0,387400,12444,0,0,0,0,0,0,0,0,430900,0,0,0,0,0,0,0,0,0,387400,0,0,0,0,0,0,0,0,0,438680,427510,8997954,4013176,0,0,0,0,0,
600036.SH,600036,20251209,145742000,429600,0,0,76706,0,,,45619826,1965224394,433000,428300,431800,431800,430400,0,0,0,0,0,0,0,0,0,399544,0,0,0,0,0,0,0,0,0,430400,0,0,0,0,0,0,0,0,0,399544,235956,0,0,0,0,0,0,0,0,438560,427510,9057254,4014476,0,0,0,0,0,
600036.SH,600036,20251209,145745000,429600,0,0,76706,0,,,45619826,1965224394,433000,428300,431800,431800,430400,0,0,0,0,0,0,0,0,0,405944,0,0,0,0,0,0,0,0,0,430400,0,0,0,0,0,0,0,0,0,405944,230356,0,0,0,0,0,0,0,0,438520,427510,9066054,4016776,0,0,0,0,0,
600036.SH,600036,20251209,145748000,429600,0,0,76706,0,,,45619826,1965224394,433000,428300,431800,431800,430400,0,0,0,0,0,0,0,0,0,412444,0,0,0,0,0,0,0,0,0,430400,0,0,0,0,0,0,0,0,0,412444,223856,0,0,0,0,0,0,0,0,438490,427510,9072554,4017776,0,0,0,0,0,
600036.SH,600036,20251209,145751000,429600,0,0,76706,0,,,45619826,1965224394,433000,428300,431800,431800,430400,0,0,0,0,0,0,0,0,0,414644,0,0,0,0,0,0,0,0,0,430400,0,0,0,0,0,0,0,0,0,414644,221656,0,0,0,0,0,0,0,0,438470,427510,9074754,4019376,0,0,0,0,0,
600036.SH,600036,20251209,145754000,429600,0,0,76706,0,,,45619826,1965224394,433000,428300,431800,431800,430400,0,0,0,0,0,0,0,0,0,424944,0,0,0,0,0,0,0,0,0,430400,0,0,0,0,0,0,0,0,0,424944,211356,0,0,0,0,0,0,0,0,438420,427510,9089154,4026276,0,0,0,0,0,
600036.SH,600036,20251209,145757000,429600,0,0,76706,0,,,45619826,1965224394,433000,428300,431800,431800,430400,0,0,0,0,0,0,0,0,0,425044,0,0,0,0,0,0,0,0,0,430400,0,0,0,0,0,0,0,0,0,425044,211256,0,0,0,0,0,0,0,0,438420,427510,9089254,4027576,0,0,0,0,0,
600036.SH,600036,20251209,145800000,429600,0,0,76706,0,,,45619826,1965224394,433000,428300,431800,431800,430400,0,0,0,0,0,0,0,0,0,431944,0,0,0,0,0,0,0,0,0,430400,0,0,0,0,0,0,0,0,0,431944,223156,0,0,0,0,0,0,0,0,438400,427560,9096154,4049776,0,0,0,0,0,
600036.SH,600036,20251209,145803000,429600,0,0,76706,0,,,45619826,1965224394,433000,428300,431800,431800,430500,0,0,0,0,0,0,0,0,0,443000,6444,0,0,0,0,0,0,0,0,430500,0,0,0,0,0,0,0,0,0,443000,0,0,0,0,0,0,0,0,0,438370,427660,9102854,4086976,0,0,0,0,0,
600036.SH,600036,20251209,145806000,429600,0,0,76706,0,,,45619826,1965224394,433000,428300,431800,431800,430400,0,0,0,0,0,0,0,0,0,447544,0,0,0,0,0,0,0,0,0,430400,0,0,0,0,0,0,0,0,0,447544,245556,0,0,0,0,0,0,0,0,438320,427740,9112354,4228076,0,0,0,0,0,
600036.SH,600036,20251209,145809000,429600,0,0,76706,0,,,45619826,1965224394,433000,428300,431800,431800,430400,0,0,0,0,0,0,0,0,0,452744,0,0,0,0,0,0,0,0,0,430400,0,0,0,0,0,0,0,0,0,452744,240656,0,0,0,0,0,0,0,0,438290,427740,9117754,4229976,0,0,0,0,0,
600036.SH,600036,20251209,145812000,429600,0,0,76706,0,,,45619826,1965224394,433000,428300,431800,431800,430400,0,0,0,0,0,0,0,0,0,459744,0,0,0,0,0,0,0,0,0,430400,0,0,0,0,0,0,0,0,0,459744,240356,0,0,0,0,0,0,0,0,438260,427750,9124754,4238376,0,0,0,0,0,
600036.SH,600036,20251209,145815000,429600,0,0,76706,0,,,45619826,1965224394,433000,428300,431800,431800,430400,0,0,0,0,0,0,0,0,0,459944,0,0,0,0,0,0,0,0,0,430400,0,0,0,0,0,0,0,0,0,459944,241856,0,0,0,0,0,0,0,0,438260,427750,9127454,4240676,0,0,0,0,0,
600036.SH,600036,20251209,145818000,429600,0,0,76706,0,,,45619826,1965224394,433000,428300,431800,431800,430400,0,0,0,0,0,0,0,0,0,464844,0,0,0,0,0,0,0,0,0,430400,0,0,0,0,0,0,0,0,0,464844,237056,0,0,0,0,0,0,0,0,438240,427750,9132354,4241976,0,0,0,0,0,
600036.SH,600036,20251209,145821000,429600,0,0,76706,0,,,45619826,1965224394,433000,428300,431800,431800,430400,0,0,0,0,0,0,0,0,0,471244,0,0,0,0,0,0,0,0,0,430400,0,0,0,0,0,0,0,0,0,471244,234556,0,0,0,0,0,0,0,0,438210,427770,9138754,4245976,0,0,0,0,0,
600036.SH,600036,20251209,145824000,429600,0,0,76706,0,,,45619826,1965224394,433000,428300,431800,431800,430400,0,0,0,0,0,0,0,0,0,480444,0,0,0,0,0,0,0,0,0,430400,0,0,0,0,0,0,0,0,0,480444,228356,0,0,0,0,0,0,0,0,438170,427770,9147954,4252676,0,0,0,0,0,
600036.SH,600036,20251209,145827000,429600,0,0,76706,0,,,45619826,1965224394,433000,428300,431800,431800,430400,0,0,0,0,0,0,0,0,0,533844,0,0,0,0,0,0,0,0,0,430400,0,0,0,0,0,0,0,0,0,533844,177056,0,0,0,0,0,0,0,0,438060,427780,9201354,4256276,0,0,0,0,0,
600036.SH,600036,20251209,145830000,429600,0,0,76706,0,,,45619826,1965224394,433000,428300,431800,431800,430400,0,0,0,0,0,0,0,0,0,537044,0,0,0,0,0,0,0,0,0,430400,0,0,0,0,0,0,0,0,0,537044,182656,0,0,0,0,0,0,0,0,438050,427790,9205854,4265076,0,0,0,0,0,
600036.SH,600036,20251209,145833000,429600,0,0,76706,0,,,45619826,1965224394,433000,428300,431800,431800,430400,0,0,0,0,0,0,0,0,0,542644,0,0,0,0,0,0,0,0,0,430400,0,0,0,0,0,0,0,0,0,542644,177656,0,0,0,0,0,0,0,0,438020,427800,9211454,4265976,0,0,0,0,0,
600036.SH,600036,20251209,145836000,429600,0,0,76706,0,,,45619826,1965224394,433000,428300,431800,431800,430400,0,0,0,0,0,0,0,0,0,559044,0,0,0,0,0,0,0,0,0,430400,0,0,0,0,0,0,0,0,0,559044,162656,0,0,0,0,0,0,0,0,438000,427800,9227854,4267776,0,0,0,0,0,
600036.SH,600036,20251209,145839000,429600,0,0,76706,0,,,45619826,1965224394,433000,428300,431800,431800,430400,0,0,0,0,0,0,0,0,0,602244,0,0,0,0,0,0,0,0,0,430400,0,0,0,0,0,0,0,0,0,602244,127356,0,0,0,0,0,0,0,0,437900,427800,9271054,4276176,0,0,0,0,0,
600036.SH,600036,20251209,145842000,429600,0,0,76706,0,,,45619826,1965224394,433000,428300,431800,431800,430400,0,0,0,0,0,0,0,0,0,604344,0,0,0,0,0,0,0,0,0,430400,0,0,0,0,0,0,0,0,0,604344,135456,0,0,0,0,0,0,0,0,437900,427820,9273154,4286976,0,0,0,0,0,
600036.SH,600036,20251209,145845000,429600,0,0,76706,0,,,45619826,1965224394,433000,428300,431800,431800,430400,0,0,0,0,0,0,0,0,0,606344,0,0,0,0,0,0,0,0,0,430400,0,0,0,0,0,0,0,0,0,606344,133556,0,0,0,0,0,0,0,0,437900,427820,9275154,4287476,0,0,0,0,0,
600036.SH,600036,20251209,145848000,429600,0,0,76706,0,,,45619826,1965224394,433000,428300,431800,431800,430400,0,0,0,0,0,0,0,0,0,638244,0,0,0,0,0,0,0,0,0,430400,0,0,0,0,0,0,0,0,0,638244,104656,0,0,0,0,0,0,0,0,437860,427830,9307054,4290676,0,0,0,0,0,
600036.SH,600036,20251209,145851000,429600,0,0,76706,0,,,45619826,1965224394,433000,428300,431800,431800,430400,0,0,0,0,0,0,0,0,0,644544,0,0,0,0,0,0,0,0,0,430400,0,0,0,0,0,0,0,0,0,644544,102756,0,0,0,0,0,0,0,0,437840,427840,9313354,4295576,0,0,0,0,0,
600036.SH,600036,20251209,145854000,429600,0,0,76706,0,,,45619826,1965224394,433000,428300,431800,431800,430400,0,0,0,0,0,0,0,0,0,645044,0,0,0,0,0,0,0,0,0,430400,0,0,0,0,0,0,0,0,0,645044,102456,0,0,0,0,0,0,0,0,437840,427840,9313854,4296576,0,0,0,0,0,
600036.SH,600036,20251209,145857000,429600,0,0,76706,0,,,45619826,1965224394,433000,428300,431800,431800,430400,0,0,0,0,0,0,0,0,0,648144,0,0,0,0,0,0,0,0,0,430400,0,0,0,0,0,0,0,0,0,648144,99956,0,0,0,0,0,0,0,0,437840,427840,9317854,4298376,0,0,0,0,0,
600036.SH,600036,20251209,145900000,429600,0,0,76706,0,,,45619826,1965224394,433000,428300,431800,431800,430400,0,0,0,0,0,0,0,0,0,655644,0,0,0,0,0,0,0,0,0,430400,0,0,0,0,0,0,0,0,0,655644,93056,0,0,0,0,0,0,0,0,437830,427840,9325354,4304376,0,0,0,0,0,
600036.SH,600036,20251209,145903000,429600,0,0,76706,0,,,45619826,1965224394,433000,428300,431800,431800,430400,0,0,0,0,0,0,0,0,0,662744,0,0,0,0,0,0,0,0,0,430400,0,0,0,0,0,0,0,0,0,662744,86256,0,0,0,0,0,0,0,0,437820,427840,9332454,4305976,0,0,0,0,0,
600036.SH,600036,20251209,145906000,429600,0,0,76706,0,,,45619826,1965224394,433000,428300,431800,431800,430400,0,0,0,0,0,0,0,0,0,669544,0,0,0,0,0,0,0,0,0,430400,0,0,0,0,0,0,0,0,0,669544,82756,0,0,0,0,0,0,0,0,437780,427860,9339254,4310076,0,0,0,0,0,
600036.SH,600036,20251209,145909000,429600,0,0,76706,0,,,45619826,1965224394,433000,428300,431800,431800,430400,0,0,0,0,0,0,0,0,0,692544,0,0,0,0,0,0,0,0,0,430400,0,0,0,0,0,0,0,0,0,692544,59756,0,0,0,0,0,0,0,0,437740,427860,9362254,4311576,0,0,0,0,0,
600036.SH,600036,20251209,145912000,429600,0,0,76706,0,,,45619826,1965224394,433000,428300,431800,431800,430400,0,0,0,0,0,0,0,0,0,694744,0,0,0,0,0,0,0,0,0,430400,0,0,0,0,0,0,0,0,0,694744,62056,0,0,0,0,0,0,0,0,437730,427880,9364454,4318676,0,0,0,0,0,
600036.SH,600036,20251209,145915000,429600,0,0,76706,0,,,45619826,1965224394,433000,428300,431800,431800,430400,0,0,0,0,0,0,0,0,0,698344,0,0,0,0,0,0,0,0,0,430400,0,0,0,0,0,0,0,0,0,698344,64156,0,0,0,0,0,0,0,0,437720,427880,9368054,4324376,0,0,0,0,0,
600036.SH,600036,20251209,145918000,429600,0,0,76706,0,,,45619826,1965224394,433000,428300,431800,431800,430400,0,0,0,0,0,0,0,0,0,698444,0,0,0,0,0,0,0,0,0,430400,0,0,0,0,0,0,0,0,0,698444,69456,0,0,0,0,0,0,0,0,437720,427770,9368154,4418776,0,0,0,0,0,
600036.SH,600036,20251209,145921000,429600,0,0,76706,0,,,45619826,1965224394,433000,428300,431800,431800,430400,0,0,0,0,0,0,0,0,0,701544,0,0,0,0,0,0,0,0,0,430400,0,0,0,0,0,0,0,0,0,701544,75056,0,0,0,0,0,0,0,0,437710,427780,9372254,4427476,0,0,0,0,0,
600036.SH,600036,20251209,145924000,429600,0,0,76706,0,,,45619826,1965224394,433000,428300,431800,431800,430400,0,0,0,0,0,0,0,0,0,708744,0,0,0,0,0,0,0,0,0,430400,0,0,0,0,0,0,0,0,0,708744,69456,0,0,0,0,0,0,0,0,437690,427780,9379454,4431976,0,0,0,0,0,
600036.SH,600036,20251209,145927000,429600,0,0,76706,0,,,45619826,1965224394,433000,428300,431800,431800,430400,0,0,0,0,0,0,0,0,0,719144,0,0,0,0,0,0,0,0,0,430400,0,0,0,0,0,0,0,0,0,719144,60656,0,0,0,0,0,0,0,0,437660,427790,9400454,4470676,0,0,0,0,0,
600036.SH,600036,20251209,145930000,429600,0,0,76706,0,,,45619826,1965224394,433000,428300,431800,431800,430400,0,0,0,0,0,0,0,0,0,739744,0,0,0,0,0,0,0,0,0,430400,0,0,0,0,0,0,0,0,0,739744,41656,0,0,0,0,0,0,0,0,437580,427790,9431854,4490876,0,0,0,0,0,
600036.SH,600036,20251209,145933000,429600,0,0,76706,0,,,45619826,1965224394,433000,428300,431800,431800,430400,0,0,0,0,0,0,0,0,0,754844,0,0,0,0,0,0,0,0,0,430400,0,0,0,0,0,0,0,0,0,754844,26856,0,0,0,0,0,0,0,0,437530,427790,9450754,4509476,0,0,0,0,0,
600036.SH,600036,20251209,145936000,429600,0,0,76706,0,,,45619826,1965224394,433000,428300,431800,431800,430400,0,0,0,0,0,0,0,0,0,761344,0,0,0,0,0,0,0,0,0,430400,0,0,0,0,0,0,0,0,0,761344,36056,0,0,0,0,0,0,0,0,437500,427810,9466854,4540076,0,0,0,0,0,
600036.SH,600036,20251209,145939000,429600,0,0,76706,0,,,45619826,1965224394,433000,428300,431800,431800,430400,0,0,0,0,0,0,0,0,0,767144,0,0,0,0,0,0,0,0,0,430400,0,0,0,0,0,0,0,0,0,767144,30356,0,0,0,0,0,0,0,0,437480,427810,9476854,4541776,0,0,0,0,0,
600036.SH,600036,20251209,145942000,429600,0,0,76706,0,,,45619826,1965224394,433000,428300,431800,431800,430400,0,0,0,0,0,0,0,0,0,822744,0,0,0,0,0,0,0,0,0,430400,0,0,0,0,0,0,0,0,0,822744,192656,0,0,0,0,0,0,0,0,437420,428320,9533154,4759976,0,0,0,0,0,
600036.SH,600036,20251209,145945000,429600,0,0,76706,0,,,45619826,1965224394,433000,428300,431800,431800,430400,0,0,0,0,0,0,0,0,0,838544,0,0,0,0,0,0,0,0,0,430400,0,0,0,0,0,0,0,0,0,838544,191956,0,0,0,0,0,0,0,0,437410,428110,9634354,4983176,0,0,0,0,0,
600036.SH,600036,20251209,145948000,429600,0,0,76706,0,,,45619826,1965224394,433000,428300,431800,431800,430400,0,0,0,0,0,0,0,0,0,891344,0,0,0,0,0,0,0,0,0,430400,0,0,0,0,0,0,0,0,0,891344,139356,0,0,0,0,0,0,0,0,437370,428110,9733754,4986276,0,0,0,0,0,
600036.SH,600036,20251209,145951000,429600,0,0,76706,0,,,45619826,1965224394,433000,428300,431800,431800,430400,0,0,0,0,0,0,0,0,0,903644,0,0,0,0,0,0,0,0,0,430400,0,0,0,0,0,0,0,0,0,903644,136056,0,0,0,0,0,0,0,0,437320,428120,9755154,5004976,0,0,0,0,0,
600036.SH,600036,20251209,145954000,429600,0,0,76706,0,,,45619826,1965224394,433000,428300,431800,431800,430400,0,0,0,0,0,0,0,0,0,911144,0,0,0,0,0,0,0,0,0,430400,0,0,0,0,0,0,0,0,0,911144,146456,0,0,0,0,0,0,0,0,437280,428140,9762654,5023776,0,0,0,0,0,
600036.SH,600036,20251209,145957000,429600,0,0,76706,0,,,45619826,1965224394,433000,428300,431800,431800,430400,0,0,0,0,0,0,0,0,0,916244,0,0,0,0,0,0,0,0,0,430400,0,0,0,0,0,0,0,0,0,916244,154656,0,0,0,0,0,0,0,0,437260,428150,9767754,5037076,0,0,0,0,0,
600036.SH,600036,20251209,150000000,429600,0,0,76706,0,,,45619826,1965224394,433000,428300,431800,431800,430400,0,0,0,0,0,0,0,0,0,974044,0,0,0,0,0,0,0,0,0,430400,0,0,0,0,0,0,0,0,0,974044,97156,0,0,0,0,0,0,0,0,437210,428150,9825554,5037876,0,0,0,0,0,
600036.SH,600036,20251209,150003000,430400,974044,41922854,77086,0,,,46593870,2007147248,433000,428300,431800,431800,430500,430600,430700,430800,430900,431000,431100,431200,431300,431400,13900,18200,5900,8400,45200,66800,6000,9600,11100,5300,430400,430300,430200,430100,430000,429900,429800,429700,429600,429500,97156,100,600,700,152000,1900,8600,21600,73700,47800,439480,426110,8851510,4063832,0,0,0,0,0,
