万得代码,交易所代码,自然日,时间,委托编号,交易所委托号,委托类型,委托代码,委托价格,委托数量,
000055.SZ,000055,20251209,91500050,0,4209,0,S,47500,100,
000055.SZ,000055,20251209,91500060,0,6041,0,S,43100,500,
000055.SZ,000055,20251209,91500060,0,7432,0,S,44000,8000,
000055.SZ,000055,20251209,91500070,0,10173,0,S,45800,2500,
000055.SZ,000055,20251209,91500070,0,10175,0,S,47300,4600,
000055.SZ,000055,20251209,91500080,0,14219,0,S,47500,200,
000055.SZ,000055,20251209,91500080,0,14581,0,S,44000,100,
000055.SZ,000055,20251209,91500090,0,18588,0,S,47500,700,
000055.SZ,000055,20251209,91500090,0,21894,0,S,47000,5000,
000055.SZ,000055,20251209,91500100,0,25860,0,S,47100,800,
000055.SZ,000055,20251209,91500110,0,28477,0,S,44200,2000,
000055.SZ,000055,20251209,91500110,0,28478,0,S,43500,2000,
000055.SZ,000055,20251209,91500110,0,28479,0,S,43800,2000,
000055.SZ,000055,20251209,91500110,0,28480,0,S,44000,2000,
000055.SZ,000055,20251209,91500110,0,28481,0,S,43900,2000,
000055.SZ,000055,20251209,91500110,0,28482,0,S,44600,2000,
000055.SZ,000055,20251209,91500110,0,28483,0,S,44700,2000,
000055.SZ,000055,20251209,91500110,0,28484,0,S,44500,2000,
000055.SZ,000055,20251209,91500110,0,28485,0,S,44800,2000,
000055.SZ,000055,20251209,91500110,0,28487,0,S,45200,2000,
000055.SZ,000055,20251209,91500110,0,29377,0,S,47500,100,
000055.SZ,000055,20251209,91500120,0,29973,0,S,45400,2000,
000055.SZ,000055,20251209,91500120,0,29974,0,S,45800,2000,
000055.SZ,000055,20251209,91500120,0,29975,0,S,46000,1000,
000055.SZ,000055,20251209,91500120,0,30082,0,S,46300,2000,
000055.SZ,000055,20251209,91500120,0,30084,0,S,46600,1000,
000055.SZ,000055,20251209,91500120,0,30085,0,S,46700,2000,
000055.SZ,000055,20251209,91500120,0,30086,0,S,46900,2000,
000055.SZ,000055,20251209,91500120,0,30088,0,S,47200,2000,
000055.SZ,000055,20251209,91500120,0,30089,0,S,47400,2000,
000055.SZ,000055,20251209,91500120,0,30090,0,S,47500,2000,
000055.SZ,000055,20251209,91500120,0,30091,0,S,45700,2000,
000055.SZ,000055,20251209,91500120,0,30794,0,S,44600,1200,
000055.SZ,000055,20251209,91500120,0,30821,0,S,47500,100,
000055.SZ,000055,20251209,91500120,0,31940,0,S,47500,500,
000055.SZ,000055,20251209,91500120,0,31948,0,S,47200,500,
000055.SZ,000055,20251209,91500120,0,31949,0,S,46700,500,
000055.SZ,000055,20251209,91500120,0,31961,0,S,45700,500,
000055.SZ,000055,20251209,91500120,0,31962,0,S,44700,500,
000055.SZ,000055,20251209,91500120,0,32150,0,B,43100,400,
000055.SZ,000055,20251209,91500120,0,32564,0,S,43400,2000,
000055.SZ,000055,20251209,91500120,0,32566,0,S,43700,2000,
000055.SZ,000055,20251209,91500120,0,32567,0,S,43600,2000,
000055.SZ,000055,20251209,91500120,0,32644,0,S,44100,2000,
000055.SZ,000055,20251209,91500120,0,32645,0,S,44300,2000,
000055.SZ,000055,20251209,91500120,0,32646,0,S,44400,2000,
000055.SZ,000055,20251209,91500120,0,32650,0,S,45000,2000,
000055.SZ,000055,20251209,91500120,0,32652,0,S,44900,2000,
000055.SZ,000055,20251209,91500120,0,32653,0,S,45100,2000,
000055.SZ,000055,20251209,91500120,0,32654,0,S,45300,2000,
000055.SZ,000055,20251209,91500120,0,32659,0,S,45500,2000,
000055.SZ,000055,20251209,91500120,0,32660,0,S,45600,2000,
000055.SZ,000055,20251209,91500120,0,32661,0,S,45900,1000,
000055.SZ,000055,20251209,91500120,0,32662,0,S,46100,2000,
000055.SZ,000055,20251209,91500120,0,32669,0,S,46400,1000,
000055.SZ,000055,20251209,91500120,0,32670,0,S,46200,2000,
000055.SZ,000055,20251209,91500120,0,32781,0,S,46500,1000,
000055.SZ,000055,20251209,91500120,0,32782,0,S,46800,1000,
000055.SZ,000055,20251209,91500120,0,32783,0,S,47000,2000,
000055.SZ,000055,20251209,91500120,0,32784,0,S,47300,2000,
000055.SZ,000055,20251209,91500120,0,32796,0,S,47100,2000,
000055.SZ,000055,20251209,91500130,0,34426,0,S,45500,500,
000055.SZ,000055,20251209,91500130,0,34488,0,S,45600,500,
000055.SZ,000055,20251209,91500130,0,35292,0,S,47100,30000,
000055.SZ,000055,20251209,91500140,0,38446,0,S,43400,400,
000055.SZ,000055,20251209,91500140,0,41580,0,S,47500,11900,
000055.SZ,000055,20251209,91500140,0,42019,0,B,43600,200,
000055.SZ,000055,20251209,91500150,0,45226,0,B,42500,3000,
000055.SZ,000055,20251209,91500150,0,46107,0,B,39500,100,
000055.SZ,000055,20251209,91500160,0,46164,0,B,38900,100,
000055.SZ,000055,20251209,91500160,0,46508,0,B,42500,800,
000055.SZ,000055,20251209,91500160,0,46651,0,S,47500,2000,
000055.SZ,000055,20251209,91500160,0,49100,0,S,45500,21100,
000055.SZ,000055,20251209,91500170,0,52735,0,S,44200,2100,
000055.SZ,000055,20251209,91500180,0,56627,0,S,47500,2000,
000055.SZ,000055,20251209,91500180,0,56628,0,B,39000,2000,
000055.SZ,000055,20251209,91500190,0,56958,0,S,47000,100,
000055.SZ,000055,20251209,91500190,0,57149,0,S,44900,500,
000055.SZ,000055,20251209,91500190,0,57150,0,S,45000,500,
000055.SZ,000055,20251209,91500190,0,58028,0,S,44400,600,
000055.SZ,000055,20251209,91500190,0,58035,0,S,46900,400,
000055.SZ,000055,20251209,91500190,0,58116,0,S,44800,400,
000055.SZ,000055,20251209,91500190,0,58461,0,S,47300,300,
000055.SZ,000055,20251209,91500190,0,58462,0,S,47100,300,
000055.SZ,000055,20251209,91500190,0,59232,0,B,43600,600,
000055.SZ,000055,20251209,91500200,0,59643,0,B,38900,2500,
000055.SZ,000055,20251209,91500200,0,61283,0,S,44300,1000,
000055.SZ,000055,20251209,91500200,0,61311,0,S,46900,5000,
000055.SZ,000055,20251209,91500210,0,62686,0,S,45400,600,
000055.SZ,000055,20251209,91500220,0,66301,0,S,45500,1000,
000055.SZ,000055,20251209,91500220,0,66302,0,S,47000,1000,
000055.SZ,000055,20251209,91500220,0,66540,0,S,47500,500,
000055.SZ,000055,20251209,91500240,0,70456,0,B,41000,800,
000055.SZ,000055,20251209,91500240,0,70656,0,S,45400,600,
000055.SZ,000055,20251209,91500240,0,70931,0,S,47500,3000,
000055.SZ,000055,20251209,91500280,0,77419,0,S,46100,1100,
000055.SZ,000055,20251209,91500300,0,79714,0,S,47500,4600,
000055.SZ,000055,20251209,91500300,0,80071,0,S,44800,14800,
000055.SZ,000055,20251209,91500300,0,81282,0,S,47500,1500,
000055.SZ,000055,20251209,91500350,0,90576,0,S,40000,5800,
000055.SZ,000055,20251209,91500390,0,95329,0,B,47500,100,
000055.SZ,000055,20251209,91500410,0,99098,0,S,46200,10000,
000055.SZ,000055,20251209,91500440,0,102370,0,S,47500,200,
000055.SZ,000055,20251209,91500490,0,109141,0,S,47500,10000,
000055.SZ,000055,20251209,91500500,0,110025,0,S,47500,3000,
000055.SZ,000055,20251209,91500500,0,110509,0,B,41000,200,
000055.SZ,000055,20251209,91500510,0,111684,0,S,47500,500,
000055.SZ,000055,20251209,91500530,0,113046,0,S,43400,11800,
000055.SZ,000055,20251209,91500530,0,113189,0,S,44500,400,
000055.SZ,000055,20251209,91500570,0,118285,0,S,44800,5000,
000055.SZ,000055,20251209,91500610,0,122801,0,S,47500,1000,
000055.SZ,000055,20251209,91500680,0,130107,0,S,47400,600,
000055.SZ,000055,20251209,91500690,0,131114,0,S,45500,800,
000055.SZ,000055,20251209,91500710,0,133223,0,S,47300,300,
000055.SZ,000055,20251209,91500730,0,135251,0,B,42200,1000,
000055.SZ,000055,20251209,91500750,0,137151,0,S,46900,500,
000055.SZ,000055,20251209,91500750,0,137152,0,B,41000,200,
000055.SZ,000055,20251209,91500760,0,137666,0,S,44500,1000,
000055.SZ,000055,20251209,91500760,0,138417,0,S,47200,100,
000055.SZ,000055,20251209,91500790,0,140728,0,S,47500,500,
000055.SZ,000055,20251209,91500800,0,141271,0,S,46800,500,
000055.SZ,000055,20251209,91500840,0,144950,0,S,47500,1200,
000055.SZ,000055,20251209,91500880,0,147995,0,S,47500,6400,
000055.SZ,000055,20251209,91500880,0,148038,0,S,46200,4000,
000055.SZ,000055,20251209,91500940,0,152735,0,S,44500,500,
000055.SZ,000055,20251209,91500940,0,152746,0,S,45500,500,
000055.SZ,000055,20251209,91500940,0,152747,0,S,47500,4600,
000055.SZ,000055,20251209,91500960,0,154101,0,S,47500,30000,
000055.SZ,000055,20251209,91500990,0,156341,0,S,47500,3200,
000055.SZ,000055,20251209,91501000,0,157237,0,S,43200,200,
000055.SZ,000055,20251209,91501000,0,157241,0,S,43900,200,
000055.SZ,000055,20251209,91501000,0,157254,0,S,46900,200,
000055.SZ,000055,20251209,91501010,0,158467,0,S,43400,22000,
000055.SZ,000055,20251209,91501010,0,158468,0,S,43500,66000,
000055.SZ,000055,20251209,91501010,0,158469,0,S,43600,86000,
000055.SZ,000055,20251209,91501010,0,158470,0,S,43700,89000,
000055.SZ,000055,20251209,91501010,0,158471,0,S,43800,92000,
000055.SZ,000055,20251209,91501010,0,158472,0,S,43900,93000,
000055.SZ,000055,20251209,91501010,0,158490,0,S,44000,96000,
000055.SZ,000055,20251209,91501010,0,158491,0,S,44100,91000,
000055.SZ,000055,20251209,91501090,0,163914,0,S,45800,500,
000055.SZ,000055,20251209,91501140,0,168074,0,S,45000,20000,
000055.SZ,000055,20251209,91501140,0,168075,0,S,47000,30000,
000055.SZ,000055,20251209,91501260,0,176518,0,S,47500,12900,
000055.SZ,000055,20251209,91501310,0,179322,0,S,44400,2000,
000055.SZ,000055,20251209,91501380,0,183889,0,B,43000,1500,
000055.SZ,000055,20251209,91501410,0,185802,0,S,43900,1000,
000055.SZ,000055,20251209,91501410,0,185812,0,S,44900,1000,
000055.SZ,000055,20251209,91501480,0,190855,0,S,43500,45000,
000055.SZ,000055,20251209,91501480,0,190856,0,S,43600,66000,
000055.SZ,000055,20251209,91501480,0,190858,0,S,43700,77000,
000055.SZ,000055,20251209,91501510,0,193272,0,B,42600,20000,
000055.SZ,000055,20251209,91501590,0,199824,0,S,47500,1000,
000055.SZ,000055,20251209,91501590,0,199825,0,S,46000,700,
000055.SZ,000055,20251209,91501590,0,199827,0,S,44600,500,
000055.SZ,000055,20251209,91501620,0,201744,0,B,42000,4000,
000055.SZ,000055,20251209,91501640,0,203225,0,S,44600,1000,
000055.SZ,000055,20251209,91501660,0,204243,0,S,44600,500,
000055.SZ,000055,20251209,91501660,0,204244,0,B,41400,500,
000055.SZ,000055,20251209,91501680,0,205626,0,B,42800,800,
000055.SZ,000055,20251209,91501760,0,209801,0,S,47500,200,
000055.SZ,000055,20251209,91501990,0,219916,0,S,43800,3600,
000055.SZ,000055,20251209,91502000,0,220668,0,S,46300,200,
000055.SZ,000055,20251209,91502040,0,223085,0,S,45800,5000,
000055.SZ,000055,20251209,91502040,0,223086,0,S,44600,7000,
000055.SZ,000055,20251209,91502040,0,223087,0,S,43900,6000,
000055.SZ,000055,20251209,91502040,0,223088,0,B,41000,5000,
000055.SZ,000055,20251209,91502170,0,229064,0,S,45000,5000,
000055.SZ,000055,20251209,91502170,0,229065,0,B,42000,10000,
000055.SZ,000055,20251209,91502200,0,230497,0,S,44900,1500,
000055.SZ,000055,20251209,91502200,0,230499,0,S,47400,5000,
000055.SZ,000055,20251209,91502250,0,233090,0,S,46200,5000,
000055.SZ,000055,20251209,91502320,0,235634,0,S,47500,1300,
000055.SZ,000055,20251209,91502390,0,238015,0,S,46700,800,
000055.SZ,000055,20251209,91502450,0,240880,0,S,44600,5000,
000055.SZ,000055,20251209,91502470,0,241679,0,S,47500,500,
000055.SZ,000055,20251209,91502550,0,246091,0,S,45300,8900,
000055.SZ,000055,20251209,91502650,0,250603,0,S,47500,800,
000055.SZ,000055,20251209,91502830,0,255780,0,S,47400,2200,
000055.SZ,000055,20251209,91502850,0,256375,0,S,47300,2500,
000055.SZ,000055,20251209,91502930,0,257971,0,S,47500,1500,
000055.SZ,000055,20251209,91502940,0,258681,0,S,47500,1000,
000055.SZ,000055,20251209,91503090,0,263694,0,S,47500,10100,
000055.SZ,000055,20251209,91503100,0,263894,0,S,47500,2000,
000055.SZ,000055,20251209,91503150,0,265391,0,S,47500,1000,
000055.SZ,000055,20251209,91503500,0,274547,0,B,41800,1100,
000055.SZ,000055,20251209,91503510,0,274714,0,B,41500,1200,
000055.SZ,000055,20251209,91503630,0,278783,0,S,46800,4400,
000055.SZ,000055,20251209,91503630,0,278867,0,S,43800,30000,
000055.SZ,000055,20251209,91503640,0,279113,0,S,47500,6000,
000055.SZ,000055,20251209,91503640,0,279132,0,B,41000,6400,
000055.SZ,000055,20251209,91503650,0,279431,0,S,47500,134700,
000055.SZ,000055,20251209,91504050,0,286635,0,S,44400,2300,
000055.SZ,000055,20251209,91504050,0,286645,0,S,46400,2200,
000055.SZ,000055,20251209,91504060,0,286698,0,S,47500,2200,
000055.SZ,000055,20251209,91504060,0,286739,0,S,47400,2200,
000055.SZ,000055,20251209,91504090,0,287014,0,S,47500,5000,
000055.SZ,000055,20251209,91504220,0,289058,0,S,44800,3600,
000055.SZ,000055,20251209,91504240,0,289374,0,S,46800,2400,
000055.SZ,000055,20251209,91504470,0,292560,0,S,46500,1000,
000055.SZ,000055,20251209,91504470,0,292572,0,S,45300,1000,
000055.SZ,000055,20251209,91504550,0,294172,0,S,44200,1000,
000055.SZ,000055,20251209,91504550,0,294173,0,S,45300,1000,
000055.SZ,000055,20251209,91504550,0,294184,0,S,46300,1000,
000055.SZ,000055,20251209,91504550,0,294200,0,S,47300,3000,
000055.SZ,000055,20251209,91504550,0,294228,0,S,47500,20000,
000055.SZ,000055,20251209,91504670,0,296729,0,B,43000,3000,
000055.SZ,000055,20251209,91504730,0,297543,0,S,47400,300,
000055.SZ,000055,20251209,91504860,0,297879,0,S,46900,20000,
000055.SZ,000055,20251209,91505240,0,300911,0,S,47500,1000,
000055.SZ,000055,20251209,91505350,0,301549,0,S,47500,4000,
000055.SZ,000055,20251209,91505350,0,301551,0,S,47100,3800,
000055.SZ,000055,20251209,91505490,0,302524,0,B,42700,500,
000055.SZ,000055,20251209,91505490,0,302534,0,B,42500,500,
000055.SZ,000055,20251209,91505530,0,303048,0,S,47400,2200,
000055.SZ,000055,20251209,91505560,0,303819,0,S,43800,500,
000055.SZ,000055,20251209,91505560,0,303820,0,S,44500,1500,
000055.SZ,000055,20251209,91505650,0,305311,0,S,43500,1000,
000055.SZ,000055,20251209,91505680,0,305565,0,S,47300,20000,
000055.SZ,000055,20251209,91505720,0,306081,0,S,47400,500,
000055.SZ,000055,20251209,91505840,0,306459,0,B,42100,4500,
000055.SZ,000055,20251209,91505940,0,306878,0,B,42800,2000,
000055.SZ,000055,20251209,91506230,0,308582,0,S,47000,3500,
000055.SZ,000055,20251209,91506360,0,308878,0,S,47500,500,
000055.SZ,000055,20251209,91506370,0,308901,0,S,47500,500,
000055.SZ,000055,20251209,91507320,0,313881,0,S,44200,1000,
000055.SZ,000055,20251209,91507410,0,314131,0,S,44600,5000,
000055.SZ,000055,20251209,91507480,0,314198,0,B,40100,1200,
000055.SZ,000055,20251209,91507480,0,314203,0,S,47500,1000,
000055.SZ,000055,20251209,91507570,0,314711,0,B,41900,7000,
000055.SZ,000055,20251209,91507740,0,315936,0,S,43700,2400,
000055.SZ,000055,20251209,91512500,0,323693,0,S,47500,5000,
000055.SZ,000055,20251209,91512500,0,323701,0,S,47000,5000,
000055.SZ,000055,20251209,91512500,0,323712,0,S,46500,5000,
000055.SZ,000055,20251209,91512500,0,323719,0,S,46000,5000,
000055.SZ,000055,20251209,91512500,0,323726,0,S,45500,5000,
000055.SZ,000055,20251209,91512510,0,323727,0,S,45000,5000,
000055.SZ,000055,20251209,91512510,0,323736,0,S,44500,5000,
000055.SZ,000055,20251209,91512510,0,323746,0,S,44000,5000,
000055.SZ,000055,20251209,91512510,0,323780,0,S,43900,1000,
000055.SZ,000055,20251209,91512570,0,323906,0,S,43000,100,
000055.SZ,000055,20251209,91513490,0,324419,0,S,43800,1000,
000055.SZ,000055,20251209,91521320,0,326566,0,B,47500,74200,
000055.SZ,000055,20251209,91523720,0,327063,0,S,42900,100,
000055.SZ,000055,20251209,91524030,0,327125,0,S,47500,100,
000055.SZ,000055,20251209,91529190,0,328320,0,S,43800,2000,
000055.SZ,000055,20251209,91529200,0,328321,0,B,39600,2400,
000055.SZ,000055,20251209,91529310,0,328354,0,S,45000,2400,
000055.SZ,000055,20251209,91529310,0,328355,0,B,39600,2400,
000055.SZ,000055,20251209,91529310,0,328357,0,S,43300,600,
000055.SZ,000055,20251209,91529310,0,328358,0,B,43100,600,
000055.SZ,000055,20251209,91529330,0,328364,0,S,43700,1000,
000055.SZ,000055,20251209,91533730,0,329419,0,S,43400,200,
000055.SZ,000055,20251209,91539750,0,331024,0,S,43600,200,
000055.SZ,000055,20251209,91545860,0,332784,0,S,43800,200,
000055.SZ,000055,20251209,91546170,0,332878,0,S,44000,7000,
000055.SZ,000055,20251209,91551890,0,334563,0,S,44000,200,
000055.SZ,000055,20251209,91557970,0,336468,0,S,44200,200,
000055.SZ,000055,20251209,91557970,0,336474,0,S,43600,1000,
000055.SZ,000055,20251209,91558100,0,336521,0,S,47500,5000,
000055.SZ,000055,20251209,91603100,0,338274,0,S,47500,200,
000055.SZ,000055,20251209,91603100,0,338275,0,B,38900,200,
000055.SZ,000055,20251209,91604020,0,338605,0,B,43000,200,
000055.SZ,000055,20251209,91610130,0,340643,0,B,42800,200,
000055.SZ,000055,20251209,91620040,0,343543,0,S,43500,1000,
000055.SZ,000055,20251209,91622730,0,344318,0,S,47500,1000,
000055.SZ,000055,20251209,91629130,0,346380,0,S,43800,600,
000055.SZ,000055,20251209,91633820,0,348019,0,S,45000,3100,
000055.SZ,000055,20251209,91649980,0,353141,0,B,43000,20100,
000055.SZ,000055,20251209,91719480,0,363103,0,S,43400,5000,
000055.SZ,000055,20251209,91720510,0,363462,0,S,38900,131500,
000055.SZ,000055,20251209,91735660,0,368926,0,S,38900,100,
000055.SZ,000055,20251209,91810220,0,381794,0,B,41800,40000,
000055.SZ,000055,20251209,91823310,0,386784,0,B,42800,8600,
000055.SZ,000055,20251209,91828180,0,388576,0,S,47500,300,
000055.SZ,000055,20251209,91844180,0,394807,0,B,42700,500,
000055.SZ,000055,20251209,91854700,0,398898,0,S,47400,300,
000055.SZ,000055,20251209,91900280,0,401239,0,B,42400,17100,
000055.SZ,000055,20251209,91900710,0,401410,0,S,47500,50000,
000055.SZ,000055,20251209,91939370,0,417831,0,S,43900,10000,
000055.SZ,000055,20251209,91941610,0,418790,0,B,40600,100,
000055.SZ,000055,20251209,91943070,0,419497,0,B,43000,6000,
000055.SZ,000055,20251209,91954190,0,424213,0,S,47500,10000,
000055.SZ,000055,20251209,91958530,0,426079,0,S,43200,11800,
000055.SZ,000055,20251209,92000610,0,427046,0,B,42900,6000,
000055.SZ,000055,20251209,92001430,0,427399,0,B,43000,20000,
000055.SZ,000055,20251209,92001980,0,427671,0,S,45300,2000,
000055.SZ,000055,20251209,92011510,0,431148,0,B,42800,6000,
000055.SZ,000055,20251209,92026510,0,436297,0,S,43900,10000,
000055.SZ,000055,20251209,92033070,0,438608,0,S,44000,3000,
000055.SZ,000055,20251209,92033970,0,438944,0,S,47500,5000,
000055.SZ,000055,20251209,92035290,0,439428,0,S,47500,500,
000055.SZ,000055,20251209,92039700,0,441003,0,S,47500,10000,
000055.SZ,000055,20251209,92050830,0,444995,0,S,44900,10000,
000055.SZ,000055,20251209,92102820,0,449419,0,B,42700,10000,
000055.SZ,000055,20251209,92105660,0,450491,0,B,42400,20000,
000055.SZ,000055,20251209,92108600,0,451647,0,S,45000,3000,
000055.SZ,000055,20251209,92120240,0,456060,0,S,47500,131500,
000055.SZ,000055,20251209,92135560,0,461999,0,S,44500,20000,
000055.SZ,000055,20251209,92139360,0,463516,0,S,43000,1000,
000055.SZ,000055,20251209,92141400,0,464348,0,S,43800,2000,
000055.SZ,000055,20251209,92148930,0,467366,0,S,46500,900,
000055.SZ,000055,20251209,92207610,0,475461,0,S,43000,100,
000055.SZ,000055,20251209,92231010,0,485594,0,B,42500,10000,
000055.SZ,000055,20251209,92231580,0,485860,0,B,42400,3000,
000055.SZ,000055,20251209,92255470,0,496653,0,S,47500,23300,
000055.SZ,000055,20251209,92258790,0,498194,0,S,47500,71900,
000055.SZ,000055,20251209,92259670,0,498656,0,S,47200,500,
000055.SZ,000055,20251209,92319080,0,508155,0,S,43000,100,
000055.SZ,000055,20251209,92334040,0,516340,0,S,43400,2000,
000055.SZ,000055,20251209,92335900,0,517401,0,S,44800,3000,
000055.SZ,000055,20251209,92342150,0,520970,0,B,42700,4000,
000055.SZ,000055,20251209,92346010,0,523152,0,S,44600,2000,
000055.SZ,000055,20251209,92349080,0,524996,0,S,43000,100,
000055.SZ,000055,20251209,92351070,0,526161,0,B,42700,2600,
000055.SZ,000055,20251209,92402440,0,532934,0,S,46900,2000,
000055.SZ,000055,20251209,92404070,0,534003,0,S,44800,1700,
000055.SZ,000055,20251209,92405390,0,534906,0,S,47500,200,
000055.SZ,000055,20251209,92406010,0,535295,0,S,47500,300,
000055.SZ,000055,20251209,92416940,0,543380,0,S,45000,6000,
000055.SZ,000055,20251209,92419090,0,545093,0,S,43000,100,
000055.SZ,000055,20251209,92419490,0,545415,0,S,47500,4000,
000055.SZ,000055,20251209,92420870,0,546543,0,B,42800,10100,
000055.SZ,000055,20251209,92432080,0,556509,0,B,42700,2000,
000055.SZ,000055,20251209,92433730,0,557963,0,B,43000,1300,
000055.SZ,000055,20251209,92437160,0,561066,0,S,47500,11000,
000055.SZ,000055,20251209,92437710,0,561610,0,S,46900,1400,
000055.SZ,000055,20251209,92438180,0,562118,0,B,42600,3000,
000055.SZ,000055,20251209,92446180,0,570240,0,B,43700,6100,
000055.SZ,000055,20251209,92447100,0,571235,0,S,43300,1000,
000055.SZ,000055,20251209,92451440,0,577338,0,B,43100,6000,
000055.SZ,000055,20251209,92458190,0,590510,0,B,44000,4900,
000055.SZ,000055,20251209,92458350,0,591075,0,B,44000,1200,
000055.SZ,000055,20251209,92459120,0,593524,0,B,43300,2800,
000055.SZ,000055,20251209,92459990,0,598209,0,B,43800,2200,
000055.SZ,000055,20251209,93000000,0,689970,0,S,43000,5300,
000055.SZ,000055,20251209,93000050,0,695655,0,B,42800,5000,
000055.SZ,000055,20251209,93000050,0,697528,0,S,42700,300,
000055.SZ,000055,20251209,93000050,0,698773,0,S,45100,10000,
000055.SZ,000055,20251209,93000050,0,701031,0,B,43000,700,
000055.SZ,000055,20251209,93000050,0,701495,0,S,46600,20000,
000055.SZ,000055,20251209,93000050,0,701748,0,S,43400,700,
000055.SZ,000055,20251209,93000060,0,705488,0,B,42600,20000,
000055.SZ,000055,20251209,93000070,0,714586,0,S,43200,1100,
000055.SZ,000055,20251209,93000090,0,723156,0,S,43400,500,
000055.SZ,000055,20251209,93000090,0,724645,0,S,43800,1000,
000055.SZ,000055,20251209,93000100,0,731058,0,S,43300,7000,
000055.SZ,000055,20251209,93000110,0,732244,0,S,43200,3000,
000055.SZ,000055,20251209,93000130,0,748044,0,S,47500,4800,
000055.SZ,000055,20251209,93000140,0,751147,0,S,47500,20000,
000055.SZ,000055,20251209,93000140,0,753768,0,S,47500,2200,
000055.SZ,000055,20251209,93000150,0,761011,0,S,46700,500,
000055.SZ,000055,20251209,93000160,0,762873,0,B,38900,500,
000055.SZ,000055,20251209,93000170,0,768280,0,S,43400,1000,
000055.SZ,000055,20251209,93000210,0,785612,0,S,44000,600,
000055.SZ,000055,20251209,93000220,0,790028,0,S,47500,34400,
000055.SZ,000055,20251209,93000230,0,795325,0,S,47500,4700,
000055.SZ,000055,20251209,93000260,0,805890,0,S,43100,100,
000055.SZ,000055,20251209,93000290,0,815310,0,B,43100,1000,
000055.SZ,000055,20251209,93000320,0,823374,0,B,43100,100,
000055.SZ,000055,20251209,93000350,0,830970,0,S,43100,800,
000055.SZ,000055,20251209,93000350,0,831079,0,S,43100,200,
000055.SZ,000055,20251209,93000350,0,831181,0,S,43100,300,
000055.SZ,000055,20251209,93000350,0,831240,0,S,43100,500,
000055.SZ,000055,20251209,93000360,0,833082,0,B,43100,500,
000055.SZ,000055,20251209,93000370,0,836223,0,S,45000,200,
000055.SZ,000055,20251209,93000390,0,839906,0,S,43100,200,
000055.SZ,000055,20251209,93000390,0,840393,0,S,43100,100,
000055.SZ,000055,20251209,93000410,0,843291,0,S,43100,800,
000055.SZ,000055,20251209,93000410,0,843319,0,S,43100,100,
000055.SZ,000055,20251209,93000410,0,843324,0,S,43100,200,
000055.SZ,000055,20251209,93000410,0,843348,0,S,43100,100,
000055.SZ,000055,20251209,93000410,0,843359,0,S,43200,100,
000055.SZ,000055,20251209,93000410,0,844241,0,S,43100,100,
000055.SZ,000055,20251209,93000410,0,844297,0,S,43100,200,
000055.SZ,000055,20251209,93000420,0,845099,0,B,43500,1100,
000055.SZ,000055,20251209,93000430,0,846481,0,S,43400,35000,
000055.SZ,000055,20251209,93000430,0,847554,0,S,43200,500,
000055.SZ,000055,20251209,93000460,0,852566,0,S,43200,700,
000055.SZ,000055,20251209,93000470,0,853676,0,B,43100,1300,
000055.SZ,000055,20251209,93000470,0,854130,0,S,45500,2000,
000055.SZ,000055,20251209,93000470,0,854969,0,B,42400,4000,
000055.SZ,000055,20251209,93000480,0,855693,0,B,42600,10000,
000055.SZ,000055,20251209,93000520,0,860820,0,B,42500,10000,
000055.SZ,000055,20251209,93000540,0,864519,0,S,43100,200,
000055.SZ,000055,20251209,93000540,0,864535,0,S,43100,100,
000055.SZ,000055,20251209,93000540,0,864544,0,S,43100,200,
000055.SZ,000055,20251209,93000540,0,864644,0,S,43100,100,
000055.SZ,000055,20251209,93000540,0,864682,0,S,43200,500,
000055.SZ,000055,20251209,93000560,0,868351,0,B,42700,5000,
000055.SZ,000055,20251209,93000560,0,868837,0,B,43000,500,
000055.SZ,000055,20251209,93000590,0,872468,0,B,38900,10000,
000055.SZ,000055,20251209,93000610,0,876351,0,S,47200,1000,
000055.SZ,000055,20251209,93000620,0,877617,0,S,47400,800,
000055.SZ,000055,20251209,93000630,0,879633,0,S,43200,100,
000055.SZ,000055,20251209,93000650,0,882572,0,S,43200,2000,
000055.SZ,000055,20251209,93000730,0,896089,0,S,43200,200,
000055.SZ,000055,20251209,93000730,0,897166,0,S,43200,700,
000055.SZ,000055,20251209,93000740,0,897729,0,S,43200,200,
000055.SZ,000055,20251209,93000750,0,899369,0,S,43500,1800,
000055.SZ,000055,20251209,93000750,0,899399,0,S,43400,2900,
000055.SZ,000055,20251209,93000760,0,901735,0,S,43100,100,
000055.SZ,000055,20251209,93000850,0,914883,0,S,43300,2200,
000055.SZ,000055,20251209,93000850,0,915788,0,S,43100,100,
000055.SZ,000055,20251209,93000850,0,915790,0,S,43100,200,
000055.SZ,000055,20251209,93000860,0,917279,0,S,43400,4600,
000055.SZ,000055,20251209,93000890,0,922319,0,S,47500,10900,
000055.SZ,000055,20251209,93000890,0,922860,0,S,43200,7000,
000055.SZ,000055,20251209,93000940,0,930263,0,S,43400,500,
000055.SZ,000055,20251209,93000970,0,933614,0,B,42600,12900,
000055.SZ,000055,20251209,93000980,0,934968,0,S,43100,1300,
000055.SZ,000055,20251209,93000990,0,936539,0,S,43200,300,
000055.SZ,000055,20251209,93000990,0,936594,0,S,43300,6900,
000055.SZ,000055,20251209,93001000,0,937875,0,S,44900,2000,
000055.SZ,000055,20251209,93001010,0,939241,0,S,43100,200,
000055.SZ,000055,20251209,93001020,0,940467,0,S,43600,100,
000055.SZ,000055,20251209,93001100,0,951007,0,S,43200,500,
000055.SZ,000055,20251209,93001210,0,962793,0,S,43100,100,
000055.SZ,000055,20251209,93001210,0,963266,0,S,43200,200,
000055.SZ,000055,20251209,93001210,0,963308,0,S,47500,600,
000055.SZ,000055,20251209,93001220,0,964351,0,S,45900,3000,
000055.SZ,000055,20251209,93001220,0,964663,0,S,43100,1800,
000055.SZ,000055,20251209,93001240,0,965643,0,B,43000,600,
000055.SZ,000055,20251209,93001240,0,965646,0,S,43200,600,
000055.SZ,000055,20251209,93001240,0,966152,0,S,43200,100,
000055.SZ,000055,20251209,93001320,0,972722,0,S,43500,100,
000055.SZ,000055,20251209,93001410,0,978684,0,B,43100,300,
000055.SZ,000055,20251209,93001410,0,979041,0,B,43100,1200,
000055.SZ,000055,20251209,93001430,0,980643,0,B,43100,500,
000055.SZ,000055,20251209,93001440,0,981767,0,B,43100,1100,
000055.SZ,000055,20251209,93001450,0,981987,0,S,43200,200,
000055.SZ,000055,20251209,93001450,0,982265,0,S,43200,100,
000055.SZ,000055,20251209,93001530,0,990217,0,B,43100,900,
000055.SZ,000055,20251209,93001530,0,990269,0,B,43100,100,
000055.SZ,000055,20251209,93001560,0,992394,0,B,43100,1200,
000055.SZ,000055,20251209,93001570,0,993989,0,S,43300,3000,
000055.SZ,000055,20251209,93001610,0,996497,0,B,41000,8800,
000055.SZ,000055,20251209,93001630,0,998582,0,B,42700,2000,
000055.SZ,000055,20251209,93001630,0,999643,0,B,42600,2000,
000055.SZ,000055,20251209,93001650,0,1001585,0,S,43200,400,
000055.SZ,000055,20251209,93001700,0,1006185,0,S,43400,6000,
000055.SZ,000055,20251209,93001710,0,1006417,0,S,43500,6000,
000055.SZ,000055,20251209,93001710,0,1006663,0,S,43600,6000,
000055.SZ,000055,20251209,93001790,0,1013954,0,S,43300,2000,
000055.SZ,000055,20251209,93001790,0,1014186,0,B,43100,200,
000055.SZ,000055,20251209,93001790,0,1014187,0,B,43100,300,
000055.SZ,000055,20251209,93001790,0,1014190,0,B,43100,300,
000055.SZ,000055,20251209,93001810,0,1015404,0,B,42700,4400,
000055.SZ,000055,20251209,93001850,0,1019000,0,S,43700,6900,
000055.SZ,000055,20251209,93001920,0,1025237,0,B,42000,500,
000055.SZ,000055,20251209,93001930,0,1026224,0,S,46500,500,
000055.SZ,000055,20251209,93001970,0,1030938,0,B,42400,3000,
000055.SZ,000055,20251209,93001990,0,1033527,0,S,43400,500,
000055.SZ,000055,20251209,93002160,0,1048178,0,B,43100,600,
000055.SZ,000055,20251209,93002230,0,1052760,0,S,43500,4000,
000055.SZ,000055,20251209,93002260,0,1054609,0,S,43100,100,
000055.SZ,000055,20251209,93002410,0,1062219,0,S,43800,4600,
000055.SZ,000055,20251209,93002430,0,1063263,0,B,43100,100,
000055.SZ,000055,20251209,93002430,0,1063462,0,S,43400,23400,
000055.SZ,000055,20251209,93002490,0,1067531,0,B,43100,6000,
000055.SZ,000055,20251209,93002560,0,1071312,0,S,43400,900,
000055.SZ,000055,20251209,93002580,0,1073267,0,S,43500,1000,
000055.SZ,000055,20251209,93002620,0,1075699,0,S,43800,300,
000055.SZ,000055,20251209,93002850,0,1090544,0,S,47500,2900,
000055.SZ,000055,20251209,93002950,0,1096752,0,B,42500,1000,
000055.SZ,000055,20251209,93002960,0,1098088,0,B,43100,3600,
000055.SZ,000055,20251209,93003010,0,1101559,0,B,43100,1600,
000055.SZ,000055,20251209,93003040,0,1104674,0,S,44500,4000,
000055.SZ,000055,20251209,93003060,0,1105840,0,S,43200,500,
000055.SZ,000055,20251209,93003100,0,1107810,0,S,43500,6000,
000055.SZ,000055,20251209,93003140,0,1110682,0,S,43200,200,
000055.SZ,000055,20251209,93003240,0,1115701,0,S,43100,2300,
000055.SZ,000055,20251209,93003240,0,1115707,0,S,43100,100,
000055.SZ,000055,20251209,93003250,0,1116369,0,S,43100,100,
000055.SZ,000055,20251209,93003260,0,1116647,0,S,43100,100,
000055.SZ,000055,20251209,93003260,0,1116950,0,S,43100,200,
000055.SZ,000055,20251209,93003360,0,1121639,0,S,43200,300,
000055.SZ,000055,20251209,93003430,0,1124688,0,S,43200,100,
000055.SZ,000055,20251209,93003460,0,1125932,0,S,43200,100,
000055.SZ,000055,20251209,93003460,0,1125971,0,S,43200,100,
000055.SZ,000055,20251209,93003470,0,1126505,0,S,43200,1100,
000055.SZ,000055,20251209,93003510,0,1128111,0,S,43200,400,
000055.SZ,000055,20251209,93003550,0,1130923,0,S,47500,500,
000055.SZ,000055,20251209,93003580,0,1132183,0,S,43200,100,
000055.SZ,000055,20251209,93003610,0,1133630,0,S,43200,100,
000055.SZ,000055,20251209,93003610,0,1133650,0,S,43200,100,
000055.SZ,000055,20251209,93003610,0,1133801,0,S,43200,1100,
000055.SZ,000055,20251209,93003680,0,1138665,0,B,42700,11300,
000055.SZ,000055,20251209,93003720,0,1141141,0,S,43200,200,
000055.SZ,000055,20251209,93003720,0,1141206,0,S,43200,100,
000055.SZ,000055,20251209,93003730,0,1141464,0,S,45100,1100,
000055.SZ,000055,20251209,93003820,0,1145741,0,S,43200,1700,
000055.SZ,000055,20251209,93003830,0,1146329,0,B,42700,5000,
000055.SZ,000055,20251209,93003870,0,1148113,0,S,47500,6000,
000055.SZ,000055,20251209,93003930,0,1150169,0,S,43300,20000,
000055.SZ,000055,20251209,93003950,0,1151494,0,B,43100,500,
000055.SZ,000055,20251209,93004150,0,1162140,0,S,43100,1300,
000055.SZ,000055,20251209,93004270,0,1166983,0,S,43400,5000,
000055.SZ,000055,20251209,93004430,0,1172865,0,S,43200,3100,
000055.SZ,000055,20251209,93004460,0,1175336,0,S,43000,1300,
000055.SZ,000055,20251209,93004610,0,1180958,0,B,43100,4000,
000055.SZ,000055,20251209,93004660,0,1183405,0,S,43100,500,
000055.SZ,000055,20251209,93004770,0,1187745,0,B,42900,2000,
000055.SZ,000055,20251209,93004930,0,1193120,0,S,43200,200,
000055.SZ,000055,20251209,93004930,0,1193389,0,B,41000,500,
000055.SZ,000055,20251209,93004950,0,1194300,0,B,42900,3000,
000055.SZ,000055,20251209,93005420,0,1210196,0,S,43900,300,
000055.SZ,000055,20251209,93005550,0,1213393,0,S,43100,1300,
000055.SZ,000055,20251209,93005550,0,1213428,0,S,43100,1300,
000055.SZ,000055,20251209,93005690,0,1217621,0,B,43100,1900,
000055.SZ,000055,20251209,93005950,0,1224710,0,S,43100,1200,
000055.SZ,000055,20251209,93005950,0,1224943,0,S,43100,1300,
000055.SZ,000055,20251209,93006030,0,1227909,0,S,43500,4000,
000055.SZ,000055,20251209,93006090,0,1230779,0,B,43000,40000,
000055.SZ,000055,20251209,93006150,0,1233036,0,S,43100,100,
000055.SZ,000055,20251209,93006160,0,1233146,0,S,43100,100,
000055.SZ,000055,20251209,93006160,0,1233152,0,S,43100,400,
000055.SZ,000055,20251209,93006200,0,1234485,0,S,43100,1000,
000055.SZ,000055,20251209,93006220,0,1234689,0,S,43100,500,
000055.SZ,000055,20251209,93006220,0,1235104,0,S,43200,2200,
000055.SZ,000055,20251209,93006510,0,1242083,0,S,43200,100,
000055.SZ,000055,20251209,93006650,0,1247340,0,B,43100,3700,
000055.SZ,000055,20251209,93006770,0,1250867,0,B,43000,100,
000055.SZ,000055,20251209,93006950,0,1256018,0,S,43100,1200,
000055.SZ,000055,20251209,93006970,0,1256655,0,B,43100,300,
000055.SZ,000055,20251209,93006980,0,1256778,0,S,43100,100,
000055.SZ,000055,20251209,93007080,0,1260535,0,B,43100,400,
000055.SZ,000055,20251209,93007140,0,1262174,0,S,43200,100,
000055.SZ,000055,20251209,93007570,0,1272917,0,S,43100,1300,
000055.SZ,000055,20251209,93007970,0,1282702,0,S,43200,2000,
000055.SZ,000055,20251209,93007970,0,1282800,0,S,43100,300,
000055.SZ,000055,20251209,93008040,0,1285315,0,S,43200,1500,
000055.SZ,000055,20251209,93008200,0,1288251,0,S,43100,1300,
000055.SZ,000055,20251209,93008210,0,1288292,0,S,43200,700,
000055.SZ,000055,20251209,93008270,0,1289007,0,S,43200,200,
000055.SZ,000055,20251209,93008680,0,1295066,0,S,43100,500,
000055.SZ,000055,20251209,93008790,0,1296399,0,B,43100,600,
000055.SZ,000055,20251209,93008870,0,1298051,0,B,43100,100,
000055.SZ,000055,20251209,93009200,0,1303358,0,B,42900,6000,
000055.SZ,000055,20251209,93009340,0,1306179,0,S,43200,100,
000055.SZ,000055,20251209,93009620,0,1314328,0,S,43200,5300,
000055.SZ,000055,20251209,93009830,0,1317959,0,S,44100,9100,
000055.SZ,000055,20251209,93010170,0,1323884,0,S,43100,1300,
000055.SZ,000055,20251209,93010380,0,1328802,0,B,43100,100,
000055.SZ,000055,20251209,93013670,0,1377635,0,S,43100,100,
000055.SZ,000055,20251209,93015190,0,1397605,0,B,43100,500,
000055.SZ,000055,20251209,93015200,0,1397633,0,B,43100,200,
000055.SZ,000055,20251209,93015210,0,1397888,0,B,43100,100,
000055.SZ,000055,20251209,93015230,0,1398686,0,B,43100,200,
000055.SZ,000055,20251209,93015520,0,1406496,0,B,43100,100,
000055.SZ,000055,20251209,93015810,0,1413381,0,B,43100,400,
000055.SZ,000055,20251209,93018230,0,1450226,0,S,43200,100,
000055.SZ,000055,20251209,93019080,0,1467474,0,B,43500,200,
000055.SZ,000055,20251209,93019310,0,1470865,0,S,47500,1300,
000055.SZ,000055,20251209,93019330,0,1471180,0,S,43200,100,
000055.SZ,000055,20251209,93019580,0,1476347,0,S,43100,500,
000055.SZ,000055,20251209,93020210,0,1484523,0,B,43100,100,
000055.SZ,000055,20251209,93020290,0,1485343,0,S,43100,600,
000055.SZ,000055,20251209,93020820,0,1491293,0,S,43100,3000,
000055.SZ,000055,20251209,93022370,0,1517366,0,S,43100,1600,
000055.SZ,000055,20251209,93022380,0,1517759,0,S,43100,300,
000055.SZ,000055,20251209,93023960,0,1537210,0,S,43100,1400,
000055.SZ,000055,20251209,93024150,0,1540934,0,B,43100,600,
000055.SZ,000055,20251209,93024150,0,1541026,0,S,43100,100,
000055.SZ,000055,20251209,93024150,0,1541053,0,S,43100,100,
000055.SZ,000055,20251209,93024150,0,1541091,0,S,43100,100,
000055.SZ,000055,20251209,93024150,0,1541108,0,S,43100,100,
000055.SZ,000055,20251209,93024160,0,1541236,0,S,43100,100,
000055.SZ,000055,20251209,93024160,0,1541241,0,S,43100,100,
000055.SZ,000055,20251209,93024160,0,1541247,0,S,43100,100,
000055.SZ,000055,20251209,93024160,0,1541252,0,S,43100,100,
000055.SZ,000055,20251209,93024160,0,1541254,0,S,43100,100,
000055.SZ,000055,20251209,93024270,0,1543661,0,S,43100,500,
000055.SZ,000055,20251209,93024580,0,1548570,0,S,43100,100,
000055.SZ,000055,20251209,93024670,0,1550809,0,S,43100,1100,
000055.SZ,000055,20251209,93024760,0,1552566,0,S,43100,1000,
000055.SZ,000055,20251209,93025090,0,1556375,0,S,43100,1100,
000055.SZ,000055,20251209,93026380,0,1575107,0,S,43100,30000,
000055.SZ,000055,20251209,93026810,0,1579418,0,S,43100,30000,
000055.SZ,000055,20251209,93027080,0,1582286,0,S,43300,2700,
000055.SZ,000055,20251209,93027240,0,1585145,0,S,43100,3400,
000055.SZ,000055,20251209,93027250,0,1585202,0,S,43100,5400,
000055.SZ,000055,20251209,93027310,0,1586485,0,S,42800,3400,
000055.SZ,000055,20251209,93027400,0,1588234,0,B,43000,200,
000055.SZ,000055,20251209,93027480,0,1589915,0,S,43000,400,
000055.SZ,000055,20251209,93027740,0,1593928,0,S,43100,100,
000055.SZ,000055,20251209,93028410,0,1604301,0,S,43100,100,
000055.SZ,000055,20251209,93028430,0,1604608,0,S,43100,3100,
000055.SZ,000055,20251209,93028430,0,1604610,0,S,43000,100,
000055.SZ,000055,20251209,93028510,0,1605715,0,S,43100,100,
000055.SZ,000055,20251209,93028570,0,1606862,0,S,43100,100,
000055.SZ,000055,20251209,93028620,0,1607699,0,S,43000,100,
000055.SZ,000055,20251209,93028650,0,1607968,0,S,43100,1800,
000055.SZ,000055,20251209,93028720,0,1609146,0,S,43100,200,
000055.SZ,000055,20251209,93028720,0,1609149,0,S,43100,100,
000055.SZ,000055,20251209,93029030,0,1613726,0,S,43100,500,
000055.SZ,000055,20251209,93029120,0,1614745,0,S,43100,200,
000055.SZ,000055,20251209,93029130,0,1614893,0,S,43100,200,
000055.SZ,000055,20251209,93029240,0,1616245,0,S,43000,3500,
000055.SZ,000055,20251209,93029360,0,1617761,0,S,43100,300,
000055.SZ,000055,20251209,93030040,0,1626778,0,S,43200,200,
000055.SZ,000055,20251209,93030590,0,1636553,0,B,43100,200,
000055.SZ,000055,20251209,93031030,0,1643979,0,S,47500,100,
000055.SZ,000055,20251209,93031030,0,1643980,0,S,47400,100,
000055.SZ,000055,20251209,93032980,0,1668718,0,B,43000,3600,
000055.SZ,000055,20251209,93034760,0,1696945,0,S,47400,600,
000055.SZ,000055,20251209,93035230,0,1703435,0,S,43000,500,
000055.SZ,000055,20251209,93035350,0,1704895,0,S,44200,5000,
000055.SZ,000055,20251209,93035750,0,1710280,0,S,43100,400,
000055.SZ,000055,20251209,93036170,0,1716489,0,B,42600,200,
000055.SZ,000055,20251209,93036950,0,1733372,0,B,43000,200,
000055.SZ,000055,20251209,93037410,0,1743247,0,S,43100,700,
000055.SZ,000055,20251209,93037890,0,1750744,0,B,43000,100,
000055.SZ,000055,20251209,93038380,0,1758100,0,S,42900,5700,
000055.SZ,000055,20251209,93039270,0,1772479,0,S,43000,100,
000055.SZ,000055,20251209,93039460,0,1776620,0,S,43100,100,
000055.SZ,000055,20251209,93039550,0,1778711,0,S,43100,100,
000055.SZ,000055,20251209,93039890,0,1784793,0,S,43100,400,
000055.SZ,000055,20251209,93041010,0,1804352,0,B,43000,100,
000055.SZ,000055,20251209,93042060,0,1822021,0,B,43000,6400,
000055.SZ,000055,20251209,93043060,0,1841767,0,B,42700,800,
000055.SZ,000055,20251209,93045380,0,1875779,0,B,43100,300,
000055.SZ,000055,20251209,93045390,0,1876025,0,B,43100,100,
000055.SZ,000055,20251209,93045460,0,1877599,0,B,43100,100,
000055.SZ,000055,20251209,93045630,0,1880308,0,B,43100,200,
000055.SZ,000055,20251209,93045730,0,1881565,0,B,43100,100,
000055.SZ,000055,20251209,93045820,0,1882932,0,B,43100,100,
000055.SZ,000055,20251209,93046120,0,1887149,0,B,43100,200,
000055.SZ,000055,20251209,93046140,0,1887435,0,S,43000,100,
000055.SZ,000055,20251209,93046160,0,1887844,0,B,43100,300,
000055.SZ,000055,20251209,93046470,0,1892724,0,B,43000,200,
000055.SZ,000055,20251209,93046480,0,1892960,0,B,43100,4400,
000055.SZ,000055,20251209,93046500,0,1893339,0,B,43000,1200,
000055.SZ,000055,20251209,93047210,0,1903696,0,S,43100,100,
000055.SZ,000055,20251209,93048150,0,1914729,0,B,43000,600,
000055.SZ,000055,20251209,93048990,0,1926968,0,B,43100,200,
000055.SZ,000055,20251209,93049000,0,1927018,0,B,43100,1300,
000055.SZ,000055,20251209,93049130,0,1928788,0,B,43100,300,
000055.SZ,000055,20251209,93049140,0,1928793,0,B,43100,400,
000055.SZ,000055,20251209,93049140,0,1928844,0,B,43100,200,
000055.SZ,000055,20251209,93049140,0,1928915,0,B,43100,1200,
000055.SZ,000055,20251209,93049160,0,1929135,0,B,43100,200,
000055.SZ,000055,20251209,93049160,0,1929141,0,B,43100,300,
000055.SZ,000055,20251209,93049170,0,1929361,0,B,43100,100,
000055.SZ,000055,20251209,93049170,0,1929363,0,B,43100,500,
000055.SZ,000055,20251209,93050050,0,1940804,0,B,43100,600,
000055.SZ,000055,20251209,93050050,0,1940808,0,B,43100,400,
000055.SZ,000055,20251209,93050050,0,1940812,0,B,43100,500,
000055.SZ,000055,20251209,93050060,0,1940930,0,B,43100,700,
000055.SZ,000055,20251209,93050060,0,1940935,0,B,43100,600,
000055.SZ,000055,20251209,93050060,0,1940937,0,B,43100,400,
000055.SZ,000055,20251209,93050060,0,1940940,0,B,43100,200,
000055.SZ,000055,20251209,93050070,0,1940943,0,B,43100,300,
000055.SZ,000055,20251209,93050070,0,1940976,0,B,43100,600,
000055.SZ,000055,20251209,93050440,0,1945406,0,S,43300,12000,
000055.SZ,000055,20251209,93050870,0,1949843,0,B,43000,200,
000055.SZ,000055,20251209,93052960,0,1977838,0,S,43100,5600,
000055.SZ,000055,20251209,93053130,0,1979794,0,B,42800,4700,
000055.SZ,000055,20251209,93053610,0,1985440,0,B,41000,15000,
000055.SZ,000055,20251209,93054570,0,1996002,0,S,43100,400,
000055.SZ,000055,20251209,93054570,0,1996005,0,S,43100,100,
000055.SZ,000055,20251209,93054590,0,1996219,0,B,42800,500,
000055.SZ,000055,20251209,93055090,0,2002788,0,B,43000,100,
000055.SZ,000055,20251209,93058720,0,2043427,0,S,43200,700,
000055.SZ,000055,20251209,93059950,0,2055999,0,B,43000,100,
000055.SZ,000055,20251209,93100010,0,2056685,0,S,43000,1200,
000055.SZ,000055,20251209,93100010,0,2056695,0,S,43000,400,
000055.SZ,000055,20251209,93100130,0,2058609,0,B,43300,900,
000055.SZ,000055,20251209,93100570,0,2065714,0,B,43700,2000,
000055.SZ,000055,20251209,93101110,0,2075606,0,S,43200,7000,
000055.SZ,000055,20251209,93102760,0,2098055,0,S,43100,5800,
000055.SZ,000055,20251209,93102770,0,2098251,0,B,43000,800,
000055.SZ,000055,20251209,93103220,0,2103840,0,S,43000,800,
000055.SZ,000055,20251209,93103260,0,2104572,0,B,43100,200,
000055.SZ,000055,20251209,93106090,0,2143793,0,B,43000,100,
000055.SZ,000055,20251209,93106160,0,2144701,0,S,43100,100,
000055.SZ,000055,20251209,93106430,0,2148549,0,B,43000,3400,
000055.SZ,000055,20251209,93106730,0,2152666,0,S,47500,1000,
000055.SZ,000055,20251209,93107580,0,2165749,0,S,43400,12000,
000055.SZ,000055,20251209,93108580,0,2177901,0,S,43100,700,
000055.SZ,000055,20251209,93109000,0,2181953,0,S,43200,2200,
000055.SZ,000055,20251209,93109110,0,2183334,0,B,43000,100,
000055.SZ,000055,20251209,93109790,0,2191959,0,S,43100,4700,
000055.SZ,000055,20251209,93113110,0,2232152,0,S,47500,1000,
000055.SZ,000055,20251209,93114340,0,2246210,0,B,43000,100,
000055.SZ,000055,20251209,93116320,0,2269332,0,S,43100,300,
000055.SZ,000055,20251209,93117180,0,2279256,0,S,43100,231750,
000055.SZ,000055,20251209,93117200,0,2279368,0,S,43000,100,
000055.SZ,000055,20251209,93118010,0,2287256,0,S,43000,1600,
000055.SZ,000055,20251209,93118290,0,2290438,0,S,43000,200,
000055.SZ,000055,20251209,93118290,0,2290449,0,S,43000,1000,
000055.SZ,000055,20251209,93118290,0,2290466,0,S,43000,100,
000055.SZ,000055,20251209,93118290,0,2290469,0,S,43000,200,
000055.SZ,000055,20251209,93118290,0,2290471,0,S,43000,100,
000055.SZ,000055,20251209,93118300,0,2290483,0,S,43000,900,
000055.SZ,000055,20251209,93118300,0,2290486,0,S,43000,300,
000055.SZ,000055,20251209,93118300,0,2290512,0,S,43000,300,
000055.SZ,000055,20251209,93118300,0,2290549,0,S,43000,100,
000055.SZ,000055,20251209,93118300,0,2290570,0,S,43000,200,
000055.SZ,000055,20251209,93118300,0,2290576,0,S,43000,100,
000055.SZ,000055,20251209,93118300,0,2290593,0,S,43000,100,
000055.SZ,000055,20251209,93118310,0,2290630,0,S,43000,100,
000055.SZ,000055,20251209,93118310,0,2290661,0,S,43000,100,
000055.SZ,000055,20251209,93118310,0,2290666,0,S,43000,500,
000055.SZ,000055,20251209,93118310,0,2290717,0,S,43000,300,
000055.SZ,000055,20251209,93118310,0,2290738,0,S,43000,100,
000055.SZ,000055,20251209,93118320,0,2290759,0,S,43000,400,
000055.SZ,000055,20251209,93118400,0,2291594,0,S,43000,200,
000055.SZ,000055,20251209,93118400,0,2291610,0,S,43000,200,
000055.SZ,000055,20251209,93118400,0,2291662,0,S,43000,100,
000055.SZ,000055,20251209,93118400,0,2291671,0,S,43000,200,
000055.SZ,000055,20251209,93119010,0,2297867,0,S,43000,300,
000055.SZ,000055,20251209,93119010,0,2297869,0,S,43000,200,
000055.SZ,000055,20251209,93119710,0,2305653,0,S,43100,100,
000055.SZ,000055,20251209,93121270,0,2319659,0,B,43000,100,
000055.SZ,000055,20251209,93121440,0,2321706,0,S,43100,4000,
000055.SZ,000055,20251209,93123600,0,2345188,0,S,43000,7900,
000055.SZ,000055,20251209,93125000,0,2359407,0,B,38900,100,
000055.SZ,000055,20251209,93125000,0,2359408,0,B,38900,100,
000055.SZ,000055,20251209,93125000,0,2359409,0,B,38900,100,
000055.SZ,000055,20251209,93125000,0,2359410,0,B,38900,100,
000055.SZ,000055,20251209,93125000,0,2359411,0,B,38900,100,
000055.SZ,000055,20251209,93125000,0,2359412,0,B,38900,100,
000055.SZ,000055,20251209,93125000,0,2359413,0,B,38900,100,
000055.SZ,000055,20251209,93125000,0,2359414,0,B,38900,100,
000055.SZ,000055,20251209,93127800,0,2390564,0,S,43100,3000,
000055.SZ,000055,20251209,93128440,0,2398207,0,B,43000,10000,
000055.SZ,000055,20251209,93133290,0,2450017,0,S,43000,600,
000055.SZ,000055,20251209,93133710,0,2454508,0,S,47500,100,
000055.SZ,000055,20251209,93133980,0,2457079,0,B,43000,2900,
000055.SZ,000055,20251209,93135420,0,2472666,0,S,43100,100,
000055.SZ,000055,20251209,93137640,0,2497127,0,S,43000,100,
000055.SZ,000055,20251209,93137640,0,2497131,0,S,43000,400,
000055.SZ,000055,20251209,93137870,0,2499283,0,B,43000,5900,
000055.SZ,000055,20251209,93141820,0,2540798,0,B,43000,1000,
000055.SZ,000055,20251209,93144910,0,2573869,0,S,43000,100,
000055.SZ,000055,20251209,93145600,0,2582627,0,S,43000,200,
000055.SZ,000055,20251209,93147310,0,2601524,0,S,43100,100,
000055.SZ,000055,20251209,93150590,0,2636589,U,B,0,300,
000055.SZ,000055,20251209,93151040,0,2640304,0,B,43300,100,
000055.SZ,000055,20251209,93151050,0,2640437,0,S,43200,600,
000055.SZ,000055,20251209,93151490,0,2645499,0,S,47500,6000,
000055.SZ,000055,20251209,93154350,0,2675838,0,S,42900,4800,
000055.SZ,000055,20251209,93157250,0,2707164,0,S,43000,800,
000055.SZ,000055,20251209,93200040,0,2735448,0,S,43000,2300,
000055.SZ,000055,20251209,93200640,0,2744699,0,S,43100,3000,
000055.SZ,000055,20251209,93201000,0,2749972,0,S,43000,400,
000055.SZ,000055,20251209,93203250,0,2774297,0,B,43000,6200,
000055.SZ,000055,20251209,93203720,0,2780341,0,S,47500,1000,
000055.SZ,000055,20251209,93204580,0,2790257,0,S,42900,4700,
000055.SZ,000055,20251209,93204600,0,2790391,0,S,43000,2500,
000055.SZ,000055,20251209,93206550,0,2809637,0,B,43000,1500,
000055.SZ,000055,20251209,93206960,0,2813944,0,S,42600,100,
000055.SZ,000055,20251209,93209530,0,2839646,0,S,47500,2000,
000055.SZ,000055,20251209,93212260,0,2865530,0,S,43000,100,
000055.SZ,000055,20251209,93212280,0,2865712,0,S,42900,5800,
000055.SZ,000055,20251209,93212630,0,2869729,0,B,42800,700,
000055.SZ,000055,20251209,93212630,0,2869745,0,S,43200,700,
000055.SZ,000055,20251209,93212710,0,2870610,0,S,43100,600,
000055.SZ,000055,20251209,93212710,0,2870611,0,B,42900,600,
000055.SZ,000055,20251209,93213480,0,2880362,0,S,43100,700,
000055.SZ,000055,20251209,93213490,0,2880679,0,S,43000,300,
000055.SZ,000055,20251209,93213540,0,2881372,0,S,43000,800,
000055.SZ,000055,20251209,93214250,0,2891357,0,S,43000,100,
000055.SZ,000055,20251209,93214480,0,2894761,0,S,42900,7800,
000055.SZ,000055,20251209,93215200,0,2902862,0,S,43000,100,
000055.SZ,000055,20251209,93215760,0,2910400,0,S,43000,2100,
000055.SZ,000055,20251209,93218050,0,2935687,0,S,43000,200,
000055.SZ,000055,20251209,93218760,0,2943651,0,S,43000,2000,
000055.SZ,000055,20251209,93220350,0,2959249,0,S,43000,100,
000055.SZ,000055,20251209,93220360,0,2959323,0,S,43000,100,
000055.SZ,000055,20251209,93221160,0,2966776,0,S,43000,200,
000055.SZ,000055,20251209,93221270,0,2967888,0,S,43000,500,
000055.SZ,000055,20251209,93221270,0,2967892,0,B,43100,6200,
000055.SZ,000055,20251209,93221370,0,2968930,0,S,43000,200,
000055.SZ,000055,20251209,93221370,0,2968932,0,S,43000,200,
000055.SZ,000055,20251209,93221370,0,2968937,0,S,43000,400,
000055.SZ,000055,20251209,93221420,0,2969379,0,S,43000,300,
000055.SZ,000055,20251209,93221760,0,2972858,0,S,43000,4000,
000055.SZ,000055,20251209,93224590,0,2998672,0,B,43200,500,
000055.SZ,000055,20251209,93224610,0,2998825,0,S,43100,2100,
000055.SZ,000055,20251209,93225040,0,3002917,0,S,43100,100,
000055.SZ,000055,20251209,93225310,0,3005622,0,S,43100,500,
000055.SZ,000055,20251209,93228340,0,3032836,0,S,43300,12300,
000055.SZ,000055,20251209,93230150,0,3048487,0,S,43000,100,
000055.SZ,000055,20251209,93230160,0,3048583,0,S,43000,9600,
000055.SZ,000055,20251209,93230230,0,3049349,0,B,42900,4900,
000055.SZ,000055,20251209,93237690,0,3120394,0,B,39100,20000,
000055.SZ,000055,20251209,93238030,0,3123797,0,B,43000,900,
000055.SZ,000055,20251209,93241670,0,3155488,0,S,43000,2200,
000055.SZ,000055,20251209,93243080,0,3169563,0,S,47500,1500,
000055.SZ,000055,20251209,93244590,0,3182272,0,S,43600,5000,
000055.SZ,000055,20251209,93247990,0,3210370,0,B,43200,2500,
000055.SZ,000055,20251209,93248150,0,3211661,0,S,43100,100,
000055.SZ,000055,20251209,93250450,0,3231377,0,S,47500,1300,
000055.SZ,000055,20251209,93251050,0,3235658,0,S,43000,100,
000055.SZ,000055,20251209,93252300,0,3246845,0,S,43100,7500,
000055.SZ,000055,20251209,93253180,0,3254710,0,S,43000,5000,
000055.SZ,000055,20251209,93254670,0,3266916,0,S,47500,500,
000055.SZ,000055,20251209,93255800,0,3278167,0,S,43000,3000,
000055.SZ,000055,20251209,93255820,0,3278343,0,S,43000,1500,
000055.SZ,000055,20251209,93257180,0,3289091,0,S,43000,100,
000055.SZ,000055,20251209,93258110,0,3297269,0,S,47500,200,
000055.SZ,000055,20251209,93259930,0,3312318,0,B,43000,1200,
000055.SZ,000055,20251209,93304320,0,3355493,0,B,43000,600,
000055.SZ,000055,20251209,93306760,0,3378496,0,B,43000,800,
000055.SZ,000055,20251209,93307220,0,3383461,0,B,43000,500,
000055.SZ,000055,20251209,93307240,0,3383644,0,S,43100,500,
000055.SZ,000055,20251209,93307660,0,3388260,0,S,43100,100,
000055.SZ,000055,20251209,93309400,0,3403414,0,S,43100,100,
000055.SZ,000055,20251209,93309980,0,3409121,0,S,47500,200,
000055.SZ,000055,20251209,93315420,0,3458359,0,S,43100,7000,
000055.SZ,000055,20251209,93317010,0,3471984,0,B,43000,100,
000055.SZ,000055,20251209,93320470,0,3501941,0,S,43000,600,
000055.SZ,000055,20251209,93321600,0,3511191,0,S,43000,500,
000055.SZ,000055,20251209,93326380,0,3553143,0,B,43300,100,
000055.SZ,000055,20251209,93331040,0,3590905,0,S,47500,2000,
000055.SZ,000055,20251209,93331180,0,3592122,0,S,43000,100,
000055.SZ,000055,20251209,93333730,0,3614342,0,B,43000,300,
000055.SZ,000055,20251209,93336700,0,3637856,0,B,43000,300,
000055.SZ,000055,20251209,93337320,0,3644175,0,S,43100,100,
000055.SZ,000055,20251209,93343060,0,3698987,0,B,43000,5000,
000055.SZ,000055,20251209,93344320,0,3710257,0,B,43000,2500,
000055.SZ,000055,20251209,93348240,0,3745272,0,S,43000,7100,
000055.SZ,000055,20251209,93348340,0,3746163,0,B,43000,200,
000055.SZ,000055,20251209,93349980,0,3761294,0,B,43000,3400,
000055.SZ,000055,20251209,93349980,0,3761336,0,S,43000,37600,
000055.SZ,000055,20251209,93351330,0,3771789,0,B,42900,28500,
000055.SZ,000055,20251209,93351370,0,3772160,0,S,43000,100,
000055.SZ,000055,20251209,93351620,0,3774386,0,B,43200,400,
000055.SZ,000055,20251209,93351690,0,3775008,0,B,43000,100,
000055.SZ,000055,20251209,93351700,0,3775102,0,B,43000,600,
000055.SZ,000055,20251209,93356540,0,3814229,0,S,43400,3000,
000055.SZ,000055,20251209,93357730,0,3823583,0,S,43200,2500,
000055.SZ,000055,20251209,93358020,0,3825854,0,S,47500,300,
000055.SZ,000055,20251209,93358050,0,3826098,0,B,42300,8000,
000055.SZ,000055,20251209,93400150,0,3841920,0,B,43000,5000,
000055.SZ,000055,20251209,93400450,0,3844760,0,B,43000,10000,
000055.SZ,000055,20251209,93401560,0,3857432,0,S,43000,1000,
000055.SZ,000055,20251209,93401890,0,3860549,0,S,44900,7000,
000055.SZ,000055,20251209,93404910,0,3885648,0,S,42600,200,
000055.SZ,000055,20251209,93406400,0,3897374,0,B,42800,4400,
000055.SZ,000055,20251209,93408940,0,3918019,0,S,43500,1000,
000055.SZ,000055,20251209,93412100,0,3942436,0,B,42700,10000,
000055.SZ,000055,20251209,93415550,0,3969627,0,S,47500,2600,
000055.SZ,000055,20251209,93417380,0,3984725,0,S,43000,5000,
000055.SZ,000055,20251209,93418130,0,3989796,0,B,42500,5000,
000055.SZ,000055,20251209,93422270,0,4022112,0,B,42700,5000,
000055.SZ,000055,20251209,93423200,0,4030626,0,B,43000,100,
000055.SZ,000055,20251209,93425940,0,4051759,0,S,45000,2600,
000055.SZ,000055,20251209,93427700,0,4064479,0,S,43000,500,
000055.SZ,000055,20251209,93429470,0,4076547,0,S,44300,10000,
000055.SZ,000055,20251209,93430210,0,4081549,0,S,43100,100,
000055.SZ,000055,20251209,93433980,0,4111198,0,B,43000,3500,
000055.SZ,000055,20251209,93435060,0,4119864,0,S,43600,8600,
000055.SZ,000055,20251209,93435090,0,4120085,0,S,43000,3500,
000055.SZ,000055,20251209,93436180,0,4127335,0,S,43000,100,
000055.SZ,000055,20251209,93438980,0,4147990,0,B,43000,100,
000055.SZ,000055,20251209,93439260,0,4150150,0,S,43100,100,
000055.SZ,000055,20251209,93440000,0,4155611,0,B,42000,700,
000055.SZ,000055,20251209,93441470,0,4166637,0,S,45300,14000,
000055.SZ,000055,20251209,93444620,0,4192258,0,B,43000,6000,
000055.SZ,000055,20251209,93450620,0,4238576,0,B,42700,500,
000055.SZ,000055,20251209,93450660,0,4238893,0,S,43000,700,
000055.SZ,000055,20251209,93452120,0,4249843,0,S,43100,4000,
000055.SZ,000055,20251209,93453210,0,4258374,0,B,41600,300,
000055.SZ,000055,20251209,93454260,0,4265443,0,S,43100,100,
000055.SZ,000055,20251209,93454450,0,4266830,0,B,43000,5000,
000055.SZ,000055,20251209,93500470,0,4312938,0,B,43000,100,
000055.SZ,000055,20251209,93500540,0,4313781,0,B,42900,12000,
000055.SZ,000055,20251209,93500830,0,4317784,0,S,43100,700,
000055.SZ,000055,20251209,93500950,0,4318807,0,S,43100,3200,
000055.SZ,000055,20251209,93503170,0,4339533,0,B,43000,300,
000055.SZ,000055,20251209,93503510,0,4343555,0,S,47500,100,
000055.SZ,000055,20251209,93505060,0,4360205,0,B,43000,7600,
000055.SZ,000055,20251209,93505070,0,4360312,0,B,43000,700,
000055.SZ,000055,20251209,93506500,0,4375036,0,B,43000,400,
000055.SZ,000055,20251209,93506520,0,4375187,0,B,43000,100,
000055.SZ,000055,20251209,93508360,0,4394408,0,S,42900,4700,
000055.SZ,000055,20251209,93509180,0,4401810,0,B,43600,200,
000055.SZ,000055,20251209,93509200,0,4402019,0,S,43100,600,
000055.SZ,000055,20251209,93510700,0,4417821,0,B,43000,100,
000055.SZ,000055,20251209,93512960,0,4439305,0,S,43200,1100,
000055.SZ,000055,20251209,93513980,0,4449818,0,S,43000,2000,
000055.SZ,000055,20251209,93515290,0,4462960,0,B,43600,100,
000055.SZ,000055,20251209,93516970,0,4479847,0,S,47500,700,
000055.SZ,000055,20251209,93518400,0,4491447,0,B,41100,3800,
000055.SZ,000055,20251209,93521650,0,4516492,0,B,43000,12000,
000055.SZ,000055,20251209,93527000,0,4557721,0,B,43000,2200,
000055.SZ,000055,20251209,93527090,0,4558421,0,B,43000,2200,
000055.SZ,000055,20251209,93528050,0,4565942,0,B,43000,2300,
000055.SZ,000055,20251209,93528070,0,4566125,0,B,43000,100,
000055.SZ,000055,20251209,93528070,0,4566129,0,B,43000,100,
000055.SZ,000055,20251209,93528070,0,4566130,0,B,43000,100,
000055.SZ,000055,20251209,93529550,0,4578078,0,B,43000,100,
000055.SZ,000055,20251209,93530150,0,4581680,0,B,43100,100,
000055.SZ,000055,20251209,93531190,0,4589973,0,S,43000,600,
000055.SZ,000055,20251209,93533170,0,4606443,0,B,43600,100,
000055.SZ,000055,20251209,93533730,0,4611262,0,B,43000,10000,
000055.SZ,000055,20251209,93533830,0,4612254,0,B,42000,600,
000055.SZ,000055,20251209,93534410,0,4617158,0,S,45500,700,
000055.SZ,000055,20251209,93535960,0,4629728,0,S,43900,14100,
000055.SZ,000055,20251209,93539600,0,4662047,0,S,43000,2000,
000055.SZ,000055,20251209,93542220,0,4687841,0,B,43600,100,
000055.SZ,000055,20251209,93553370,0,4793512,0,S,43200,400,
000055.SZ,000055,20251209,93554310,0,4800703,0,B,43100,800,
000055.SZ,000055,20251209,93555160,0,4808467,0,B,43100,4900,
000055.SZ,000055,20251209,93557120,0,4823486,0,S,43000,5000,
000055.SZ,000055,20251209,93558220,0,4832761,0,B,42900,2000,
000055.SZ,000055,20251209,93559700,0,4846336,0,S,43000,600,
000055.SZ,000055,20251209,93601980,0,4874997,0,B,43000,3300,
000055.SZ,000055,20251209,93604930,0,4902758,0,S,43000,700,
000055.SZ,000055,20251209,93608080,0,4930007,0,B,42900,1000,
000055.SZ,000055,20251209,93616770,0,5012813,0,B,43000,100,
000055.SZ,000055,20251209,93617180,0,5016284,0,B,43000,200,
000055.SZ,000055,20251209,93617190,0,5016354,0,B,43100,40100,
000055.SZ,000055,20251209,93617190,0,5016557,0,B,43100,1300,
000055.SZ,000055,20251209,93617210,0,5016674,0,B,43000,400,
000055.SZ,000055,20251209,93617220,0,5016704,0,B,43100,1000,
000055.SZ,000055,20251209,93617230,0,5016837,0,B,43100,1400,
000055.SZ,000055,20251209,93617240,0,5017040,0,B,43100,100,
000055.SZ,000055,20251209,93617240,0,5017043,0,B,43100,100,
000055.SZ,000055,20251209,93617300,0,5017531,0,B,43100,100,
000055.SZ,000055,20251209,93618160,0,5023856,0,B,43100,700,
000055.SZ,000055,20251209,93618540,0,5027646,0,B,43000,100,
000055.SZ,000055,20251209,93618580,0,5028176,0,B,43000,100,
000055.SZ,000055,20251209,93618760,0,5029601,0,B,43000,100,
000055.SZ,000055,20251209,93618800,0,5030081,0,B,43000,700,
000055.SZ,000055,20251209,93618930,0,5030961,0,B,43000,100,
000055.SZ,000055,20251209,93619000,0,5031437,0,B,43000,100,
000055.SZ,000055,20251209,93619180,0,5033237,0,B,43000,100,
000055.SZ,000055,20251209,93619450,0,5037395,0,B,43000,100,
000055.SZ,000055,20251209,93619620,0,5039119,0,B,43000,100,
000055.SZ,000055,20251209,93624930,0,5080320,0,B,43000,30100,
000055.SZ,000055,20251209,93626710,0,5094693,0,S,43100,700,
000055.SZ,000055,20251209,93627250,0,5097825,0,B,43100,300,
000055.SZ,000055,20251209,93630680,0,5122357,0,B,43100,300,
000055.SZ,000055,20251209,93630710,0,5122530,0,B,43100,1600,
000055.SZ,000055,20251209,93631810,0,5131221,0,S,43100,1000,
000055.SZ,000055,20251209,93632550,0,5136686,0,S,43000,100,
000055.SZ,000055,20251209,93633650,0,5144502,0,S,43000,200,
000055.SZ,000055,20251209,93634530,0,5151231,0,S,47500,2000,
000055.SZ,000055,20251209,93635760,0,5159847,0,B,43000,100,
000055.SZ,000055,20251209,93636640,0,5166137,0,B,43000,8100,
000055.SZ,000055,20251209,93639350,0,5186097,0,S,43100,100,
000055.SZ,000055,20251209,93641900,0,5207322,0,S,43600,1000,
000055.SZ,000055,20251209,93651940,0,5281290,0,B,42500,8000,
000055.SZ,000055,20251209,93653230,0,5291462,0,B,42700,5000,
000055.SZ,000055,20251209,93654960,0,5303992,0,S,43000,7900,
000055.SZ,000055,20251209,93655340,0,5306964,0,B,42900,13600,
000055.SZ,000055,20251209,93655420,0,5307545,0,S,47300,1000,
000055.SZ,000055,20251209,93656680,0,5316852,0,S,43100,500,
000055.SZ,000055,20251209,93702810,0,5368669,0,S,43000,600,
000055.SZ,000055,20251209,93706000,0,5397050,0,B,43000,100,
000055.SZ,000055,20251209,93707360,0,5409811,0,S,43100,4700,
000055.SZ,000055,20251209,93707780,0,5413206,0,S,43100,100,
000055.SZ,000055,20251209,93708070,0,5415160,0,S,43000,10000,
000055.SZ,000055,20251209,93709150,0,5422271,0,S,43100,100,
000055.SZ,000055,20251209,93710950,0,5436882,0,B,43000,100,
000055.SZ,000055,20251209,93711020,0,5437393,0,B,43000,3400,
000055.SZ,000055,20251209,93715570,0,5474507,0,S,43100,5100,
000055.SZ,000055,20251209,93718150,0,5494374,0,S,43100,100,
000055.SZ,000055,20251209,93725780,0,5554257,0,S,47500,55000,
000055.SZ,000055,20251209,93727890,0,5568773,0,B,43100,200,
000055.SZ,000055,20251209,93729610,0,5581240,0,B,43000,100,
000055.SZ,000055,20251209,93738710,0,5646754,0,S,43500,500,
000055.SZ,000055,20251209,93739150,0,5649368,0,S,43100,100,
000055.SZ,000055,20251209,93739270,0,5650263,0,S,43100,100,
000055.SZ,000055,20251209,93742150,0,5670618,0,S,47500,500,
000055.SZ,000055,20251209,93743530,0,5683272,0,S,43300,3500,
000055.SZ,000055,20251209,93744000,0,5686771,0,B,43100,5000,
000055.SZ,000055,20251209,93744190,0,5688036,0,B,42900,600,
000055.SZ,000055,20251209,93751720,0,5744994,0,S,43000,700,
000055.SZ,000055,20251209,93801210,0,5815105,0,S,43000,200,
000055.SZ,000055,20251209,93805000,0,5848343,0,S,47500,500,
000055.SZ,000055,20251209,93807790,0,5869111,0,S,47400,1000,
000055.SZ,000055,20251209,93807840,0,5869438,0,S,43100,100,
000055.SZ,000055,20251209,93809150,0,5878657,0,S,43100,100,
000055.SZ,000055,20251209,93814220,0,5919879,0,B,42500,20000,
000055.SZ,000055,20251209,93815120,0,5925834,0,B,43000,200,
000055.SZ,000055,20251209,93818390,0,5952051,0,S,43000,15000,
000055.SZ,000055,20251209,93820340,0,5969023,0,S,43100,300,
000055.SZ,000055,20251209,93820360,0,5969215,0,S,42600,900,
000055.SZ,000055,20251209,93820410,0,5969590,0,S,43000,300,
000055.SZ,000055,20251209,93822200,0,5983051,0,S,43000,600,
000055.SZ,000055,20251209,93823710,0,5995106,0,S,43000,500,
000055.SZ,000055,20251209,93824250,0,5998280,0,S,43000,700,
000055.SZ,000055,20251209,93824250,0,5998356,0,S,43000,500,
000055.SZ,000055,20251209,93825540,0,6009473,0,S,43000,3500,
000055.SZ,000055,20251209,93826000,0,6012607,0,S,43000,500,
000055.SZ,000055,20251209,93827690,0,6023980,0,S,43900,7000,
000055.SZ,000055,20251209,93827700,0,6024004,0,S,43000,100,
000055.SZ,000055,20251209,93827700,0,6024009,0,S,43000,100,
000055.SZ,000055,20251209,93829270,0,6034811,0,S,43000,9000,
000055.SZ,000055,20251209,93829300,0,6035014,0,S,43000,6000,
000055.SZ,000055,20251209,93829310,0,6035037,0,B,43000,3000,
000055.SZ,000055,20251209,93829310,0,6035066,0,S,43000,1400,
000055.SZ,000055,20251209,93829310,0,6035068,0,B,42900,4600,
000055.SZ,000055,20251209,93829330,0,6035308,0,S,43000,100,
000055.SZ,000055,20251209,93829380,0,6035705,0,S,43000,1000,
000055.SZ,000055,20251209,93830020,0,6039510,0,S,43000,7200,
000055.SZ,000055,20251209,93831120,0,6047390,0,S,43000,100,
000055.SZ,000055,20251209,93831460,0,6049803,0,B,43000,5000,
000055.SZ,000055,20251209,93831500,0,6050148,0,S,43000,700,
000055.SZ,000055,20251209,93833440,0,6063587,0,B,42900,30000,
000055.SZ,000055,20251209,93835940,0,6081552,0,B,42900,3500,
000055.SZ,000055,20251209,93835970,0,6081681,0,B,42900,1600,
000055.SZ,000055,20251209,93836150,0,6082857,0,B,42900,400,
000055.SZ,000055,20251209,93836160,0,6082907,0,B,43000,100,
000055.SZ,000055,20251209,93836960,0,6088197,0,S,43000,1400,
000055.SZ,000055,20251209,93839160,0,6103248,0,S,43000,200,
000055.SZ,000055,20251209,93839760,0,6107118,0,S,43000,4000,
000055.SZ,000055,20251209,93839820,0,6107585,0,S,43000,100,
000055.SZ,000055,20251209,93840090,0,6109699,0,S,43000,600,
000055.SZ,000055,20251209,93840930,0,6115753,0,S,42900,4800,
000055.SZ,000055,20251209,93842420,0,6125734,0,B,42900,600,
000055.SZ,000055,20251209,93842670,0,6127482,0,S,43000,1000,
000055.SZ,000055,20251209,93842760,0,6128170,0,S,43000,4000,
000055.SZ,000055,20251209,93843150,0,6130798,0,S,43000,1000,
000055.SZ,000055,20251209,93845920,0,6151035,0,S,43000,200,
000055.SZ,000055,20251209,93845940,0,6151225,0,S,43000,100,
000055.SZ,000055,20251209,93845970,0,6151405,0,S,43000,3000,
000055.SZ,000055,20251209,93846380,0,6154168,0,S,43000,1000,
000055.SZ,000055,20251209,93848760,0,6169020,0,S,43000,1000,
000055.SZ,000055,20251209,93850240,0,6179949,0,B,42900,100,
000055.SZ,000055,20251209,93853960,0,6205140,0,S,43000,4800,
000055.SZ,000055,20251209,93854630,0,6209961,0,B,42900,20000,
000055.SZ,000055,20251209,93854710,0,6210545,0,S,46200,7100,
000055.SZ,000055,20251209,93855470,0,6215774,0,S,42900,2000,
000055.SZ,000055,20251209,93855520,0,6216209,0,B,43000,7900,
000055.SZ,000055,20251209,93856030,0,6219691,0,S,43000,600,
000055.SZ,000055,20251209,93856030,0,6219692,0,B,42800,600,
000055.SZ,000055,20251209,93858960,0,6240781,0,S,43000,5000,
000055.SZ,000055,20251209,93900500,0,6251721,0,S,43000,1200,
000055.SZ,000055,20251209,93900540,0,6252160,0,S,43000,5100,
000055.SZ,000055,20251209,93900750,0,6254091,0,S,43000,1000,
000055.SZ,000055,20251209,93901220,0,6258244,0,B,42500,10000,
000055.SZ,000055,20251209,93901360,0,6259336,0,S,43000,2000,
000055.SZ,000055,20251209,93902510,0,6269168,0,B,42800,700,
000055.SZ,000055,20251209,93906210,0,6296432,0,S,43200,28100,
000055.SZ,000055,20251209,93909150,0,6317393,0,S,43000,200,
000055.SZ,000055,20251209,93909150,0,6317399,0,S,43000,100,
000055.SZ,000055,20251209,93912480,0,6343499,0,S,42700,1000,
000055.SZ,000055,20251209,93914510,0,6358307,0,S,43000,700,
000055.SZ,000055,20251209,93914510,0,6358344,0,S,43000,100,
000055.SZ,000055,20251209,93919740,0,6395192,0,S,47500,1500,
000055.SZ,000055,20251209,93919880,0,6396014,0,S,43000,100,
000055.SZ,000055,20251209,93920810,0,6401499,0,B,42900,8000,
000055.SZ,000055,20251209,93921280,0,6404076,0,S,43000,7300,
000055.SZ,000055,20251209,93923970,0,6420776,0,S,42800,4700,
000055.SZ,000055,20251209,93925260,0,6428802,0,S,43000,300,
000055.SZ,000055,20251209,93925280,0,6428950,0,S,43000,700,
000055.SZ,000055,20251209,93925280,0,6428983,0,S,43000,2400,
000055.SZ,000055,20251209,93930940,0,6463249,0,S,43400,500,
000055.SZ,000055,20251209,93931770,0,6470231,0,S,43000,1500,
000055.SZ,000055,20251209,93933340,0,6480668,0,S,46800,100,
000055.SZ,000055,20251209,93934380,0,6488579,0,S,43000,100,
000055.SZ,000055,20251209,93936700,0,6502312,0,S,43000,700,
000055.SZ,000055,20251209,93937940,0,6510665,0,B,42900,3200,
000055.SZ,000055,20251209,93938420,0,6513668,0,S,43100,2700,
000055.SZ,000055,20251209,93938600,0,6514638,0,S,43000,1000,
000055.SZ,000055,20251209,93939260,0,6518382,0,S,43000,100,
000055.SZ,000055,20251209,93944660,0,6551720,0,S,43000,6900,
000055.SZ,000055,20251209,93945250,0,6554403,0,B,43100,1000,
000055.SZ,000055,20251209,93945280,0,6554605,0,S,42900,600,
000055.SZ,000055,20251209,93946510,0,6562190,0,S,43000,700,
000055.SZ,000055,20251209,93946520,0,6562258,0,S,43000,200,
000055.SZ,000055,20251209,93946970,0,6564854,0,S,44100,2000,
000055.SZ,000055,20251209,93949510,0,6580955,0,B,42800,500,
000055.SZ,000055,20251209,93953930,0,6608431,0,S,47500,1500,
000055.SZ,000055,20251209,93956480,0,6623361,0,S,42900,500,
000055.SZ,000055,20251209,93957170,0,6627552,0,B,42700,800,
000055.SZ,000055,20251209,93958190,0,6634864,0,S,42900,68400,
000055.SZ,000055,20251209,93958190,0,6634900,0,S,43000,6000,
000055.SZ,000055,20251209,93958220,0,6635073,0,S,43000,600,
000055.SZ,000055,20251209,94000270,0,6647142,0,S,42900,100,
000055.SZ,000055,20251209,94000750,0,6651665,0,B,42900,100,
000055.SZ,000055,20251209,94000940,0,6652951,0,S,43000,2200,
000055.SZ,000055,20251209,94001000,0,6653477,0,S,42900,1300,
000055.SZ,000055,20251209,94001050,0,6653873,0,S,42900,400,
000055.SZ,000055,20251209,94001060,0,6653882,0,S,42900,100,
000055.SZ,000055,20251209,94001290,0,6655320,0,S,42900,1900,
000055.SZ,000055,20251209,94001310,0,6655450,0,S,42900,4900,
000055.SZ,000055,20251209,94001310,0,6655479,0,S,42900,100,
000055.SZ,000055,20251209,94001310,0,6655481,0,S,42900,100,
000055.SZ,000055,20251209,94001400,0,6656123,0,S,42900,2000,
000055.SZ,000055,20251209,94003210,0,6667812,0,S,42900,100,
000055.SZ,000055,20251209,94003280,0,6668368,0,S,42900,300,
000055.SZ,000055,20251209,94003280,0,6668370,0,S,42900,300,
000055.SZ,000055,20251209,94003320,0,6668623,0,S,42900,1900,
000055.SZ,000055,20251209,94003400,0,6669271,0,B,42900,1200,
000055.SZ,000055,20251209,94003970,0,6673588,0,S,42900,1300,
000055.SZ,000055,20251209,94005000,0,6681449,0,S,42900,4000,
000055.SZ,000055,20251209,94005010,0,6681538,0,S,43000,100,
000055.SZ,000055,20251209,94005590,0,6686062,0,S,42900,10000,
000055.SZ,000055,20251209,94006000,0,6689447,0,S,42900,1000,
000055.SZ,000055,20251209,94006010,0,6689494,0,B,42800,2100,
000055.SZ,000055,20251209,94006020,0,6689620,0,S,43000,1900,
000055.SZ,000055,20251209,94006310,0,6691944,0,S,43000,300,
000055.SZ,000055,20251209,94006320,0,6692069,0,S,43000,4300,
000055.SZ,000055,20251209,94006320,0,6692077,0,S,43000,1100,
000055.SZ,000055,20251209,94006470,0,6693678,0,S,43000,2500,
000055.SZ,000055,20251209,94006470,0,6693684,0,S,43000,15900,
000055.SZ,000055,20251209,94006470,0,6693685,0,S,43000,700,
000055.SZ,000055,20251209,94006470,0,6693690,0,S,43000,200,
000055.SZ,000055,20251209,94006470,0,6693707,0,S,43000,2900,
000055.SZ,000055,20251209,94006570,0,6695176,0,S,42900,1200,
000055.SZ,000055,20251209,94006600,0,6695415,0,B,42800,6000,
000055.SZ,000055,20251209,94006630,0,6695581,0,S,42900,100,
000055.SZ,000055,20251209,94006790,0,6696850,0,S,43000,1100,
000055.SZ,000055,20251209,94006790,0,6696851,0,S,43000,400,
000055.SZ,000055,20251209,94006790,0,6696852,0,S,43000,400,
000055.SZ,000055,20251209,94006790,0,6696853,0,S,43000,1000,
000055.SZ,000055,20251209,94006930,0,6697972,0,S,43000,400,
000055.SZ,000055,20251209,94007730,0,6704625,0,S,42800,600,
000055.SZ,000055,20251209,94009370,0,6714891,0,B,42800,100,
000055.SZ,000055,20251209,94009470,0,6715539,0,S,45000,200,
000055.SZ,000055,20251209,94010340,0,6721389,0,S,42900,500,
000055.SZ,000055,20251209,94010520,0,6722993,0,B,42900,2600,
000055.SZ,000055,20251209,94010640,0,6723870,0,S,42900,1700,
000055.SZ,000055,20251209,94011040,0,6726296,0,S,42900,100,
000055.SZ,000055,20251209,94011250,0,6727794,0,S,42900,500,
000055.SZ,000055,20251209,94011330,0,6728195,0,S,42900,300,
000055.SZ,000055,20251209,94012490,0,6734671,0,B,42900,4600,
000055.SZ,000055,20251209,94012490,0,6734707,0,S,42900,3100,
000055.SZ,000055,20251209,94012750,0,6736403,0,S,42900,3000,
000055.SZ,000055,20251209,94013180,0,6739231,0,S,42900,300,
000055.SZ,000055,20251209,94013200,0,6739331,0,S,42900,100,
000055.SZ,000055,20251209,94013750,0,6742894,0,S,42900,1000,
000055.SZ,000055,20251209,94014090,0,6744870,0,S,42700,400,
000055.SZ,000055,20251209,94014530,0,6747409,0,S,42900,100,
000055.SZ,000055,20251209,94015760,0,6757513,0,S,42900,5000,
000055.SZ,000055,20251209,94015770,0,6757636,0,S,42900,1300,
000055.SZ,000055,20251209,94015880,0,6758633,0,S,42900,300,
000055.SZ,000055,20251209,94016110,0,6761059,0,S,42900,100,
000055.SZ,000055,20251209,94016580,0,6766536,0,S,42900,4300,
000055.SZ,000055,20251209,94016960,0,6770361,0,B,42800,3600,
000055.SZ,000055,20251209,94016990,0,6770579,0,B,42900,4300,
000055.SZ,000055,20251209,94017470,0,6774195,0,S,42900,2200,
000055.SZ,000055,20251209,94018320,0,6780058,0,S,42900,700,
000055.SZ,000055,20251209,94018470,0,6780977,0,S,42900,2100,
000055.SZ,000055,20251209,94018750,0,6783304,0,S,42900,1000,
000055.SZ,000055,20251209,94018790,0,6783554,0,S,42900,1200,
000055.SZ,000055,20251209,94018820,0,6783777,0,S,42900,500,
000055.SZ,000055,20251209,94019970,0,6792781,0,S,42900,100,
000055.SZ,000055,20251209,94021310,0,6801989,0,S,42900,700,
000055.SZ,000055,20251209,94023850,0,6820225,0,B,42800,3000,
000055.SZ,000055,20251209,94025550,0,6832263,0,S,42900,6100,
000055.SZ,000055,20251209,94026470,0,6837487,0,B,42800,200,
000055.SZ,000055,20251209,94027850,0,6846398,0,B,42700,13700,
000055.SZ,000055,20251209,94027970,0,6847268,0,S,42900,5000,
000055.SZ,000055,20251209,94028860,0,6853352,0,B,42800,20000,
000055.SZ,000055,20251209,94030380,0,6862381,0,S,43000,1000,
000055.SZ,000055,20251209,94031880,0,6874022,0,B,42800,700,
000055.SZ,000055,20251209,94032400,0,6877140,0,B,42800,100,
000055.SZ,000055,20251209,94032840,0,6879696,0,B,42800,100,
000055.SZ,000055,20251209,94033560,0,6884152,0,B,42800,100,
000055.SZ,000055,20251209,94036140,0,6900995,0,B,42700,2000,
000055.SZ,000055,20251209,94036470,0,6903258,0,B,42800,800,
000055.SZ,000055,20251209,94037550,0,6909831,0,S,42700,5100,
000055.SZ,000055,20251209,94039380,0,6919794,0,S,42900,100,
000055.SZ,000055,20251209,94039730,0,6921848,0,S,42900,700,
000055.SZ,000055,20251209,94042160,0,6936235,0,S,43000,200,
000055.SZ,000055,20251209,94042400,0,6938025,0,B,42700,1000,
000055.SZ,000055,20251209,94046060,0,6959687,0,S,43800,5000,
000055.SZ,000055,20251209,94047740,0,6969963,0,B,42600,2000,
000055.SZ,000055,20251209,94048220,0,6972239,0,B,42400,200,
000055.SZ,000055,20251209,94049680,0,6981939,0,S,42900,400,
000055.SZ,000055,20251209,94050110,0,6984744,0,B,42800,1000,
000055.SZ,000055,20251209,94103600,0,7072853,0,S,42800,600,
000055.SZ,000055,20251209,94106470,0,7092728,0,S,42900,1900,
000055.SZ,000055,20251209,94107850,0,7100957,0,S,42900,100,
000055.SZ,000055,20251209,94108800,0,7106546,0,S,47300,700,
000055.SZ,000055,20251209,94110170,0,7114668,0,B,42300,2000,
000055.SZ,000055,20251209,94111010,0,7119720,0,B,42900,5000,
000055.SZ,000055,20251209,94111960,0,7125053,0,B,43000,2500,
000055.SZ,000055,20251209,94112380,0,7127858,0,S,43000,12000,
000055.SZ,000055,20251209,94112390,0,7127900,0,B,42900,100,
000055.SZ,000055,20251209,94112390,0,7127914,0,B,42900,100,
000055.SZ,000055,20251209,94112400,0,7127945,0,B,42900,6800,
000055.SZ,000055,20251209,94112430,0,7128211,0,B,42800,400,
000055.SZ,000055,20251209,94113240,0,7133002,0,B,42900,800,
000055.SZ,000055,20251209,94113240,0,7133013,0,B,42900,4200,
000055.SZ,000055,20251209,94113250,0,7133032,0,B,42900,2600,
000055.SZ,000055,20251209,94113250,0,7133052,0,B,42900,100,
000055.SZ,000055,20251209,94113250,0,7133056,0,B,42900,100,
000055.SZ,000055,20251209,94113260,0,7133197,0,B,42900,100,
000055.SZ,000055,20251209,94116790,0,7155964,0,B,42500,1000,
000055.SZ,000055,20251209,94116800,0,7156019,0,B,42900,100,
000055.SZ,000055,20251209,94116800,0,7156023,0,B,42900,100,
000055.SZ,000055,20251209,94116800,0,7156026,0,B,42900,100,
000055.SZ,000055,20251209,94116800,0,7156030,0,B,42900,100,
000055.SZ,000055,20251209,94116800,0,7156032,0,B,42900,100,
000055.SZ,000055,20251209,94116800,0,7156036,0,B,42900,100,
000055.SZ,000055,20251209,94116800,0,7156038,0,B,42900,100,
000055.SZ,000055,20251209,94116800,0,7156049,0,B,42900,100,
000055.SZ,000055,20251209,94116800,0,7156077,0,B,42900,100,
000055.SZ,000055,20251209,94121370,0,7183239,0,B,42600,1000,
000055.SZ,000055,20251209,94121430,0,7183696,0,S,47500,1600,
000055.SZ,000055,20251209,94122750,0,7191225,0,S,42700,500,
000055.SZ,000055,20251209,94125660,0,7208069,0,S,43100,12000,
000055.SZ,000055,20251209,94125810,0,7208796,0,B,42800,800,
000055.SZ,000055,20251209,94128580,0,7223695,0,B,42800,5000,
000055.SZ,000055,20251209,94130960,0,7236616,0,S,42900,1400,
000055.SZ,000055,20251209,94131080,0,7237439,0,S,42900,100,
000055.SZ,000055,20251209,94132710,0,7247969,0,S,42800,5100,
000055.SZ,000055,20251209,94136790,0,7271467,0,B,42800,100,
000055.SZ,000055,20251209,94136840,0,7271732,0,S,42800,2700,
000055.SZ,000055,20251209,94137350,0,7274635,0,S,43000,1500,
000055.SZ,000055,20251209,94139260,0,7285148,0,S,42900,100,
000055.SZ,000055,20251209,94139750,0,7287898,0,S,42900,1000,
000055.SZ,000055,20251209,94140350,0,7291433,0,S,42900,1000,
000055.SZ,000055,20251209,94140910,0,7294555,0,B,42800,27100,
000055.SZ,000055,20251209,94141200,0,7296021,0,B,42600,6000,
000055.SZ,000055,20251209,94141950,0,7299510,0,B,43000,3600,
000055.SZ,000055,20251209,94145360,0,7319867,0,S,42900,1000,
000055.SZ,000055,20251209,94145400,0,7320090,0,S,43100,7800,
000055.SZ,000055,20251209,94145700,0,7321719,0,S,42900,700,
000055.SZ,000055,20251209,94146260,0,7324930,0,B,42800,6000,
000055.SZ,000055,20251209,94146750,0,7328808,0,S,42900,1000,
000055.SZ,000055,20251209,94149410,0,7344170,0,B,42800,100,
000055.SZ,000055,20251209,94152730,0,7362970,0,S,42800,500,
000055.SZ,000055,20251209,94154870,0,7374720,0,S,42900,100,
000055.SZ,000055,20251209,94157580,0,7389416,0,S,42900,1200,
000055.SZ,000055,20251209,94157660,0,7389891,0,S,42900,1000,
000055.SZ,000055,20251209,94158350,0,7393785,0,S,42900,2000,
000055.SZ,000055,20251209,94158360,0,7393847,0,B,42500,2000,
000055.SZ,000055,20251209,94201880,0,7414712,0,B,42800,500,
000055.SZ,000055,20251209,94206920,0,7444738,0,S,42900,100,
000055.SZ,000055,20251209,94207530,0,7448737,0,S,45900,2000,
000055.SZ,000055,20251209,94208210,0,7452560,0,B,41800,4000,
000055.SZ,000055,20251209,94211200,0,7469881,0,B,42300,300,
000055.SZ,000055,20251209,94213030,0,7479176,0,B,42600,10000,
000055.SZ,000055,20251209,94217010,0,7503486,0,S,42800,600,
000055.SZ,000055,20251209,94217100,0,7504192,0,S,42900,100,
000055.SZ,000055,20251209,94217410,0,7505989,0,S,42800,1000,
000055.SZ,000055,20251209,94220970,0,7525080,0,S,42700,4100,
000055.SZ,000055,20251209,94221480,0,7528069,0,B,42800,10000,
000055.SZ,000055,20251209,94225480,0,7551066,0,B,42900,700,
000055.SZ,000055,20251209,94233910,0,7594854,0,B,42800,100,
000055.SZ,000055,20251209,94236600,0,7608961,0,B,42800,4000,
000055.SZ,000055,20251209,94236790,0,7609932,0,S,42900,1300,
000055.SZ,000055,20251209,94239370,0,7623421,0,S,42900,100,
000055.SZ,000055,20251209,94241380,0,7634172,0,B,42900,5000,
000055.SZ,000055,20251209,94241410,0,7634307,0,B,42900,100,
000055.SZ,000055,20251209,94241410,0,7634315,0,B,42900,100,
000055.SZ,000055,20251209,94241420,0,7634343,0,B,42900,100,
000055.SZ,000055,20251209,94241430,0,7634404,0,B,42900,100,
000055.SZ,000055,20251209,94241440,0,7634421,0,B,42900,100,
000055.SZ,000055,20251209,94242070,0,7637128,0,B,42700,500,
000055.SZ,000055,20251209,94249340,0,7679705,0,B,42600,4000,
000055.SZ,000055,20251209,94251010,0,7687886,0,S,42900,2200,
000055.SZ,000055,20251209,94254240,0,7703581,0,B,42700,3000,
000055.SZ,000055,20251209,94256070,0,7712848,0,S,47300,5000,
000055.SZ,000055,20251209,94257190,0,7717482,0,S,42900,1300,
000055.SZ,000055,20251209,94259190,0,7727608,0,B,42000,500,
000055.SZ,000055,20251209,94300310,0,7732637,0,B,42800,200,
000055.SZ,000055,20251209,94307820,0,7778220,0,B,42900,15000,
000055.SZ,000055,20251209,94307820,0,7778243,0,S,42900,100,
000055.SZ,000055,20251209,94307830,0,7778260,0,B,42900,100,
000055.SZ,000055,20251209,94307830,0,7778265,0,B,42900,100,
000055.SZ,000055,20251209,94307920,0,7778814,0,S,42900,100,
000055.SZ,000055,20251209,94309150,0,7784901,0,S,42900,500,
000055.SZ,000055,20251209,94313230,0,7805553,0,S,42900,200,
000055.SZ,000055,20251209,94313240,0,7805654,0,S,42900,300,
000055.SZ,000055,20251209,94315240,0,7815310,0,B,42900,100,
000055.SZ,000055,20251209,94319010,0,7834363,0,B,42800,100,
000055.SZ,000055,20251209,94321170,0,7845349,0,B,42800,100,
000055.SZ,000055,20251209,94321540,0,7847667,0,B,42800,100,
000055.SZ,000055,20251209,94322050,0,7850389,0,S,42900,100,
000055.SZ,000055,20251209,94322660,0,7853617,0,B,42800,200,
000055.SZ,000055,20251209,94323840,0,7859494,0,B,42800,10000,
000055.SZ,000055,20251209,94328430,0,7882210,0,B,42900,6500,
000055.SZ,000055,20251209,94328430,0,7882230,0,S,42900,100,
000055.SZ,000055,20251209,94328460,0,7882402,0,B,42900,200,
000055.SZ,000055,20251209,94329450,0,7887314,0,B,42900,2100,
000055.SZ,000055,20251209,94330160,0,7890428,0,S,43000,100,
000055.SZ,000055,20251209,94330370,0,7891556,0,S,43100,1700,
000055.SZ,000055,20251209,94330750,0,7893458,0,B,42900,200,
000055.SZ,000055,20251209,94330760,0,7893554,0,S,42100,4600,
000055.SZ,000055,20251209,94330800,0,7893721,0,S,43000,400,
000055.SZ,000055,20251209,94330800,0,7893723,0,S,43000,1100,
000055.SZ,000055,20251209,94330800,0,7893724,0,S,43000,1000,
000055.SZ,000055,20251209,94330800,0,7893725,0,S,43000,400,
000055.SZ,000055,20251209,94330940,0,7894395,0,S,43000,400,
000055.SZ,000055,20251209,94330980,0,7894670,0,S,43000,500,
000055.SZ,000055,20251209,94331320,0,7896320,0,S,43000,200,
000055.SZ,000055,20251209,94331320,0,7896321,0,S,43000,300,
000055.SZ,000055,20251209,94331330,0,7896613,0,S,43000,1100,
000055.SZ,000055,20251209,94331330,0,7896616,0,S,43000,2900,
000055.SZ,000055,20251209,94331480,0,7897360,0,S,43000,200,
000055.SZ,000055,20251209,94331480,0,7897370,0,S,43000,700,
000055.SZ,000055,20251209,94331480,0,7897373,0,S,43000,2900,
000055.SZ,000055,20251209,94331480,0,7897374,0,S,43000,2500,
000055.SZ,000055,20251209,94332270,0,7901077,0,S,42900,300,
000055.SZ,000055,20251209,94332380,0,7901578,0,S,42900,100,
000055.SZ,000055,20251209,94332500,0,7902009,0,S,43000,100,
000055.SZ,000055,20251209,94332550,0,7902182,0,S,43000,100,
000055.SZ,000055,20251209,94332770,0,7903125,0,S,43000,100,
000055.SZ,000055,20251209,94333290,0,7905773,0,S,42900,5000,
000055.SZ,000055,20251209,94333340,0,7906134,0,B,42800,1600,
000055.SZ,000055,20251209,94334840,0,7914069,0,S,42900,300,
000055.SZ,000055,20251209,94334900,0,7914310,0,B,42800,1000,
000055.SZ,000055,20251209,94336390,0,7921022,0,S,42900,100,
000055.SZ,000055,20251209,94344230,0,7958544,0,S,42800,100,
000055.SZ,000055,20251209,94345520,0,7964107,0,S,42800,200,
000055.SZ,000055,20251209,94345780,0,7965318,0,S,42900,600,
000055.SZ,000055,20251209,94347960,0,7975266,0,B,43000,3600,
000055.SZ,000055,20251209,94350820,0,7988713,0,B,42700,1000,
000055.SZ,000055,20251209,94351490,0,7992225,0,S,43300,17500,
000055.SZ,000055,20251209,94353630,0,8004002,0,S,43500,1000,
000055.SZ,000055,20251209,94357570,0,8022928,0,S,42900,1200,
000055.SZ,000055,20251209,94357870,0,8024579,0,B,42600,5000,
000055.SZ,000055,20251209,94359360,0,8031713,0,B,42900,6500,
000055.SZ,000055,20251209,94400740,0,8039200,0,B,42900,500,
000055.SZ,000055,20251209,94400940,0,8040650,0,S,43000,400,
000055.SZ,000055,20251209,94400990,0,8041014,0,S,43000,500,
000055.SZ,000055,20251209,94401130,0,8041955,0,B,42900,100,
000055.SZ,000055,20251209,94401320,0,8043326,0,S,43000,300,
000055.SZ,000055,20251209,94401320,0,8043331,0,S,43000,200,
000055.SZ,000055,20251209,94401340,0,8043497,0,S,43000,1100,
000055.SZ,000055,20251209,94401340,0,8043506,0,S,43000,2900,
000055.SZ,000055,20251209,94401490,0,8044525,0,S,43000,2500,
000055.SZ,000055,20251209,94401490,0,8044532,0,S,43000,200,
000055.SZ,000055,20251209,94401490,0,8044533,0,S,43000,700,
000055.SZ,000055,20251209,94401490,0,8044534,0,S,43000,9700,
000055.SZ,000055,20251209,94401490,0,8044545,0,S,43000,2900,
000055.SZ,000055,20251209,94401500,0,8044648,0,S,43000,100,
000055.SZ,000055,20251209,94401550,0,8045043,0,S,43000,100,
000055.SZ,000055,20251209,94401780,0,8047098,0,S,43000,100,
000055.SZ,000055,20251209,94401800,0,8047285,0,S,43000,1100,
000055.SZ,000055,20251209,94401800,0,8047286,0,S,43000,400,
000055.SZ,000055,20251209,94401800,0,8047287,0,S,43000,1000,
000055.SZ,000055,20251209,94401800,0,8047289,0,S,43000,400,
000055.SZ,000055,20251209,94403580,0,8058372,0,B,42900,500,
000055.SZ,000055,20251209,94405670,0,8070269,0,B,42800,800,
000055.SZ,000055,20251209,94406030,0,8071753,0,B,42600,800,
000055.SZ,000055,20251209,94406330,0,8073693,0,B,42600,5000,
000055.SZ,000055,20251209,94406710,0,8075597,0,B,41200,500,
000055.SZ,000055,20251209,94407430,0,8079936,0,B,42500,1000,
000055.SZ,000055,20251209,94408030,0,8083011,0,B,42600,5000,
000055.SZ,000055,20251209,94408040,0,8083120,0,B,42800,500,
000055.SZ,000055,20251209,94408540,0,8086214,0,S,43000,50000,
000055.SZ,000055,20251209,94412020,0,8103468,0,S,43100,300,
000055.SZ,000055,20251209,94416760,0,8128231,0,S,42900,600,
000055.SZ,000055,20251209,94418460,0,8137484,0,B,42900,13000,
000055.SZ,000055,20251209,94421540,0,8153322,0,S,43000,800,
000055.SZ,000055,20251209,94425130,0,8169976,0,B,42800,5000,
000055.SZ,000055,20251209,94425390,0,8171331,0,B,42700,2000,
000055.SZ,000055,20251209,94426110,0,8174415,0,B,42900,2000,
000055.SZ,000055,20251209,94427890,0,8182697,0,B,42800,2000,
000055.SZ,000055,20251209,94430120,0,8192843,0,B,43000,4000,
000055.SZ,000055,20251209,94432720,0,8208114,0,S,47400,300,
000055.SZ,000055,20251209,94439920,0,8243870,0,B,42900,400,
000055.SZ,000055,20251209,94443100,0,8258920,0,B,42500,3000,
000055.SZ,000055,20251209,94446370,0,8272890,0,S,43000,11100,
000055.SZ,000055,20251209,94451040,0,8291974,0,B,42900,13600,
000055.SZ,000055,20251209,94457810,0,8321400,0,B,42500,1000,
000055.SZ,000055,20251209,94500660,0,8336024,0,S,43000,1900,
000055.SZ,000055,20251209,94504490,0,8358269,0,B,42800,1100,
000055.SZ,000055,20251209,94511720,0,8401768,0,S,42900,600,
000055.SZ,000055,20251209,94515010,0,8421210,0,B,42900,800,
000055.SZ,000055,20251209,94515220,0,8422559,0,B,42900,200,
000055.SZ,000055,20251209,94515550,0,8425040,0,B,42900,1000,
000055.SZ,000055,20251209,94516010,0,8428321,0,B,42900,800,
000055.SZ,000055,20251209,94516160,0,8429737,0,B,42900,300,
000055.SZ,000055,20251209,94516170,0,8429792,0,B,42900,900,
000055.SZ,000055,20251209,94516170,0,8429797,0,B,42900,1000,
000055.SZ,000055,20251209,94516170,0,8429798,0,B,42900,200,
000055.SZ,000055,20251209,94516350,0,8431372,0,B,42900,800,
000055.SZ,000055,20251209,94516700,0,8434569,0,B,42900,800,
000055.SZ,000055,20251209,94516700,0,8434613,0,B,42900,600,
000055.SZ,000055,20251209,94517100,0,8437578,0,B,42900,5000,
000055.SZ,000055,20251209,94517210,0,8438176,0,B,42900,600,
000055.SZ,000055,20251209,94517320,0,8439034,0,B,42900,500,
000055.SZ,000055,20251209,94518190,0,8445345,0,B,42900,100,
000055.SZ,000055,20251209,94518190,0,8445348,0,B,42900,100,
000055.SZ,000055,20251209,94518190,0,8445349,0,B,42900,100,
000055.SZ,000055,20251209,94518210,0,8445497,0,B,42900,100,
000055.SZ,000055,20251209,94518240,0,8445769,0,B,42900,100,
000055.SZ,000055,20251209,94519370,0,8455819,0,B,42700,1000,
000055.SZ,000055,20251209,94519380,0,8455996,0,B,42900,100,
000055.SZ,000055,20251209,94519390,0,8456026,0,B,42900,100,
000055.SZ,000055,20251209,94519390,0,8456030,0,B,42900,100,
000055.SZ,000055,20251209,94519390,0,8456041,0,B,42900,100,
000055.SZ,000055,20251209,94519390,0,8456043,0,B,42900,100,
000055.SZ,000055,20251209,94519390,0,8456052,0,B,42900,100,
000055.SZ,000055,20251209,94519390,0,8456098,0,B,42900,100,
000055.SZ,000055,20251209,94519400,0,8456185,0,B,42900,100,
000055.SZ,000055,20251209,94519400,0,8456213,0,B,42900,100,
000055.SZ,000055,20251209,94521610,0,8469421,0,S,42800,2300,
000055.SZ,000055,20251209,94526620,0,8495759,0,S,43000,100,
000055.SZ,000055,20251209,94532210,0,8525057,0,S,47500,300,
000055.SZ,000055,20251209,94533470,0,8531480,0,B,42600,1000,
000055.SZ,000055,20251209,94542030,0,8576407,0,S,44000,2000,
000055.SZ,000055,20251209,94543560,0,8584206,0,S,43000,400,
000055.SZ,000055,20251209,94548650,0,8608679,0,S,42900,1900,
000055.SZ,000055,20251209,94549230,0,8611577,0,B,42900,800,
000055.SZ,000055,20251209,94549630,0,8614389,0,B,42500,1000,
000055.SZ,000055,20251209,94553070,0,8631309,0,B,42900,100,
000055.SZ,000055,20251209,94554150,0,8636240,0,S,43000,1600,
000055.SZ,000055,20251209,94554750,0,8640161,0,B,42700,100,
000055.SZ,000055,20251209,94554920,0,8641151,0,S,43000,5200,
000055.SZ,000055,20251209,94559810,0,8667331,0,S,42900,400,
000055.SZ,000055,20251209,94601990,0,8680617,0,B,42400,1000,
000055.SZ,000055,20251209,94604100,0,8693097,0,B,43100,1000,
000055.SZ,000055,20251209,94607500,0,8714802,0,S,43000,2200,
000055.SZ,000055,20251209,94607950,0,8717323,0,S,43000,100,
000055.SZ,000055,20251209,94608810,0,8721783,0,S,42900,500,
000055.SZ,000055,20251209,94608810,0,8721785,0,S,42900,100,
000055.SZ,000055,20251209,94609460,0,8725959,0,S,42900,200,
000055.SZ,000055,20251209,94610070,0,8729443,0,S,42900,100,
000055.SZ,000055,20251209,94610620,0,8733281,0,S,43000,300,
000055.SZ,000055,20251209,94611410,0,8737394,0,S,42900,100,
000055.SZ,000055,20251209,94611420,0,8737409,0,S,42900,200,
000055.SZ,000055,20251209,94611800,0,8738876,0,S,42900,600,
000055.SZ,000055,20251209,94614310,0,8752033,0,S,42900,4600,
000055.SZ,000055,20251209,94614320,0,8752051,0,B,42900,100,
000055.SZ,000055,20251209,94614320,0,8752053,0,S,42900,200,
000055.SZ,000055,20251209,94614990,0,8754558,0,S,42900,100,
000055.SZ,000055,20251209,94615130,0,8755127,0,S,44700,5700,
000055.SZ,000055,20251209,94615250,0,8755688,0,S,43000,1900,
000055.SZ,000055,20251209,94615370,0,8756313,0,S,42900,100,
000055.SZ,000055,20251209,94615990,0,8759557,0,S,42900,200,
000055.SZ,000055,20251209,94616340,0,8761409,0,S,42900,100,
000055.SZ,000055,20251209,94616360,0,8761505,0,S,42900,100,
000055.SZ,000055,20251209,94617300,0,8765493,0,S,42900,100,
000055.SZ,000055,20251209,94617310,0,8765507,0,S,42900,200,
000055.SZ,000055,20251209,94617320,0,8765547,0,S,42900,100,
000055.SZ,000055,20251209,94617320,0,8765565,0,S,42900,100,
000055.SZ,000055,20251209,94617990,0,8768340,0,S,42900,200,
000055.SZ,000055,20251209,94619260,0,8774616,0,S,42900,100,
000055.SZ,000055,20251209,94619290,0,8774742,0,B,42900,100,
000055.SZ,000055,20251209,94619290,0,8774743,0,B,42900,100,
000055.SZ,000055,20251209,94619290,0,8774747,0,B,42900,100,
000055.SZ,000055,20251209,94619610,0,8776321,0,B,42900,100,
000055.SZ,000055,20251209,94619610,0,8776350,0,S,43000,100,
000055.SZ,000055,20251209,94619810,0,8777141,0,S,42900,300,
000055.SZ,000055,20251209,94619990,0,8777895,0,S,42900,100,
000055.SZ,000055,20251209,94620020,0,8778027,0,B,42900,100,
000055.SZ,000055,20251209,94620020,0,8778029,0,B,42900,100,
000055.SZ,000055,20251209,94620020,0,8778044,0,B,42900,100,
000055.SZ,000055,20251209,94620070,0,8778244,0,B,42900,100,
000055.SZ,000055,20251209,94620810,0,8781636,0,S,42900,200,
000055.SZ,000055,20251209,94621040,0,8782557,0,S,42900,100,
000055.SZ,000055,20251209,94621610,0,8785169,0,S,43000,300,
000055.SZ,000055,20251209,94621620,0,8785212,0,S,45500,500,
000055.SZ,000055,20251209,94621890,0,8786551,0,S,43000,200,
000055.SZ,000055,20251209,94622810,0,8791125,0,S,42900,400,
000055.SZ,000055,20251209,94624340,0,8798003,0,S,43000,100,
000055.SZ,000055,20251209,94624560,0,8799164,0,S,43000,100,
000055.SZ,000055,20251209,94624660,0,8799756,0,S,42900,700,
000055.SZ,000055,20251209,94624810,0,8800673,0,S,42900,100,
000055.SZ,000055,20251209,94624810,0,8800675,0,S,42900,200,
000055.SZ,000055,20251209,94625000,0,8801610,0,S,42900,300,
000055.SZ,000055,20251209,94625920,0,8806815,0,S,43000,200,
000055.SZ,000055,20251209,94626060,0,8807424,0,S,42900,400,
000055.SZ,000055,20251209,94626070,0,8807499,0,S,42900,1200,
000055.SZ,000055,20251209,94627200,0,8812210,0,S,42900,1500,
000055.SZ,000055,20251209,94627230,0,8812412,0,B,42900,100,
000055.SZ,000055,20251209,94627610,0,8814559,0,S,43000,100,
000055.SZ,000055,20251209,94627790,0,8815398,0,S,42900,1200,
000055.SZ,000055,20251209,94628080,0,8816732,0,S,42900,1600,
000055.SZ,000055,20251209,94628280,0,8817895,0,S,42900,500,
000055.SZ,000055,20251209,94628320,0,8818109,0,S,42900,4900,
000055.SZ,000055,20251209,94628630,0,8819648,0,S,43000,700,
000055.SZ,000055,20251209,94628680,0,8819966,0,S,42900,900,
000055.SZ,000055,20251209,94630140,0,8826843,0,S,42900,300,
000055.SZ,000055,20251209,94630170,0,8826964,0,B,42900,600,
000055.SZ,000055,20251209,94630270,0,8827513,0,S,42900,200,
000055.SZ,000055,20251209,94631170,0,8831693,0,S,43900,300,
000055.SZ,000055,20251209,94632990,0,8840869,0,S,42900,200,
000055.SZ,000055,20251209,94633670,0,8844199,0,S,43000,200,
000055.SZ,000055,20251209,94633820,0,8845076,0,S,43000,1300,
000055.SZ,000055,20251209,94633820,0,8845078,0,S,43000,200,
000055.SZ,000055,20251209,94634600,0,8849377,0,S,43000,200,
000055.SZ,000055,20251209,94634990,0,8851415,0,S,42900,1700,
000055.SZ,000055,20251209,94635310,0,8853153,0,S,42900,2500,
000055.SZ,000055,20251209,94636480,0,8859042,0,S,43000,1300,
000055.SZ,000055,20251209,94636540,0,8859359,0,S,43000,600,
000055.SZ,000055,20251209,94636620,0,8859687,0,S,43000,200,
000055.SZ,000055,20251209,94636740,0,8860249,0,S,43000,100,
000055.SZ,000055,20251209,94636790,0,8860431,0,S,43000,100,
000055.SZ,000055,20251209,94636830,0,8860647,0,S,43000,200,
000055.SZ,000055,20251209,94639200,0,8871803,0,S,43000,200,
000055.SZ,000055,20251209,94639280,0,8872136,0,S,42900,100,
000055.SZ,000055,20251209,94639810,0,8874680,0,S,43000,300,
000055.SZ,000055,20251209,94639860,0,8874840,0,S,43000,1200,
000055.SZ,000055,20251209,94640000,0,8875691,0,S,43100,5000,
000055.SZ,000055,20251209,94640130,0,8876465,0,S,43000,100,
000055.SZ,000055,20251209,94641300,0,8881680,0,S,42900,2100,
000055.SZ,000055,20251209,94642440,0,8886567,0,S,43000,500,
000055.SZ,000055,20251209,94643340,0,8891122,0,S,43000,100,
000055.SZ,000055,20251209,94645160,0,8899894,0,B,42600,100,
000055.SZ,000055,20251209,94645480,0,8901197,0,S,43000,200,
000055.SZ,000055,20251209,94647220,0,8909560,0,S,43000,100,
000055.SZ,000055,20251209,94647320,0,8910276,0,S,43000,1500,
000055.SZ,000055,20251209,94647490,0,8911540,0,S,43000,100,
000055.SZ,000055,20251209,94648500,0,8916102,0,S,43000,100,
000055.SZ,000055,20251209,94648960,0,8918462,0,S,43000,800,
000055.SZ,000055,20251209,94650080,0,8923974,0,B,42900,200,
000055.SZ,000055,20251209,94651340,0,8930000,0,S,43000,100,
000055.SZ,000055,20251209,94652520,0,8936324,0,S,42900,3200,
000055.SZ,000055,20251209,94653610,0,8941909,0,S,43000,1500,
000055.SZ,000055,20251209,94659940,0,8971382,0,S,43000,200,
000055.SZ,000055,20251209,94659950,0,8971402,0,S,42900,100,
000055.SZ,000055,20251209,94700000,0,8971607,0,S,42900,300,
000055.SZ,000055,20251209,94706740,0,9010746,0,S,42900,500,
000055.SZ,000055,20251209,94706750,0,9010779,0,B,42900,100,
000055.SZ,000055,20251209,94706750,0,9010780,0,B,42900,100,
000055.SZ,000055,20251209,94706750,0,9010781,0,B,42900,100,
000055.SZ,000055,20251209,94706770,0,9010867,0,B,42900,100,
000055.SZ,000055,20251209,94707010,0,9012086,0,S,43000,300,
000055.SZ,000055,20251209,94712590,0,9039573,0,B,42900,20000,
000055.SZ,000055,20251209,94715170,0,9051347,0,B,42900,1000,
000055.SZ,000055,20251209,94715170,0,9051352,0,B,42900,300,
000055.SZ,000055,20251209,94715170,0,9051353,0,B,42900,500,
000055.SZ,000055,20251209,94715170,0,9051355,0,B,42900,1000,
000055.SZ,000055,20251209,94715170,0,9051356,0,B,42900,300,
000055.SZ,000055,20251209,94715170,0,9051357,0,B,42900,700,
000055.SZ,000055,20251209,94715180,0,9051372,0,B,42900,1100,
000055.SZ,000055,20251209,94715180,0,9051404,0,B,42900,1000,
000055.SZ,000055,20251209,94715180,0,9051405,0,B,42900,1100,
000055.SZ,000055,20251209,94715180,0,9051408,0,B,42900,300,
000055.SZ,000055,20251209,94716440,0,9057537,0,B,43000,200,
000055.SZ,000055,20251209,94718110,0,9064341,0,B,42700,100,
000055.SZ,000055,20251209,94719100,0,9069593,0,S,43100,1000,
000055.SZ,000055,20251209,94732520,0,9132611,0,B,42900,200,
000055.SZ,000055,20251209,94733430,0,9136984,0,B,42900,300,
000055.SZ,000055,20251209,94733470,0,9137292,0,B,42900,100,
000055.SZ,000055,20251209,94733480,0,9137330,0,B,42900,500,
000055.SZ,000055,20251209,94734010,0,9140207,0,B,42900,100,
000055.SZ,000055,20251209,94734010,0,9140211,0,B,42900,100,
000055.SZ,000055,20251209,94734090,0,9140717,0,B,42900,5200,
000055.SZ,000055,20251209,94734410,0,9142658,0,B,42900,100,
000055.SZ,000055,20251209,94734420,0,9142728,0,B,42900,200,
000055.SZ,000055,20251209,94735290,0,9147484,0,B,42900,100,
000055.SZ,000055,20251209,94735640,0,9148935,0,B,42900,200,
000055.SZ,000055,20251209,94736320,0,9151827,0,B,42900,200,
000055.SZ,000055,20251209,94737510,0,9158268,0,S,42900,5000,
000055.SZ,000055,20251209,94738320,0,9162078,0,B,42900,100,
000055.SZ,000055,20251209,94738410,0,9162369,0,B,42900,200,
000055.SZ,000055,20251209,94739670,0,9167503,0,B,42900,1100,
000055.SZ,000055,20251209,94739760,0,9167947,0,B,42900,8100,
000055.SZ,000055,20251209,94739780,0,9168030,0,B,42900,300,
000055.SZ,000055,20251209,94744370,0,9188344,0,S,43000,100,
000055.SZ,000055,20251209,94744740,0,9189919,0,B,42800,800,
000055.SZ,000055,20251209,94746470,0,9197514,0,S,43000,100,
000055.SZ,000055,20251209,94749720,0,9212449,0,S,42900,500,
000055.SZ,000055,20251209,94750680,0,9217497,0,S,47500,10000,
000055.SZ,000055,20251209,94758120,0,9254584,0,B,42800,10000,
000055.SZ,000055,20251209,94759310,0,9259939,0,S,47300,2500,
000055.SZ,000055,20251209,94800560,0,9266479,0,S,43000,1500,
000055.SZ,000055,20251209,94801390,0,9271052,0,S,43000,100,
000055.SZ,000055,20251209,94811040,0,9332803,0,B,42700,900,
000055.SZ,000055,20251209,94820270,0,9386805,0,S,43000,6000,
000055.SZ,000055,20251209,94824780,0,9407627,0,S,42900,300,
000055.SZ,000055,20251209,94826610,0,9415916,0,S,43000,500,
000055.SZ,000055,20251209,94828290,0,9423155,0,B,43300,800,
000055.SZ,000055,20251209,94828480,0,9423902,0,S,43000,11100,
000055.SZ,000055,20251209,94829230,0,9427144,0,B,42500,300,
000055.SZ,000055,20251209,94829940,0,9430099,0,B,42900,600,
000055.SZ,000055,20251209,94831040,0,9434831,0,S,42900,20000,
000055.SZ,000055,20251209,94831080,0,9435048,0,S,42900,100,
000055.SZ,000055,20251209,94832670,0,9442350,0,S,47200,16600,
000055.SZ,000055,20251209,94836190,0,9458282,0,S,42900,300,
000055.SZ,000055,20251209,94837520,0,9465341,0,S,43100,600,
000055.SZ,000055,20251209,94837940,0,9467078,0,B,42700,11500,
000055.SZ,000055,20251209,94845060,0,9502864,0,S,43100,600,
000055.SZ,000055,20251209,94845160,0,9503284,0,B,42600,5000,
000055.SZ,000055,20251209,94845750,0,9506084,0,B,42900,1000,
000055.SZ,000055,20251209,94845770,0,9506152,0,B,42900,1600,
000055.SZ,000055,20251209,94848320,0,9518385,0,B,42900,1000,
000055.SZ,000055,20251209,94848320,0,9518386,0,B,42900,600,
000055.SZ,000055,20251209,94848320,0,9518387,0,B,42900,1000,
000055.SZ,000055,20251209,94848330,0,9518404,0,B,42900,300,
000055.SZ,000055,20251209,94848330,0,9518405,0,B,42900,800,
000055.SZ,000055,20251209,94848330,0,9518427,0,B,42900,300,
000055.SZ,000055,20251209,94848330,0,9518450,0,B,42900,1200,
000055.SZ,000055,20251209,94848340,0,9518514,0,B,42900,1100,
000055.SZ,000055,20251209,94848340,0,9518515,0,B,42900,1200,
000055.SZ,000055,20251209,94848340,0,9518516,0,B,42900,300,
000055.SZ,000055,20251209,94848730,0,9520504,0,S,42900,500,
000055.SZ,000055,20251209,94849260,0,9523018,0,B,42900,1000,
000055.SZ,000055,20251209,94849350,0,9523480,0,B,42900,8000,
000055.SZ,000055,20251209,94849660,0,9524998,0,B,42800,5000,
000055.SZ,000055,20251209,94851040,0,9530784,0,B,42900,7700,
000055.SZ,000055,20251209,94851590,0,9533248,0,S,42900,200,
000055.SZ,000055,20251209,94851610,0,9533316,0,B,42900,200,
000055.SZ,000055,20251209,94852020,0,9535071,0,B,42900,200,
000055.SZ,000055,20251209,94852040,0,9535156,0,S,42900,300,
000055.SZ,000055,20251209,94852350,0,9536574,0,B,42900,4000,
000055.SZ,000055,20251209,94854320,0,9546073,0,S,43000,200,
000055.SZ,000055,20251209,94854500,0,9547396,0,S,43000,100,
000055.SZ,000055,20251209,94854500,0,9547403,0,S,42900,100,
000055.SZ,000055,20251209,94854750,0,9548777,0,B,42900,3000,
000055.SZ,000055,20251209,94856340,0,9556653,0,B,42900,200,
000055.SZ,000055,20251209,94856410,0,9556975,0,B,42900,100,
000055.SZ,000055,20251209,94856510,0,9557353,0,S,43000,4800,
000055.SZ,000055,20251209,94856560,0,9557541,0,B,42900,100,
000055.SZ,000055,20251209,94856900,0,9558728,0,B,42900,1000,
000055.SZ,000055,20251209,94857530,0,9561748,0,S,43000,1000,
000055.SZ,000055,20251209,94859770,0,9573531,0,B,42900,1100,
000055.SZ,000055,20251209,94902240,0,9587108,0,S,43000,200,
000055.SZ,000055,20251209,94902250,0,9587160,0,S,43000,300,
000055.SZ,000055,20251209,94902250,0,9587175,0,S,43000,300,
000055.SZ,000055,20251209,94902280,0,9587666,0,S,43000,300,
000055.SZ,000055,20251209,94902290,0,9587739,0,S,43000,300,
000055.SZ,000055,20251209,94903770,0,9594876,0,S,43000,1300,
000055.SZ,000055,20251209,94903770,0,9594877,0,S,42900,200,
000055.SZ,000055,20251209,94903860,0,9595321,0,S,43000,200,
000055.SZ,000055,20251209,94904700,0,9600156,0,S,42900,200,
000055.SZ,000055,20251209,94904890,0,9601071,0,B,43500,1900,
000055.SZ,000055,20251209,94906330,0,9608234,0,S,42900,1300,
000055.SZ,000055,20251209,94906770,0,9610579,0,S,43000,200,
000055.SZ,000055,20251209,94906820,0,9610837,0,S,43000,100,
000055.SZ,000055,20251209,94906820,0,9610843,0,S,43000,600,
000055.SZ,000055,20251209,94906850,0,9610998,0,S,42900,100,
000055.SZ,000055,20251209,94907170,0,9613092,0,S,43000,200,
000055.SZ,000055,20251209,94907590,0,9615292,0,S,43000,11100,
000055.SZ,000055,20251209,94907950,0,9617003,0,S,43000,100,
000055.SZ,000055,20251209,94908120,0,9618033,0,S,43100,1400,
000055.SZ,000055,20251209,94909280,0,9623502,0,S,43000,200,
000055.SZ,000055,20251209,94909410,0,9624289,0,S,43000,300,
000055.SZ,000055,20251209,94909620,0,9625496,0,S,43000,1200,
000055.SZ,000055,20251209,94909630,0,9625576,0,S,43000,100,
000055.SZ,000055,20251209,94909780,0,9626226,0,S,43000,200,
000055.SZ,000055,20251209,94909800,0,9626334,0,S,43000,100,
000055.SZ,000055,20251209,94912400,0,9638874,0,S,43000,800,
000055.SZ,000055,20251209,94912440,0,9639000,0,S,43000,100,
000055.SZ,000055,20251209,94912510,0,9639382,0,S,43000,1500,
000055.SZ,000055,20251209,94912650,0,9639936,0,S,42900,100,
000055.SZ,000055,20251209,94912740,0,9640419,0,S,42900,100,
000055.SZ,000055,20251209,94913440,0,9643490,0,S,43500,4900,
000055.SZ,000055,20251209,94915540,0,9653551,0,S,43000,1500,
000055.SZ,000055,20251209,94915580,0,9653680,0,S,42900,100,
000055.SZ,000055,20251209,94917110,0,9660464,0,B,43000,20000,
000055.SZ,000055,20251209,94917520,0,9662118,0,S,43100,600,
000055.SZ,000055,20251209,94917560,0,9662302,0,B,42900,600,
000055.SZ,000055,20251209,94921730,0,9680612,0,S,42900,500,
000055.SZ,000055,20251209,94927480,0,9705137,0,B,42900,500,
000055.SZ,000055,20251209,94933260,0,9729469,0,B,42900,13000,
000055.SZ,000055,20251209,94935470,0,9739185,0,B,42700,3000,
000055.SZ,000055,20251209,94935480,0,9739237,0,B,42800,100,
000055.SZ,000055,20251209,94942040,0,9766600,0,B,42900,1200,
000055.SZ,000055,20251209,94950310,0,9799950,0,S,42900,200,
000055.SZ,000055,20251209,94952500,0,9809678,0,S,43000,500,
000055.SZ,000055,20251209,94952710,0,9810722,0,S,43100,2400,
000055.SZ,000055,20251209,94954440,0,9818560,0,S,43100,1500,
000055.SZ,000055,20251209,94954680,0,9819657,0,S,43000,200,
000055.SZ,000055,20251209,94959290,0,9839150,0,S,43000,300,
000055.SZ,000055,20251209,94959960,0,9842528,0,S,43100,3900,
000055.SZ,000055,20251209,95001780,0,9853627,0,S,43100,600,
000055.SZ,000055,20251209,95001850,0,9853987,0,S,43100,900,
000055.SZ,000055,20251209,95006000,0,9875498,0,S,42900,100,
000055.SZ,000055,20251209,95006180,0,9876361,0,S,42900,100,
000055.SZ,000055,20251209,95006360,0,9877526,0,S,43100,1400,
000055.SZ,000055,20251209,95008240,0,9888332,0,S,44200,500,
000055.SZ,000055,20251209,95013460,0,9911734,0,S,43100,2400,
000055.SZ,000055,20251209,95016790,0,9927316,0,S,42800,400,
000055.SZ,000055,20251209,95022460,0,9961882,0,B,42700,100,
000055.SZ,000055,20251209,95023790,0,9968221,0,S,42900,500,
000055.SZ,000055,20251209,95029880,0,9997806,0,S,42900,1000,
000055.SZ,000055,20251209,95030360,0,10000380,0,B,43000,400,
000055.SZ,000055,20251209,95031300,0,10005298,0,S,47500,6000,
000055.SZ,000055,20251209,95035110,0,10023434,0,B,42700,1000,
000055.SZ,000055,20251209,95035120,0,10023461,0,B,42900,100,
000055.SZ,000055,20251209,95035120,0,10023477,0,B,42900,100,
000055.SZ,000055,20251209,95035120,0,10023478,0,B,42900,100,
000055.SZ,000055,20251209,95035120,0,10023479,0,B,42900,100,
000055.SZ,000055,20251209,95035120,0,10023485,0,B,42900,100,
000055.SZ,000055,20251209,95035130,0,10023509,0,B,42900,100,
000055.SZ,000055,20251209,95035440,0,10024840,0,S,43000,5000,
000055.SZ,000055,20251209,95041810,0,10054041,0,S,42900,100,
000055.SZ,000055,20251209,95041820,0,10054064,0,B,42900,100,
000055.SZ,000055,20251209,95041820,0,10054066,0,B,42900,100,
000055.SZ,000055,20251209,95041820,0,10054067,0,B,42900,100,
000055.SZ,000055,20251209,95041820,0,10054068,0,B,42900,100,
000055.SZ,000055,20251209,95041820,0,10054072,0,B,42900,100,
000055.SZ,000055,20251209,95041820,0,10054073,0,B,42900,100,
000055.SZ,000055,20251209,95041820,0,10054074,0,B,42900,100,
000055.SZ,000055,20251209,95041820,0,10054076,0,B,42900,100,
000055.SZ,000055,20251209,95041820,0,10054077,0,B,42900,100,
000055.SZ,000055,20251209,95041820,0,10054078,0,B,42900,100,
000055.SZ,000055,20251209,95041820,0,10054079,0,B,42900,100,
000055.SZ,000055,20251209,95041820,0,10054082,0,B,42900,100,
000055.SZ,000055,20251209,95041830,0,10054085,0,B,42900,100,
000055.SZ,000055,20251209,95041840,0,10054124,0,B,42900,100,
000055.SZ,000055,20251209,95041860,0,10054190,0,B,42900,100,
000055.SZ,000055,20251209,95041930,0,10054394,0,S,43000,4900,
000055.SZ,000055,20251209,95045010,0,10071328,0,S,43000,4900,
000055.SZ,000055,20251209,95045390,0,10073705,0,S,42900,1300,
000055.SZ,000055,20251209,95048580,0,10090232,0,S,42900,2400,
000055.SZ,000055,20251209,95048790,0,10091469,0,S,42900,1200,
000055.SZ,000055,20251209,95049570,0,10095977,0,S,42900,700,
000055.SZ,000055,20251209,95051660,0,10105592,0,S,42900,2200,
000055.SZ,000055,20251209,95051990,0,10107073,0,S,42900,2400,
000055.SZ,000055,20251209,95052000,0,10107097,0,S,42900,500,
000055.SZ,000055,20251209,95052350,0,10109040,0,S,42700,1400,
000055.SZ,000055,20251209,95052350,0,10109047,0,S,42700,10000,
000055.SZ,000055,20251209,95052390,0,10109216,0,S,42900,200,
000055.SZ,000055,20251209,95052390,0,10109218,0,S,42900,500,
000055.SZ,000055,20251209,95052420,0,10109391,0,S,42900,300,
000055.SZ,000055,20251209,95052420,0,10109394,0,S,42900,100,
000055.SZ,000055,20251209,95052420,0,10109408,0,S,42900,100,
000055.SZ,000055,20251209,95052430,0,10109414,0,S,42900,1100,
000055.SZ,000055,20251209,95052460,0,10109586,0,S,42900,800,
000055.SZ,000055,20251209,95052460,0,10109588,0,S,42900,100,
000055.SZ,000055,20251209,95052520,0,10109826,0,S,42900,200,
000055.SZ,000055,20251209,95052550,0,10110063,0,B,42900,400,
000055.SZ,000055,20251209,95052550,0,10110086,0,S,42900,4000,
000055.SZ,000055,20251209,95053000,0,10112107,0,S,42900,1300,
000055.SZ,000055,20251209,95053000,0,10112111,0,S,42900,400,
000055.SZ,000055,20251209,95053020,0,10112199,0,S,42900,100,
000055.SZ,000055,20251209,95053020,0,10112218,0,S,42900,100,
000055.SZ,000055,20251209,95053080,0,10112487,0,S,42900,100,
000055.SZ,000055,20251209,95053920,0,10116212,0,S,42900,100,
000055.SZ,000055,20251209,95054020,0,10116578,0,S,42900,500,
000055.SZ,000055,20251209,95054170,0,10117093,0,S,42900,100,
000055.SZ,000055,20251209,95054190,0,10117217,0,S,42900,100,
000055.SZ,000055,20251209,95054710,0,10119388,0,S,42900,1300,
000055.SZ,000055,20251209,95054790,0,10119736,0,S,42900,1200,
000055.SZ,000055,20251209,95054820,0,10119887,0,B,42900,2400,
000055.SZ,000055,20251209,95054920,0,10120371,0,S,42900,1200,
000055.SZ,000055,20251209,95056170,0,10126537,0,B,42800,4000,
000055.SZ,000055,20251209,95058890,0,10138679,0,S,42900,20500,
000055.SZ,000055,20251209,95058890,0,10138727,0,S,42900,10900,
000055.SZ,000055,20251209,95058890,0,10138764,0,B,42900,100,
000055.SZ,000055,20251209,95058900,0,10138776,0,S,42900,100,
000055.SZ,000055,20251209,95058910,0,10138838,0,B,42900,100,
000055.SZ,000055,20251209,95058910,0,10138840,0,B,42900,100,
000055.SZ,000055,20251209,95058910,0,10138842,0,B,42900,100,
000055.SZ,000055,20251209,95058910,0,10138847,0,B,42900,100,
000055.SZ,000055,20251209,95058920,0,10138863,0,B,42900,100,
000055.SZ,000055,20251209,95058920,0,10138873,0,S,42900,500,
000055.SZ,000055,20251209,95058920,0,10138897,0,S,43000,10700,
000055.SZ,000055,20251209,95058930,0,10138913,0,B,42900,100,
000055.SZ,000055,20251209,95058930,0,10138916,0,B,42900,100,
000055.SZ,000055,20251209,95058930,0,10138920,0,S,43000,1800,
000055.SZ,000055,20251209,95058930,0,10138928,0,S,42900,100,
000055.SZ,000055,20251209,95058930,0,10138930,0,S,42900,100,
000055.SZ,000055,20251209,95058940,0,10138937,0,B,42900,100,
000055.SZ,000055,20251209,95058940,0,10138969,0,B,42900,100,
000055.SZ,000055,20251209,95058940,0,10138971,0,S,42900,100,
000055.SZ,000055,20251209,95058940,0,10138977,0,B,42900,100,
000055.SZ,000055,20251209,95058940,0,10139003,0,S,42900,100,
000055.SZ,000055,20251209,95058950,0,10139033,0,S,42900,100,
000055.SZ,000055,20251209,95058970,0,10139091,0,S,42900,100,
000055.SZ,000055,20251209,95058980,0,10139140,0,S,42900,10700,
000055.SZ,000055,20251209,95058990,0,10139236,0,S,42900,100,
000055.SZ,000055,20251209,95059000,0,10139244,0,S,42900,2000,
000055.SZ,000055,20251209,95059350,0,10142207,0,S,43000,600,
000055.SZ,000055,20251209,95059350,0,10142209,0,B,42800,600,
000055.SZ,000055,20251209,95059400,0,10142528,0,S,42900,300,
000055.SZ,000055,20251209,95059400,0,10142529,0,S,42900,300,
000055.SZ,000055,20251209,95059410,0,10142535,0,S,42900,300,
000055.SZ,000055,20251209,95059420,0,10142619,0,S,42900,300,
000055.SZ,000055,20251209,95059500,0,10143084,0,S,42900,200,
000055.SZ,000055,20251209,95100310,0,10146697,0,S,42900,100,
000055.SZ,000055,20251209,95100520,0,10147976,0,S,42900,100,
000055.SZ,000055,20251209,95100810,0,10149715,0,B,42800,700,
000055.SZ,000055,20251209,95101120,0,10151252,0,S,42900,100,
000055.SZ,000055,20251209,95101170,0,10151520,0,S,42900,6100,
000055.SZ,000055,20251209,95101520,0,10153460,0,S,42900,1400,
000055.SZ,000055,20251209,95102540,0,10159582,0,S,42900,400,
000055.SZ,000055,20251209,95103210,0,10162620,0,B,42800,3300,
000055.SZ,000055,20251209,95103520,0,10164097,0,S,42900,1300,
000055.SZ,000055,20251209,95103730,0,10165161,0,S,42800,500,
000055.SZ,000055,20251209,95105700,0,10176530,0,B,42500,900,
000055.SZ,000055,20251209,95106520,0,10180304,0,S,42900,1200,
000055.SZ,000055,20251209,95106570,0,10180561,0,S,42900,600,
000055.SZ,000055,20251209,95107020,0,10182796,0,B,42800,1000,
000055.SZ,000055,20251209,95109520,0,10196103,0,S,42900,1100,
000055.SZ,000055,20251209,95112520,0,10208422,0,S,42900,1000,
000055.SZ,000055,20251209,95115160,0,10220007,0,S,42900,2000,
000055.SZ,000055,20251209,95115520,0,10222173,0,S,42900,900,
000055.SZ,000055,20251209,95116020,0,10224916,0,S,43600,300,
000055.SZ,000055,20251209,95118520,0,10236041,0,S,42900,900,
000055.SZ,000055,20251209,95118750,0,10237076,0,S,42900,2000,
000055.SZ,000055,20251209,95119750,0,10241854,0,S,42900,1000,
000055.SZ,000055,20251209,95121520,0,10249320,0,S,42900,800,
000055.SZ,000055,20251209,95122730,0,10255177,0,S,42900,700,
000055.SZ,000055,20251209,95123490,0,10258570,0,B,42300,300,
000055.SZ,000055,20251209,95124360,0,10262538,0,S,42800,200,
000055.SZ,000055,20251209,95124360,0,10262548,0,S,42800,100,
000055.SZ,000055,20251209,95131320,0,10293402,0,B,42800,400,
000055.SZ,000055,20251209,95133210,0,10300877,0,S,42800,1300,
000055.SZ,000055,20251209,95133230,0,10300991,0,S,42900,200,
000055.SZ,000055,20251209,95133520,0,10302144,0,S,42900,1100,
000055.SZ,000055,20251209,95136240,0,10314986,0,S,42900,600,
000055.SZ,000055,20251209,95136240,0,10314991,0,S,42900,200,
000055.SZ,000055,20251209,95136250,0,10315003,0,B,42800,400,
000055.SZ,000055,20251209,95136290,0,10315148,0,S,42900,100,
000055.SZ,000055,20251209,95136330,0,10315373,0,S,42900,200,
000055.SZ,000055,20251209,95139330,0,10329212,0,S,42900,200,
000055.SZ,000055,20251209,95139350,0,10329371,0,S,42800,1200,
000055.SZ,000055,20251209,95139370,0,10329448,0,S,42800,100,
000055.SZ,000055,20251209,95139370,0,10329456,0,S,42800,200,
000055.SZ,000055,20251209,95139380,0,10329463,0,S,42900,100,
000055.SZ,000055,20251209,95139380,0,10329479,0,S,42800,300,
000055.SZ,000055,20251209,95141890,0,10340558,0,B,42800,20000,
000055.SZ,000055,20251209,95142250,0,10342355,0,S,42800,1500,
000055.SZ,000055,20251209,95142260,0,10342495,0,S,42800,100,
000055.SZ,000055,20251209,95142280,0,10342545,0,S,42800,800,
000055.SZ,000055,20251209,95142940,0,10345869,0,B,42800,100,
000055.SZ,000055,20251209,95143320,0,10347869,0,S,47300,10000,
000055.SZ,000055,20251209,95144510,0,10352891,0,B,42700,8300,
000055.SZ,000055,20251209,95145500,0,10356588,0,S,42800,1500,
000055.SZ,000055,20251209,95154310,0,10396071,0,S,42800,500,
000055.SZ,000055,20251209,95156340,0,10405179,0,B,42800,1800,
000055.SZ,000055,20251209,95156970,0,10407545,0,S,42900,5100,
000055.SZ,000055,20251209,95157260,0,10408699,0,S,42900,200,
000055.SZ,000055,20251209,95157750,0,10410716,0,S,42800,500,
000055.SZ,000055,20251209,95157820,0,10411038,0,S,42900,200,
000055.SZ,000055,20251209,95200410,0,10421228,0,S,42800,300,
000055.SZ,000055,20251209,95203010,0,10434714,0,S,42900,100,
000055.SZ,000055,20251209,95203360,0,10437435,0,S,42800,800,
000055.SZ,000055,20251209,95203520,0,10438194,0,S,42800,800,
000055.SZ,000055,20251209,95204350,0,10442768,0,S,42800,200,
000055.SZ,000055,20251209,95204350,0,10442770,0,S,42800,300,
000055.SZ,000055,20251209,95204350,0,10442772,0,S,42800,1100,
000055.SZ,000055,20251209,95204350,0,10442797,0,S,42900,100,
000055.SZ,000055,20251209,95204350,0,10442798,0,S,42900,100,
000055.SZ,000055,20251209,95204390,0,10442994,0,S,42800,100,
000055.SZ,000055,20251209,95204520,0,10443722,0,S,42800,200,
000055.SZ,000055,20251209,95204530,0,10443727,0,S,42800,700,
000055.SZ,000055,20251209,95204530,0,10443735,0,S,42800,1400,
000055.SZ,000055,20251209,95204530,0,10443765,0,S,42900,6000,
000055.SZ,000055,20251209,95204800,0,10444973,0,S,42800,100,
000055.SZ,000055,20251209,95204830,0,10445123,0,S,42800,1100,
000055.SZ,000055,20251209,95204830,0,10445125,0,S,42800,1000,
000055.SZ,000055,20251209,95204830,0,10445128,0,S,42800,400,
000055.SZ,000055,20251209,95204830,0,10445132,0,S,42800,400,
000055.SZ,000055,20251209,95204960,0,10445681,0,S,42800,400,
000055.SZ,000055,20251209,95205020,0,10445974,0,S,42800,500,
000055.SZ,000055,20251209,95205050,0,10446157,0,B,42400,700,
000055.SZ,000055,20251209,95205050,0,10446158,0,S,43200,700,
000055.SZ,000055,20251209,95206180,0,10451403,0,S,43000,2700,
000055.SZ,000055,20251209,95206350,0,10452605,0,S,42800,2100,
000055.SZ,000055,20251209,95206520,0,10453445,0,S,42800,2100,
000055.SZ,000055,20251209,95206520,0,10453451,0,S,42800,1100,
000055.SZ,000055,20251209,95206530,0,10453494,0,S,42800,5800,
000055.SZ,000055,20251209,95206720,0,10454626,0,B,42700,8800,
000055.SZ,000055,20251209,95209240,0,10467451,0,S,42900,100,
000055.SZ,000055,20251209,95209320,0,10468092,0,B,42800,1000,
000055.SZ,000055,20251209,95209330,0,10468178,0,B,42800,1600,
000055.SZ,000055,20251209,95209530,0,10469495,0,S,42800,100,
000055.SZ,000055,20251209,95210400,0,10474606,0,S,43100,5000,
000055.SZ,000055,20251209,95211190,0,10478365,0,S,42700,5200,
000055.SZ,000055,20251209,95211570,0,10480264,0,S,42800,100,
000055.SZ,000055,20251209,95217830,0,10511215,0,B,42700,50000,
000055.SZ,000055,20251209,95219070,0,10517771,0,S,42900,5200,
000055.SZ,000055,20251209,95220260,0,10523141,0,S,43000,5000,
000055.SZ,000055,20251209,95220270,0,10523162,0,S,42900,100,
000055.SZ,000055,20251209,95220270,0,10523164,0,S,42900,100,
000055.SZ,000055,20251209,95222760,0,10535227,0,S,47500,10000,
000055.SZ,000055,20251209,95224230,0,10541479,0,S,42900,100,
000055.SZ,000055,20251209,95226180,0,10550251,0,S,42900,100,
000055.SZ,000055,20251209,95232300,0,10576145,0,B,42300,400,
000055.SZ,000055,20251209,95232660,0,10577587,0,S,47500,8000,
000055.SZ,000055,20251209,95233750,0,10582552,0,S,42800,600,
000055.SZ,000055,20251209,95235420,0,10590134,0,S,42900,100,
000055.SZ,000055,20251209,95235730,0,10591528,0,B,42700,1000,
000055.SZ,000055,20251209,95239800,0,10608458,0,S,42700,5700,
000055.SZ,000055,20251209,95241370,0,10615370,0,B,43000,100,
000055.SZ,000055,20251209,95242930,0,10622479,0,S,42900,5400,
000055.SZ,000055,20251209,95248360,0,10646410,0,B,42800,100,
000055.SZ,000055,20251209,95248420,0,10646709,0,B,42800,100,
000055.SZ,000055,20251209,95248540,0,10647103,0,B,42800,200,
000055.SZ,000055,20251209,95249340,0,10651139,0,B,42800,1700,
000055.SZ,000055,20251209,95249610,0,10652290,0,B,42900,100,
000055.SZ,000055,20251209,95250170,0,10654486,0,S,43800,1000,
000055.SZ,000055,20251209,95250190,0,10654615,0,B,41500,600,
000055.SZ,000055,20251209,95250450,0,10655889,0,B,42800,200,
000055.SZ,000055,20251209,95250910,0,10657598,0,B,42800,100,
000055.SZ,000055,20251209,95251400,0,10659647,0,B,42800,100,
000055.SZ,000055,20251209,95253900,0,10671168,0,B,42800,100,
000055.SZ,000055,20251209,95254010,0,10671533,0,B,42800,100,
000055.SZ,000055,20251209,95254910,0,10675292,0,B,42800,100,
000055.SZ,000055,20251209,95255390,0,10677573,0,B,42800,100,
000055.SZ,000055,20251209,95257150,0,10683817,0,B,42600,6100,
000055.SZ,000055,20251209,95257810,0,10686849,0,B,42500,2300,
000055.SZ,000055,20251209,95259120,0,10692349,0,S,42900,3200,
000055.SZ,000055,20251209,95302560,0,10708814,0,B,42800,200,
000055.SZ,000055,20251209,95307640,0,10730146,0,S,42900,400,
000055.SZ,000055,20251209,95307640,0,10730166,0,S,42900,500,
000055.SZ,000055,20251209,95307650,0,10730192,0,S,42900,100,
000055.SZ,000055,20251209,95308550,0,10733871,0,B,39000,100,
000055.SZ,000055,20251209,95313680,0,10756368,0,B,42500,6100,
000055.SZ,000055,20251209,95313690,0,10756375,0,S,42900,100,
000055.SZ,000055,20251209,95313690,0,10756378,0,S,42900,100,
000055.SZ,000055,20251209,95315150,0,10762021,0,S,42900,100,
000055.SZ,000055,20251209,95315870,0,10764757,0,B,42800,100,
000055.SZ,000055,20251209,95317930,0,10772899,0,B,42800,1200,
000055.SZ,000055,20251209,95317950,0,10772972,0,S,42900,100,
000055.SZ,000055,20251209,95320850,0,10785750,0,B,42900,2300,
000055.SZ,000055,20251209,95321150,0,10786814,0,B,42800,200,
000055.SZ,000055,20251209,95324150,0,10800264,0,S,42900,100,
000055.SZ,000055,20251209,95324150,0,10800268,0,S,42900,100,
000055.SZ,000055,20251209,95324150,0,10800277,0,S,42900,100,
000055.SZ,000055,20251209,95324150,0,10800286,0,S,42900,600,
000055.SZ,000055,20251209,95325590,0,10806776,0,S,42900,2200,
000055.SZ,000055,20251209,95330260,0,10824713,0,S,42900,100,
000055.SZ,000055,20251209,95330260,0,10824717,0,S,42900,400,
000055.SZ,000055,20251209,95333150,0,10835832,0,S,42900,100,
000055.SZ,000055,20251209,95334800,0,10842427,0,B,42600,1000,
000055.SZ,000055,20251209,95336190,0,10847350,0,S,42900,100,
000055.SZ,000055,20251209,95337750,0,10853632,0,S,42800,500,
000055.SZ,000055,20251209,95337780,0,10853770,0,S,42900,500,
000055.SZ,000055,20251209,95343290,0,10874195,0,B,42800,200,
000055.SZ,000055,20251209,95343310,0,10874335,0,S,42900,100,
000055.SZ,000055,20251209,95353450,0,10914003,0,S,42900,2400,
000055.SZ,000055,20251209,95355000,0,10920693,0,S,42700,7500,
000055.SZ,000055,20251209,95355650,0,10923681,0,S,42900,3300,
000055.SZ,000055,20251209,95359680,0,10939610,0,S,43000,4900,
000055.SZ,000055,20251209,95405850,0,10967600,0,B,42500,2000,
000055.SZ,000055,20251209,95406320,0,10969580,0,S,42900,200,
000055.SZ,000055,20251209,95408080,0,10977405,0,S,42900,100,
000055.SZ,000055,20251209,95408740,0,10980770,0,B,42700,1200,
000055.SZ,000055,20251209,95409260,0,10982732,0,S,42900,200,
000055.SZ,000055,20251209,95409260,0,10982734,0,S,42900,600,
000055.SZ,000055,20251209,95409270,0,10982830,0,S,42900,100,
000055.SZ,000055,20251209,95409370,0,10983414,0,S,42900,200,
000055.SZ,000055,20251209,95412200,0,10994971,0,S,42900,200,
000055.SZ,000055,20251209,95412220,0,10995096,0,S,42800,100,
000055.SZ,000055,20251209,95412250,0,10995224,0,S,42800,1600,
000055.SZ,000055,20251209,95416580,0,11013660,0,S,42800,600,
000055.SZ,000055,20251209,95416690,0,11014065,0,B,42800,300,
000055.SZ,000055,20251209,95418230,0,11019879,0,S,42900,100,
000055.SZ,000055,20251209,95421450,0,11033722,0,S,42900,1100,
000055.SZ,000055,20251209,95423730,0,11042456,0,S,42800,600,
000055.SZ,000055,20251209,95429890,0,11066301,0,S,42800,5000,
000055.SZ,000055,20251209,95436810,0,11094709,0,B,42700,5000,
000055.SZ,000055,20251209,95437610,0,11098192,0,S,42800,100,
000055.SZ,000055,20251209,95437610,0,11098194,0,S,42800,100,
000055.SZ,000055,20251209,95437610,0,11098196,0,S,42800,700,
000055.SZ,000055,20251209,95437610,0,11098200,0,S,42800,300,
000055.SZ,000055,20251209,95439250,0,11104434,0,S,42900,200,
000055.SZ,000055,20251209,95442610,0,11117781,0,B,42700,1100,
000055.SZ,000055,20251209,95445210,0,11127863,0,B,42900,100,
000055.SZ,000055,20251209,95445800,0,11130229,0,S,42800,200,
000055.SZ,000055,20251209,95447450,0,11136680,0,B,42800,200,
000055.SZ,000055,20251209,95447450,0,11136697,0,S,42900,100,
000055.SZ,000055,20251209,95449650,0,11146084,0,S,42900,100,
000055.SZ,000055,20251209,95452710,0,11157618,0,B,42800,20000,
000055.SZ,000055,20251209,95459700,0,11183371,0,B,42800,35000,
000055.SZ,000055,20251209,95500650,0,11187485,0,S,42900,1400,
000055.SZ,000055,20251209,95503370,0,11198555,0,B,42800,1700,
000055.SZ,000055,20251209,95509740,0,11223074,0,S,42800,500,
000055.SZ,000055,20251209,95512270,0,11232755,0,S,47500,2200,
000055.SZ,000055,20251209,95512700,0,11234815,0,S,43300,500,
000055.SZ,000055,20251209,95512940,0,11235650,0,S,42900,10000,
000055.SZ,000055,20251209,95516520,0,11248990,0,B,42700,35000,
000055.SZ,000055,20251209,95518900,0,11258927,0,S,43400,4900,
000055.SZ,000055,20251209,95522350,0,11277743,0,B,42800,1800,
000055.SZ,000055,20251209,95522770,0,11279842,0,B,42800,800,
000055.SZ,000055,20251209,95524400,0,11286841,0,S,42900,1400,
000055.SZ,000055,20251209,95528210,0,11302747,0,S,42700,1000,
000055.SZ,000055,20251209,95528260,0,11303083,0,B,42600,35000,
000055.SZ,000055,20251209,95537030,0,11343272,0,B,42900,5000,
000055.SZ,000055,20251209,95537040,0,11343305,0,B,42800,200,
000055.SZ,000055,20251209,95537040,0,11343313,0,B,42800,200,
000055.SZ,000055,20251209,95537040,0,11343314,0,B,42800,200,
000055.SZ,000055,20251209,95537050,0,11343328,0,B,42800,200,
000055.SZ,000055,20251209,95539500,0,11353440,0,B,42800,200,
000055.SZ,000055,20251209,95539510,0,11353467,0,B,42800,200,
000055.SZ,000055,20251209,95539510,0,11353468,0,B,42800,200,
000055.SZ,000055,20251209,95541240,0,11362331,0,B,42500,35000,
000055.SZ,000055,20251209,95541250,0,11362356,0,B,42800,300,
000055.SZ,000055,20251209,95541340,0,11362709,0,S,45600,2200,
000055.SZ,000055,20251209,95541360,0,11362759,0,B,42800,200,
000055.SZ,000055,20251209,95545530,0,11382598,0,B,42700,1000,
000055.SZ,000055,20251209,95548360,0,11395404,0,B,42300,3000,
000055.SZ,000055,20251209,95550230,0,11403677,0,B,42800,1000,
000055.SZ,000055,20251209,95550650,0,11405312,0,B,41000,500,
000055.SZ,000055,20251209,95558570,0,11434447,0,S,43100,5000,
000055.SZ,000055,20251209,95558830,0,11435236,0,S,42800,500,
000055.SZ,000055,20251209,95608000,0,11472582,0,S,42900,200,
000055.SZ,000055,20251209,95609450,0,11480108,0,S,42700,5000,
000055.SZ,000055,20251209,95611890,0,11490681,0,S,42900,1300,
000055.SZ,000055,20251209,95612220,0,11491958,0,S,42900,300,
000055.SZ,000055,20251209,95621280,0,11526039,0,B,41000,30000,
000055.SZ,000055,20251209,95622330,0,11530466,0,B,42400,35000,
000055.SZ,000055,20251209,95632530,0,11568939,0,B,42800,100,
000055.SZ,000055,20251209,95636130,0,11581773,0,B,42900,3600,
000055.SZ,000055,20251209,95636140,0,11581805,0,S,42900,20600,
000055.SZ,000055,20251209,95642760,0,11604740,0,S,42800,500,
000055.SZ,000055,20251209,95648290,0,11623794,0,S,42700,3900,
000055.SZ,000055,20251209,95651890,0,11639069,0,S,42800,1200,
000055.SZ,000055,20251209,95653770,0,11646999,0,S,42900,800,
000055.SZ,000055,20251209,95654010,0,11647699,0,S,42900,4900,
000055.SZ,000055,20251209,95654170,0,11648227,0,S,42900,100,
000055.SZ,000055,20251209,95655760,0,11654726,0,S,42700,2400,
000055.SZ,000055,20251209,95655760,0,11654734,0,S,42700,1400,
000055.SZ,000055,20251209,95656650,0,11657577,0,B,42800,10000,
000055.SZ,000055,20251209,95657330,0,11659541,0,S,42800,600,
000055.SZ,000055,20251209,95657330,0,11659549,0,S,42800,200,
000055.SZ,000055,20251209,95657340,0,11659564,0,B,42800,100,
000055.SZ,000055,20251209,95657340,0,11659566,0,B,42800,100,
000055.SZ,000055,20251209,95657340,0,11659567,0,B,42800,100,
000055.SZ,000055,20251209,95657340,0,11659568,0,B,42800,100,
000055.SZ,000055,20251209,95657340,0,11659569,0,B,42800,100,
000055.SZ,000055,20251209,95657340,0,11659571,0,B,42800,100,
000055.SZ,000055,20251209,95657340,0,11659573,0,B,42800,100,
000055.SZ,000055,20251209,95657340,0,11659574,0,B,42800,100,
000055.SZ,000055,20251209,95657340,0,11659575,0,B,42800,100,
000055.SZ,000055,20251209,95657340,0,11659576,0,B,42800,100,
000055.SZ,000055,20251209,95657340,0,11659577,0,B,42800,100,
000055.SZ,000055,20251209,95657340,0,11659578,0,B,42800,100,
000055.SZ,000055,20251209,95657340,0,11659579,0,B,42800,100,
000055.SZ,000055,20251209,95657340,0,11659580,0,B,42800,100,
000055.SZ,000055,20251209,95657340,0,11659581,0,B,42800,100,
000055.SZ,000055,20251209,95657340,0,11659590,0,B,42800,100,
000055.SZ,000055,20251209,95657350,0,11659601,0,B,42800,100,
000055.SZ,000055,20251209,95657350,0,11659604,0,B,42800,100,
000055.SZ,000055,20251209,95657350,0,11659607,0,S,42800,100,
000055.SZ,000055,20251209,95657470,0,11659956,0,S,42800,200,
000055.SZ,000055,20251209,95700350,0,11670553,0,S,42800,200,
000055.SZ,000055,20251209,95700390,0,11670792,0,B,42800,100,
000055.SZ,000055,20251209,95700600,0,11672234,0,S,42900,800,
000055.SZ,000055,20251209,95702870,0,11682036,0,S,42800,700,
000055.SZ,000055,20251209,95704080,0,11687399,0,S,42900,100,
000055.SZ,000055,20251209,95704080,0,11687432,0,S,42900,100,
000055.SZ,000055,20251209,95706170,0,11695149,0,S,42800,100,
000055.SZ,000055,20251209,95709680,0,11709296,0,S,42800,1900,
000055.SZ,000055,20251209,95712330,0,11718898,0,S,42800,200,
000055.SZ,000055,20251209,95713620,0,11723801,0,S,43000,11000,
000055.SZ,000055,20251209,95717730,0,11739933,0,S,42700,400,
000055.SZ,000055,20251209,95726980,0,11772565,0,S,42600,700,
000055.SZ,000055,20251209,95726980,0,11772580,0,S,42900,100,
000055.SZ,000055,20251209,95733200,0,11794598,0,S,42900,200,
000055.SZ,000055,20251209,95733390,0,11795514,0,S,42900,1200,
000055.SZ,000055,20251209,95738610,0,11817110,0,S,42800,3200,
000055.SZ,000055,20251209,95739250,0,11819229,0,S,42900,100,
000055.SZ,000055,20251209,95740200,0,11822999,0,S,43000,2000,
000055.SZ,000055,20251209,95741340,0,11826871,0,S,42800,900,
000055.SZ,000055,20251209,95741370,0,11827019,0,B,42900,100,
000055.SZ,000055,20251209,95741380,0,11827057,0,B,42900,100,
000055.SZ,000055,20251209,95741400,0,11827121,0,B,42900,100,
000055.SZ,000055,20251209,95741430,0,11827197,0,B,42900,100,
000055.SZ,000055,20251209,95741430,0,11827201,0,B,42900,100,
000055.SZ,000055,20251209,95741430,0,11827204,0,B,42900,100,
000055.SZ,000055,20251209,95741440,0,11827245,0,B,42900,100,
000055.SZ,000055,20251209,95741440,0,11827254,0,B,42900,100,
000055.SZ,000055,20251209,95741440,0,11827259,0,B,42900,100,
000055.SZ,000055,20251209,95741450,0,11827281,0,B,42900,100,
000055.SZ,000055,20251209,95741480,0,11827375,0,S,44000,1000,
000055.SZ,000055,20251209,95747540,0,11852480,0,B,42800,3000,
000055.SZ,000055,20251209,95748520,0,11855668,0,S,42700,1800,
000055.SZ,000055,20251209,95748550,0,11855762,0,B,42900,100,
000055.SZ,000055,20251209,95749110,0,11858011,0,S,43000,1100,
000055.SZ,000055,20251209,95749280,0,11858658,0,S,42700,1500,
000055.SZ,000055,20251209,95750070,0,11861741,0,S,42700,1100,
000055.SZ,000055,20251209,95754750,0,11880513,0,S,42700,700,
000055.SZ,000055,20251209,95755920,0,11884918,0,S,42700,700,
000055.SZ,000055,20251209,95756300,0,11886505,0,S,42700,700,
000055.SZ,000055,20251209,95803640,0,11916898,0,B,42500,5000,
000055.SZ,000055,20251209,95803640,0,11916915,0,S,42900,100,
000055.SZ,000055,20251209,95803650,0,11916922,0,S,42900,100,
000055.SZ,000055,20251209,95804240,0,11919263,0,S,42800,1000,
000055.SZ,000055,20251209,95804250,0,11919318,0,S,42900,100,
000055.SZ,000055,20251209,95806150,0,11927332,0,S,42900,100,
000055.SZ,000055,20251209,95806200,0,11927462,0,S,42800,100,
000055.SZ,000055,20251209,95806530,0,11929003,0,S,42900,1000,
000055.SZ,000055,20251209,95809270,0,11942988,0,S,42900,100,
000055.SZ,000055,20251209,95817810,0,11978894,0,S,43000,5000,
000055.SZ,000055,20251209,95817810,0,11978911,0,S,42900,100,
000055.SZ,000055,20251209,95818250,0,11980953,0,S,42800,200,
000055.SZ,000055,20251209,95823000,0,12002199,0,S,42900,4200,
000055.SZ,000055,20251209,95824280,0,12006722,0,S,42800,100,
000055.SZ,000055,20251209,95827010,0,12017452,0,S,42900,4900,
000055.SZ,000055,20251209,95827010,0,12017478,0,S,42900,100,
000055.SZ,000055,20251209,95827290,0,12018459,0,S,42900,1900,
000055.SZ,000055,20251209,95829740,0,12027395,0,S,42900,200,
000055.SZ,000055,20251209,95830240,0,12029425,0,S,42800,100,
000055.SZ,000055,20251209,95830890,0,12031762,0,S,42900,200,
000055.SZ,000055,20251209,95833060,0,12040247,0,B,42900,100,
000055.SZ,000055,20251209,95836900,0,12054729,0,S,42900,100,
000055.SZ,000055,20251209,95839240,0,12063226,0,S,42800,100,
000055.SZ,000055,20251209,95844330,0,12081838,0,S,42900,300,
000055.SZ,000055,20251209,95846730,0,12092252,0,S,42700,700,
000055.SZ,000055,20251209,95851220,0,12109825,0,S,42900,100,
000055.SZ,000055,20251209,95851910,0,12112564,0,B,42800,2200,
000055.SZ,000055,20251209,95852240,0,12113742,0,S,42900,2100,
000055.SZ,000055,20251209,95856740,0,12129923,0,B,42400,1600,
000055.SZ,000055,20251209,95900950,0,12147531,0,S,42800,400,
000055.SZ,000055,20251209,95900960,0,12147602,0,S,42800,6600,
000055.SZ,000055,20251209,95901000,0,12147765,0,S,42800,200,
000055.SZ,000055,20251209,95904560,0,12164645,0,S,42600,800,
000055.SZ,000055,20251209,95904580,0,12164690,0,S,42800,12800,
000055.SZ,000055,20251209,95904580,0,12164732,0,S,42900,200,
000055.SZ,000055,20251209,95904630,0,12164922,0,S,42800,100,
000055.SZ,000055,20251209,95904670,0,12165027,0,S,42800,400,
000055.SZ,000055,20251209,95906280,0,12170856,0,S,42800,100,
000055.SZ,000055,20251209,95906790,0,12172923,0,S,42800,1200,
000055.SZ,000055,20251209,95906840,0,12173270,0,S,42800,800,
000055.SZ,000055,20251209,95906840,0,12173272,0,S,42800,2300,
000055.SZ,000055,20251209,95907080,0,12174341,0,S,42800,8800,
000055.SZ,000055,20251209,95907190,0,12174829,0,S,42800,1700,
000055.SZ,000055,20251209,95907200,0,12174931,0,S,42800,19700,
000055.SZ,000055,20251209,95907200,0,12174954,0,S,42800,100,
000055.SZ,000055,20251209,95907200,0,12174956,0,S,42800,100,
000055.SZ,000055,20251209,95907200,0,12174959,0,S,42800,13200,
000055.SZ,000055,20251209,95907200,0,12174963,0,S,42800,1300,
000055.SZ,000055,20251209,95907210,0,12174969,0,S,42800,11500,
000055.SZ,000055,20251209,95907210,0,12174990,0,S,42800,12100,
000055.SZ,000055,20251209,95907210,0,12174993,0,S,42800,1800,
000055.SZ,000055,20251209,95907210,0,12174996,0,S,42800,12200,
000055.SZ,000055,20251209,95907210,0,12175024,0,S,42700,16300,
000055.SZ,000055,20251209,95907210,0,12175055,0,S,42800,900,
000055.SZ,000055,20251209,95907210,0,12175056,0,S,42800,1300,
000055.SZ,000055,20251209,95907210,0,12175059,0,S,42800,1100,
000055.SZ,000055,20251209,95907210,0,12175062,0,S,42800,100,
000055.SZ,000055,20251209,95907210,0,12175063,0,S,42800,800,
000055.SZ,000055,20251209,95907210,0,12175064,0,S,42800,1200,
000055.SZ,000055,20251209,95907210,0,12175065,0,S,42800,1200,
000055.SZ,000055,20251209,95907210,0,12175066,0,S,42800,4000,
000055.SZ,000055,20251209,95907210,0,12175072,0,B,42700,6000,
000055.SZ,000055,20251209,95907220,0,12175075,0,S,42800,4800,
000055.SZ,000055,20251209,95907220,0,12175081,0,B,42700,200,
000055.SZ,000055,20251209,95907220,0,12175084,0,B,42700,200,
000055.SZ,000055,20251209,95907220,0,12175102,0,S,42800,1200,
000055.SZ,000055,20251209,95907220,0,12175103,0,B,42700,200,
000055.SZ,000055,20251209,95907220,0,12175105,0,B,42700,200,
000055.SZ,000055,20251209,95907220,0,12175107,0,B,42700,200,
000055.SZ,000055,20251209,95907230,0,12175148,0,B,42700,200,
000055.SZ,000055,20251209,95907290,0,12175447,0,B,42700,200,
000055.SZ,000055,20251209,95907290,0,12175470,0,B,42800,100,
000055.SZ,000055,20251209,95907290,0,12175472,0,B,42800,100,
000055.SZ,000055,20251209,95907290,0,12175475,0,B,42800,100,
000055.SZ,000055,20251209,95907290,0,12175480,0,B,42800,100,
000055.SZ,000055,20251209,95907310,0,12175557,0,B,42800,100,
000055.SZ,000055,20251209,95907340,0,12175695,0,B,42800,1200,
000055.SZ,000055,20251209,95907340,0,12175720,0,B,42800,1100,
000055.SZ,000055,20251209,95907350,0,12175733,0,B,42800,1800,
000055.SZ,000055,20251209,95907350,0,12175755,0,B,42800,1700,
000055.SZ,000055,20251209,95907350,0,12175760,0,B,42800,400,
000055.SZ,000055,20251209,95907360,0,12175768,0,B,42800,1400,
000055.SZ,000055,20251209,95907360,0,12175806,0,B,42700,400,
000055.SZ,000055,20251209,95907380,0,12175849,0,B,42700,200,
000055.SZ,000055,20251209,95907920,0,12178539,0,B,42700,600,
000055.SZ,000055,20251209,95907920,0,12178540,0,S,42900,600,
000055.SZ,000055,20251209,95908120,0,12179459,0,S,42800,300,
000055.SZ,000055,20251209,95908120,0,12179499,0,S,42800,300,
000055.SZ,000055,20251209,95908120,0,12179518,0,S,42800,300,
000055.SZ,000055,20251209,95908130,0,12179558,0,S,42800,300,
000055.SZ,000055,20251209,95908220,0,12180059,0,S,42800,700,
000055.SZ,000055,20251209,95909290,0,12185740,0,S,42900,4900,
000055.SZ,000055,20251209,95909640,0,12187472,0,S,42800,21800,
000055.SZ,000055,20251209,95910240,0,12190507,0,B,42600,100,
000055.SZ,000055,20251209,95910450,0,12191528,0,B,42800,10400,
000055.SZ,000055,20251209,95910460,0,12191566,0,B,42700,200,
000055.SZ,000055,20251209,95910490,0,12191770,0,B,42700,1200,
000055.SZ,000055,20251209,95911140,0,12194888,0,S,42800,100,
000055.SZ,000055,20251209,95911420,0,12196189,0,B,43100,100,
000055.SZ,000055,20251209,95911620,0,12196863,0,S,42400,100,
000055.SZ,000055,20251209,95912050,0,12198451,0,B,42900,100,
000055.SZ,000055,20251209,95912320,0,12199707,0,S,44800,1000,
000055.SZ,000055,20251209,95912920,0,12202607,0,B,42700,900,
000055.SZ,000055,20251209,95912960,0,12202725,0,S,42800,1300,
000055.SZ,000055,20251209,95914150,0,12207707,0,S,43500,50000,
000055.SZ,000055,20251209,95916780,0,12219593,0,S,42600,700,
000055.SZ,000055,20251209,95917110,0,12221018,0,S,42800,100,
000055.SZ,000055,20251209,95918950,0,12228710,0,B,42700,600,
000055.SZ,000055,20251209,95919110,0,12229301,0,S,42600,5900,
000055.SZ,000055,20251209,95919150,0,12229476,0,B,42800,200,
000055.SZ,000055,20251209,95921160,0,12236871,0,S,42800,5200,
000055.SZ,000055,20251209,95921190,0,12236976,0,S,42800,100,
000055.SZ,000055,20251209,95921570,0,12238511,0,S,42800,1200,
000055.SZ,000055,20251209,95921740,0,12239268,0,S,42800,1000,
000055.SZ,000055,20251209,95921830,0,12239517,0,S,42800,2000,
000055.SZ,000055,20251209,95922090,0,12241110,0,S,42800,800,
000055.SZ,000055,20251209,95922260,0,12241784,0,S,42700,15000,
000055.SZ,000055,20251209,95922260,0,12241791,0,S,42800,2400,
000055.SZ,000055,20251209,95923840,0,12248234,0,S,42800,1300,
000055.SZ,000055,20251209,95923850,0,12248253,0,S,42800,100,
000055.SZ,000055,20251209,95923910,0,12248454,0,S,42800,200,
000055.SZ,000055,20251209,95924160,0,12249485,0,S,42800,100,
000055.SZ,000055,20251209,95927210,0,12260936,0,S,42800,100,
000055.SZ,000055,20251209,95927220,0,12260954,0,S,42800,100,
000055.SZ,000055,20251209,95927220,0,12260955,0,S,42800,200,
000055.SZ,000055,20251209,95927220,0,12260984,0,S,42800,200,
000055.SZ,000055,20251209,95927220,0,12260985,0,S,42800,200,
000055.SZ,000055,20251209,95930240,0,12272813,0,S,42800,300,
000055.SZ,000055,20251209,95930520,0,12274147,0,B,42800,100,
000055.SZ,000055,20251209,95930560,0,12274311,0,S,42700,9700,
000055.SZ,000055,20251209,95933170,0,12287992,0,B,42100,21700,
000055.SZ,000055,20251209,95933190,0,12288070,0,S,42800,300,
000055.SZ,000055,20251209,95934960,0,12296587,0,B,42800,100,
000055.SZ,000055,20251209,95935050,0,12296872,0,S,42800,500,
000055.SZ,000055,20251209,95935260,0,12297707,0,S,42700,1400,
000055.SZ,000055,20251209,95936440,0,12302803,0,S,42700,1300,
000055.SZ,000055,20251209,95937370,0,12307292,0,S,42800,40000,
000055.SZ,000055,20251209,95937580,0,12308562,0,S,42700,1200,
000055.SZ,000055,20251209,95937770,0,12309248,0,S,42700,1200,
000055.SZ,000055,20251209,95939250,0,12315543,0,B,42600,1500,
000055.SZ,000055,20251209,95941170,0,12323647,0,S,42800,1200,
000055.SZ,000055,20251209,95941180,0,12323662,0,B,42200,900,
000055.SZ,000055,20251209,95941180,0,12323679,0,S,42800,800,
000055.SZ,000055,20251209,95942450,0,12327700,0,B,42700,1400,
000055.SZ,000055,20251209,95946800,0,12345736,0,S,42600,300,
000055.SZ,000055,20251209,95946930,0,12346418,0,S,42600,5100,
000055.SZ,000055,20251209,95952540,0,12372127,0,S,42800,5100,
000055.SZ,000055,20251209,95953470,0,12375326,0,S,42800,43400,
000055.SZ,000055,20251209,95955370,0,12382730,0,S,42700,2700,
000055.SZ,000055,20251209,95957550,0,12391395,0,S,42700,100,
000055.SZ,000055,20251209,95958200,0,12394140,0,S,43100,2000,
000055.SZ,000055,20251209,95958360,0,12394812,0,S,42700,100,
000055.SZ,000055,20251209,100000700,0,12406842,0,S,42800,1300,
000055.SZ,000055,20251209,100000970,0,12408207,0,S,42700,100,
000055.SZ,000055,20251209,100001000,0,12408384,0,B,42700,4300,
000055.SZ,000055,20251209,100003170,0,12419252,0,S,42800,100,
000055.SZ,000055,20251209,100004740,0,12428151,0,B,42700,6000,
000055.SZ,000055,20251209,100006520,0,12435873,0,S,42700,1500,
000055.SZ,000055,20251209,100007080,0,12438663,0,B,42700,16300,
000055.SZ,000055,20251209,100008080,0,12444587,0,B,42700,600,
000055.SZ,000055,20251209,100008090,0,12444620,0,S,42800,100,
000055.SZ,000055,20251209,100008090,0,12444626,0,S,42800,1000,
000055.SZ,000055,20251209,100008120,0,12444760,0,S,42800,100,
000055.SZ,000055,20251209,100008480,0,12446689,0,B,42700,600,
000055.SZ,000055,20251209,100009060,0,12449208,0,B,42700,900,
000055.SZ,000055,20251209,100010320,0,12456012,0,B,42700,700,
000055.SZ,000055,20251209,100012800,0,12467788,0,S,42400,4100,
000055.SZ,000055,20251209,100012810,0,12467818,0,S,42400,10000,
000055.SZ,000055,20251209,100013230,0,12470201,0,B,42700,5000,
000055.SZ,000055,20251209,100014030,0,12474140,0,S,43000,3000,
000055.SZ,000055,20251209,100016260,0,12484056,0,B,42300,35000,
000055.SZ,000055,20251209,100016400,0,12484829,0,B,42700,4600,
000055.SZ,000055,20251209,100016520,0,12485505,0,S,42700,5200,
000055.SZ,000055,20251209,100017180,0,12489850,0,S,47300,1000,
000055.SZ,000055,20251209,100021310,0,12519466,0,S,42500,900,
000055.SZ,000055,20251209,100021710,0,12522971,0,B,42700,1700,
000055.SZ,000055,20251209,100023120,0,12533631,0,B,42700,600,
000055.SZ,000055,20251209,100027140,0,12561109,0,B,42800,3000,
000055.SZ,000055,20251209,100027190,0,12561415,0,S,42800,400,
000055.SZ,000055,20251209,100027230,0,12561679,0,B,38900,2000,
000055.SZ,000055,20251209,100029090,0,12572572,0,S,43000,11000,
000055.SZ,000055,20251209,100029090,0,12572599,0,S,42800,2100,
000055.SZ,000055,20251209,100029160,0,12572990,0,S,42800,600,
000055.SZ,000055,20251209,100031480,0,12587760,0,S,42800,600,
000055.SZ,000055,20251209,100031480,0,12587761,0,S,42800,1200,
000055.SZ,000055,20251209,100031480,0,12587762,0,S,42800,700,
000055.SZ,000055,20251209,100031490,0,12587792,0,S,42700,4500,
000055.SZ,000055,20251209,100031520,0,12587943,0,S,42800,600,
000055.SZ,000055,20251209,100031740,0,12589340,0,S,42800,200,
000055.SZ,000055,20251209,100033020,0,12596365,0,S,42700,500,
000055.SZ,000055,20251209,100033030,0,12596447,0,S,42700,600,
000055.SZ,000055,20251209,100033040,0,12596523,0,S,42700,600,
000055.SZ,000055,20251209,100033120,0,12596888,0,S,42700,500,
000055.SZ,000055,20251209,100033200,0,12597554,0,S,42700,1900,
000055.SZ,000055,20251209,100033870,0,12601509,0,S,42700,1200,
000055.SZ,000055,20251209,100035860,0,12611243,0,S,43800,1000,
000055.SZ,000055,20251209,100035860,0,12611251,0,S,42700,600,
000055.SZ,000055,20251209,100035860,0,12611255,0,S,42700,500,
000055.SZ,000055,20251209,100035860,0,12611260,0,S,42700,600,
000055.SZ,000055,20251209,100035870,0,12611279,0,S,42700,1200,
000055.SZ,000055,20251209,100035870,0,12611284,0,S,42700,600,
000055.SZ,000055,20251209,100035870,0,12611287,0,S,42700,500,
000055.SZ,000055,20251209,100035870,0,12611289,0,S,42700,700,
000055.SZ,000055,20251209,100035870,0,12611302,0,S,42700,500,
000055.SZ,000055,20251209,100035900,0,12611453,0,S,42700,600,
000055.SZ,000055,20251209,100035970,0,12611663,0,S,42700,200,
000055.SZ,000055,20251209,100036160,0,12612598,0,S,42700,300,
000055.SZ,000055,20251209,100036230,0,12613061,0,S,42800,900,
000055.SZ,000055,20251209,100036230,0,12613062,0,S,42800,1200,
000055.SZ,000055,20251209,100036230,0,12613063,0,S,42800,200,
000055.SZ,000055,20251209,100036230,0,12613067,0,S,42800,1700,
000055.SZ,000055,20251209,100036250,0,12613202,0,S,42800,1100,
000055.SZ,000055,20251209,100036250,0,12613227,0,S,42800,9000,
000055.SZ,000055,20251209,100036250,0,12613231,0,S,42800,1500,
000055.SZ,000055,20251209,100036250,0,12613237,0,S,42800,600,
000055.SZ,000055,20251209,100036250,0,12613238,0,S,42800,1200,
000055.SZ,000055,20251209,100036260,0,12613266,0,S,42800,200,
000055.SZ,000055,20251209,100036260,0,12613274,0,S,42800,800,
000055.SZ,000055,20251209,100036300,0,12613712,0,S,42800,4500,
000055.SZ,000055,20251209,100036300,0,12613727,0,S,42800,1900,
000055.SZ,000055,20251209,100036870,0,12617600,0,S,42700,1200,
000055.SZ,000055,20251209,100037090,0,12618655,0,S,42700,3300,
000055.SZ,000055,20251209,100038460,0,12625693,0,S,42800,100,
000055.SZ,000055,20251209,100038470,0,12625760,0,S,42700,600,
000055.SZ,000055,20251209,100038470,0,12625799,0,S,42700,600,
000055.SZ,000055,20251209,100038470,0,12625812,0,S,42700,500,
000055.SZ,000055,20251209,100038590,0,12626332,0,S,42700,1300,
000055.SZ,000055,20251209,100038600,0,12626381,0,S,42700,1800,
000055.SZ,000055,20251209,100038670,0,12626804,0,S,42700,1200,
000055.SZ,000055,20251209,100038770,0,12627233,0,S,42700,100,
000055.SZ,000055,20251209,100038930,0,12627999,0,S,42700,42900,
000055.SZ,000055,20251209,100039000,0,12628271,0,S,42700,500,
000055.SZ,000055,20251209,100039000,0,12628273,0,S,42700,300,
000055.SZ,000055,20251209,100039000,0,12628276,0,S,42700,500,
000055.SZ,000055,20251209,100039000,0,12628288,0,S,42700,1600,
000055.SZ,000055,20251209,100039160,0,12629152,0,S,42700,100,
000055.SZ,000055,20251209,100039200,0,12629303,0,S,42700,9100,
000055.SZ,000055,20251209,100039210,0,12629369,0,S,42700,400,
000055.SZ,000055,20251209,100039210,0,12629377,0,S,42700,7500,
000055.SZ,000055,20251209,100039240,0,12629483,0,S,42700,800,
000055.SZ,000055,20251209,100039250,0,12629529,0,S,42700,9700,
000055.SZ,000055,20251209,100039250,0,12629537,0,S,42700,300,
000055.SZ,000055,20251209,100039260,0,12629561,0,S,42700,5800,
000055.SZ,000055,20251209,100039260,0,12629567,0,S,42700,200,
000055.SZ,000055,20251209,100039260,0,12629570,0,S,42700,200,
000055.SZ,000055,20251209,100039260,0,12629572,0,S,42700,300,
000055.SZ,000055,20251209,100039260,0,12629576,0,S,42700,200,
000055.SZ,000055,20251209,100039260,0,12629578,0,S,42700,400,
000055.SZ,000055,20251209,100039260,0,12629580,0,S,42700,200,
000055.SZ,000055,20251209,100039260,0,12629582,0,S,42700,600,
000055.SZ,000055,20251209,100039260,0,12629593,0,S,42700,100,
000055.SZ,000055,20251209,100039260,0,12629595,0,S,42700,1100,
000055.SZ,000055,20251209,100039260,0,12629599,0,S,42700,400,
000055.SZ,000055,20251209,100039260,0,12629604,0,S,42700,700,
000055.SZ,000055,20251209,100039260,0,12629606,0,S,42700,500,
000055.SZ,000055,20251209,100039260,0,12629608,0,S,42700,300,
000055.SZ,000055,20251209,100039260,0,12629610,0,S,42700,800,
000055.SZ,000055,20251209,100039260,0,12629612,0,S,42700,600,
000055.SZ,000055,20251209,100039260,0,12629614,0,S,42700,300,
000055.SZ,000055,20251209,100039260,0,12629618,0,S,42700,200,
000055.SZ,000055,20251209,100039260,0,12629621,0,S,42700,700,
000055.SZ,000055,20251209,100039260,0,12629623,0,S,42700,200,
000055.SZ,000055,20251209,100039260,0,12629625,0,S,42700,300,
000055.SZ,000055,20251209,100039260,0,12629627,0,S,42700,100,
000055.SZ,000055,20251209,100039260,0,12629629,0,S,42700,1200,
000055.SZ,000055,20251209,100039260,0,12629631,0,S,42700,200,
000055.SZ,000055,20251209,100039260,0,12629633,0,S,42700,200,
000055.SZ,000055,20251209,100039260,0,12629635,0,S,42700,1000,
000055.SZ,000055,20251209,100039260,0,12629637,0,S,42700,100,
000055.SZ,000055,20251209,100039260,0,12629639,0,S,42700,100,
000055.SZ,000055,20251209,100039260,0,12629641,0,S,42700,100,
000055.SZ,000055,20251209,100039260,0,12629644,0,S,42700,100,
000055.SZ,000055,20251209,100039260,0,12629650,0,S,42700,700,
000055.SZ,000055,20251209,100039260,0,12629654,0,S,42700,200,
000055.SZ,000055,20251209,100039260,0,12629659,0,S,42700,1000,
000055.SZ,000055,20251209,100039260,0,12629671,0,S,42700,100,
000055.SZ,000055,20251209,100039270,0,12629680,0,S,42700,500,
000055.SZ,000055,20251209,100039270,0,12629681,0,S,42700,500,
000055.SZ,000055,20251209,100039270,0,12629682,0,S,42700,100,
000055.SZ,000055,20251209,100039270,0,12629683,0,S,42700,100,
000055.SZ,000055,20251209,100039270,0,12629693,0,S,42700,400,
000055.SZ,000055,20251209,100039270,0,12629696,0,S,42700,4400,
000055.SZ,000055,20251209,100039270,0,12629716,0,S,42700,100,
000055.SZ,000055,20251209,100039270,0,12629729,0,S,42700,1200,
000055.SZ,000055,20251209,100039280,0,12629841,0,B,42700,100,
000055.SZ,000055,20251209,100039280,0,12629848,0,B,42700,100,
000055.SZ,000055,20251209,100039280,0,12629857,0,B,42700,100,
000055.SZ,000055,20251209,100039290,0,12629872,0,S,42700,1300,
000055.SZ,000055,20251209,100039290,0,12629875,0,B,42700,100,
000055.SZ,000055,20251209,100039290,0,12629904,0,B,42700,100,
000055.SZ,000055,20251209,100039290,0,12629912,0,B,42700,100,
000055.SZ,000055,20251209,100039290,0,12629914,0,S,42700,100,
000055.SZ,000055,20251209,100039300,0,12629923,0,B,42700,100,
000055.SZ,000055,20251209,100039300,0,12629925,0,B,42700,100,
000055.SZ,000055,20251209,100039300,0,12629932,0,B,42700,100,
000055.SZ,000055,20251209,100039350,0,12630140,0,S,42700,62100,
000055.SZ,000055,20251209,100039370,0,12630215,0,B,42700,100,
000055.SZ,000055,20251209,100039400,0,12630418,0,S,42700,1900,
000055.SZ,000055,20251209,100039450,0,12630605,0,S,42700,200,
000055.SZ,000055,20251209,100039470,0,12630703,0,S,42700,1200,
000055.SZ,000055,20251209,100039630,0,12631410,0,B,42600,600,
000055.SZ,000055,20251209,100039630,0,12631412,0,S,42800,600,
000055.SZ,000055,20251209,100039650,0,12631518,0,S,42700,2600,
000055.SZ,000055,20251209,100039680,0,12631694,0,B,42600,5000,
000055.SZ,000055,20251209,100039690,0,12631740,0,B,42600,3000,
000055.SZ,000055,20251209,100039760,0,12632154,0,S,42700,1300,
000055.SZ,000055,20251209,100040230,0,12635359,0,B,42600,2100,
000055.SZ,000055,20251209,100040260,0,12635520,0,B,42600,2300,
000055.SZ,000055,20251209,100040350,0,12636167,0,S,42700,1200,
000055.SZ,000055,20251209,100040350,0,12636168,0,S,42700,1200,
000055.SZ,000055,20251209,100040350,0,12636169,0,S,42700,200,
000055.SZ,000055,20251209,100040350,0,12636172,0,S,42700,600,
000055.SZ,000055,20251209,100040370,0,12636360,0,S,42700,2900,
000055.SZ,000055,20251209,100040380,0,12636405,0,S,42700,1000,
000055.SZ,000055,20251209,100040950,0,12639673,0,B,42800,3500,
000055.SZ,000055,20251209,100041030,0,12639977,0,S,42700,1100,
000055.SZ,000055,20251209,100041030,0,12639988,0,S,42700,1100,
000055.SZ,000055,20251209,100041030,0,12639989,0,S,42700,700,
000055.SZ,000055,20251209,100041040,0,12640127,0,S,42700,1800,
000055.SZ,000055,20251209,100041610,0,12642895,0,S,42700,100,
000055.SZ,000055,20251209,100041620,0,12642917,0,S,42700,200,
000055.SZ,000055,20251209,100042400,0,12646790,0,S,42600,7200,
000055.SZ,000055,20251209,100042410,0,12646827,0,S,42600,100,
000055.SZ,000055,20251209,100042450,0,12647548,0,S,42600,8500,
000055.SZ,000055,20251209,100042530,0,12648746,0,B,42800,100,
000055.SZ,000055,20251209,100042600,0,12649127,0,S,42600,1900,
000055.SZ,000055,20251209,100042660,0,12649424,0,S,42600,1300,
000055.SZ,000055,20251209,100042690,0,12649725,0,S,42600,1300,
000055.SZ,000055,20251209,100042690,0,12649752,0,S,42700,6000,
000055.SZ,000055,20251209,100044100,0,12657284,0,S,42700,300,
000055.SZ,000055,20251209,100044100,0,12657285,0,S,42700,500,
000055.SZ,000055,20251209,100044100,0,12657287,0,S,42700,500,
000055.SZ,000055,20251209,100044110,0,12657305,0,S,42700,600,
000055.SZ,000055,20251209,100044110,0,12657319,0,S,42700,500,
000055.SZ,000055,20251209,100044110,0,12657320,0,S,42700,200,
000055.SZ,000055,20251209,100044110,0,12657321,0,S,42700,500,
000055.SZ,000055,20251209,100044110,0,12657322,0,S,42700,500,
000055.SZ,000055,20251209,100044110,0,12657323,0,S,42700,600,
000055.SZ,000055,20251209,100044200,0,12657728,0,S,42700,500,
000055.SZ,000055,20251209,100044240,0,12657851,0,B,42500,100,
000055.SZ,000055,20251209,100044300,0,12658037,0,S,42700,600,
000055.SZ,000055,20251209,100044370,0,12658271,0,S,42700,500,
000055.SZ,000055,20251209,100044410,0,12658502,0,S,42700,700,
000055.SZ,000055,20251209,100044420,0,12658547,0,S,42600,3600,
000055.SZ,000055,20251209,100044630,0,12659289,0,S,42700,200,
000055.SZ,000055,20251209,100045150,0,12661410,0,S,42700,200,
000055.SZ,000055,20251209,100045150,0,12661411,0,S,42700,200,
000055.SZ,000055,20251209,100045150,0,12661415,0,S,42700,1900,
000055.SZ,000055,20251209,100045160,0,12661420,0,S,42700,200,
000055.SZ,000055,20251209,100045470,0,12662803,0,S,42400,2700,
000055.SZ,000055,20251209,100045480,0,12662870,0,B,42700,200,
000055.SZ,000055,20251209,100046710,0,12670151,0,S,42500,6200,
000055.SZ,000055,20251209,100046720,0,12670173,0,S,42700,500,
000055.SZ,000055,20251209,100046720,0,12670175,0,S,42700,300,
000055.SZ,000055,20251209,100046740,0,12670288,0,S,42700,400,
000055.SZ,000055,20251209,100046800,0,12670680,0,S,42700,600,
000055.SZ,000055,20251209,100049040,0,12681255,0,S,42700,400,
000055.SZ,000055,20251209,100049060,0,12681569,0,B,42600,1300,
000055.SZ,000055,20251209,100050040,0,12686623,0,S,42700,27800,
000055.SZ,000055,20251209,100051200,0,12692053,0,B,42600,5000,
000055.SZ,000055,20251209,100052330,0,12698516,0,B,42600,4300,
000055.SZ,000055,20251209,100052340,0,12698536,0,S,42700,300,
000055.SZ,000055,20251209,100053490,0,12704172,0,S,42700,500,
000055.SZ,000055,20251209,100053490,0,12704197,0,S,42700,800,
000055.SZ,000055,20251209,100053490,0,12704198,0,S,42700,1000,
000055.SZ,000055,20251209,100053500,0,12704263,0,S,42700,1000,
000055.SZ,000055,20251209,100054240,0,12707400,0,S,42700,4100,
000055.SZ,000055,20251209,100054840,0,12709703,0,B,42200,1400,
000055.SZ,000055,20251209,100055030,0,12710413,0,B,42600,1000,
000055.SZ,000055,20251209,100056740,0,12718430,0,S,42600,2500,
000055.SZ,000055,20251209,100057020,0,12719317,0,B,42600,6000,
000055.SZ,000055,20251209,100057860,0,12722672,0,S,42700,200,
000055.SZ,000055,20251209,100057860,0,12722676,0,S,42700,700,
000055.SZ,000055,20251209,100057860,0,12722677,0,S,42700,1500,
000055.SZ,000055,20251209,100057880,0,12722795,0,S,42700,800,
000055.SZ,000055,20251209,100057880,0,12722811,0,S,42700,1900,
000055.SZ,000055,20251209,100057890,0,12722822,0,S,42700,2100,
000055.SZ,000055,20251209,100058670,0,12726842,0,B,42200,35000,
000055.SZ,000055,20251209,100059350,0,12729791,0,S,42600,10000,
000055.SZ,000055,20251209,100102160,0,12744449,0,S,42600,100,
000055.SZ,000055,20251209,100102310,0,12745142,0,B,42400,1500,
000055.SZ,000055,20251209,100104870,0,12758109,0,S,42700,2500,
000055.SZ,000055,20251209,100105500,0,12761185,0,S,42800,2800,
000055.SZ,000055,20251209,100108070,0,12774399,0,S,42700,200,
000055.SZ,000055,20251209,100108110,0,12774575,0,S,42700,100,
000055.SZ,000055,20251209,100108240,0,12775461,0,B,42400,3000,
000055.SZ,000055,20251209,100108750,0,12777850,0,S,42500,5700,
000055.SZ,000055,20251209,100109400,0,12780689,0,S,42700,13000,
000055.SZ,000055,20251209,100109400,0,12780691,0,S,42800,4000,
000055.SZ,000055,20251209,100110200,0,12785321,0,B,42600,2100,
000055.SZ,000055,20251209,100110300,0,12785951,0,B,42600,3000,
000055.SZ,000055,20251209,100113000,0,12797804,0,B,42600,500,
000055.SZ,000055,20251209,100116450,0,12815633,0,B,42600,3100,
000055.SZ,000055,20251209,100118440,0,12824176,0,B,42300,11300,
000055.SZ,000055,20251209,100119180,0,12827705,0,B,42300,20000,
000055.SZ,000055,20251209,100119330,0,12828714,0,S,42900,6000,
000055.SZ,000055,20251209,100122650,0,12845110,0,B,42600,1300,
000055.SZ,000055,20251209,100122710,0,12845296,0,B,42200,5000,
000055.SZ,000055,20251209,100124270,0,12852126,0,S,43000,600,
000055.SZ,000055,20251209,100125370,0,12857700,0,B,42100,5000,
000055.SZ,000055,20251209,100127090,0,12866012,0,S,42800,200,
000055.SZ,000055,20251209,100128540,0,12873697,0,B,42600,3000,
000055.SZ,000055,20251209,100131370,0,12888493,0,B,42600,2000,
000055.SZ,000055,20251209,100134510,0,12907077,0,S,42700,100,
000055.SZ,000055,20251209,100137770,0,12922321,0,B,42200,10000,
000055.SZ,000055,20251209,100138810,0,12926715,0,S,42500,5100,
000055.SZ,000055,20251209,100142140,0,12941048,0,S,42800,5100,
000055.SZ,000055,20251209,100143970,0,12950048,0,S,42800,200,
000055.SZ,000055,20251209,100144050,0,12950476,0,B,42100,21700,
000055.SZ,000055,20251209,100145860,0,12958959,0,S,42600,2300,
000055.SZ,000055,20251209,100146640,0,12962892,0,B,42600,2600,
000055.SZ,000055,20251209,100152350,0,12989478,0,S,42600,200,
000055.SZ,000055,20251209,100155030,0,13001872,0,B,42600,20000,
000055.SZ,000055,20251209,100156060,0,13006719,0,B,42200,200,
000055.SZ,000055,20251209,100157790,0,13014901,0,B,42300,5000,
000055.SZ,000055,20251209,100158950,0,13020518,0,B,42400,5000,
000055.SZ,000055,20251209,100159330,0,13022420,0,B,42600,7000,
000055.SZ,000055,20251209,100204390,0,13054326,0,S,42600,5000,
000055.SZ,000055,20251209,100204400,0,13054425,0,B,42600,100,
000055.SZ,000055,20251209,100204400,0,13054431,0,B,42600,100,
000055.SZ,000055,20251209,100204400,0,13054433,0,B,42600,100,
000055.SZ,000055,20251209,100204400,0,13054446,0,B,42600,100,
000055.SZ,000055,20251209,100204410,0,13054524,0,B,42600,100,
000055.SZ,000055,20251209,100204420,0,13054557,0,B,42600,100,
000055.SZ,000055,20251209,100204440,0,13054779,0,B,42600,100,
000055.SZ,000055,20251209,100209580,0,13088912,0,S,42700,100,
000055.SZ,000055,20251209,100209580,0,13088913,0,S,42700,100,
000055.SZ,000055,20251209,100212530,0,13104872,0,B,42700,3500,
000055.SZ,000055,20251209,100213910,0,13111397,0,B,42600,1900,
000055.SZ,000055,20251209,100214830,0,13115268,0,B,42500,500,
000055.SZ,000055,20251209,100216830,0,13126653,0,B,42700,800,
000055.SZ,000055,20251209,100217400,0,13129728,0,B,42600,19400,
000055.SZ,000055,20251209,100217570,0,13130383,0,B,42500,3000,
000055.SZ,000055,20251209,100218680,0,13136042,0,B,42200,1500,
000055.SZ,000055,20251209,100221220,0,13150808,0,S,42700,200,
000055.SZ,000055,20251209,100223090,0,13161020,0,B,42100,40000,
000055.SZ,000055,20251209,100231230,0,13199568,0,B,42600,15000,
000055.SZ,000055,20251209,100233060,0,13207483,0,B,42800,300000,
000055.SZ,000055,20251209,100233060,0,13207609,0,B,42700,6000,
000055.SZ,000055,20251209,100233070,0,13207621,0,B,42700,100,
000055.SZ,000055,20251209,100233070,0,13207624,0,B,42700,100,
000055.SZ,000055,20251209,100233070,0,13207625,0,B,42700,100,
000055.SZ,000055,20251209,100233070,0,13207626,0,B,42700,100,
000055.SZ,000055,20251209,100233070,0,13207627,0,B,42700,100,
000055.SZ,000055,20251209,100233070,0,13207630,0,B,42700,100,
000055.SZ,000055,20251209,100233070,0,13207631,0,B,42700,100,
000055.SZ,000055,20251209,100233070,0,13207632,0,B,42700,100,
000055.SZ,000055,20251209,100233070,0,13207633,0,B,42700,100,
000055.SZ,000055,20251209,100233070,0,13207634,0,B,42700,100,
000055.SZ,000055,20251209,100233070,0,13207636,0,B,42700,100,
000055.SZ,000055,20251209,100233070,0,13207637,0,B,42700,100,
000055.SZ,000055,20251209,100233070,0,13207638,0,B,42700,100,
000055.SZ,000055,20251209,100233070,0,13207639,0,B,42700,100,
000055.SZ,000055,20251209,100233070,0,13207646,0,B,42700,100,
000055.SZ,000055,20251209,100233070,0,13207652,0,B,42700,100,
000055.SZ,000055,20251209,100233070,0,13207669,0,B,42700,100,
000055.SZ,000055,20251209,100233090,0,13207703,0,B,42600,1600,
000055.SZ,000055,20251209,100233090,0,13207706,0,B,42700,100,
000055.SZ,000055,20251209,100233090,0,13207710,0,B,42700,100,
000055.SZ,000055,20251209,100233140,0,13207855,0,B,42800,100,
000055.SZ,000055,20251209,100233280,0,13208449,0,S,42800,1100,
000055.SZ,000055,20251209,100233280,0,13208478,0,B,42700,1300,
000055.SZ,000055,20251209,100233300,0,13208564,0,B,42700,400,
000055.SZ,000055,20251209,100233300,0,13208565,0,B,42700,1000,
000055.SZ,000055,20251209,100233300,0,13208566,0,B,42700,100,
000055.SZ,000055,20251209,100233300,0,13208570,0,B,42700,300,
000055.SZ,000055,20251209,100233300,0,13208591,0,B,42700,700,
000055.SZ,000055,20251209,100233300,0,13208608,0,B,42700,100,
000055.SZ,000055,20251209,100233310,0,13208629,0,B,42700,500,
000055.SZ,000055,20251209,100233330,0,13208691,0,B,42700,100,
000055.SZ,000055,20251209,100233330,0,13208693,0,B,42700,1300,
000055.SZ,000055,20251209,100233470,0,13209465,0,B,42700,600,
000055.SZ,000055,20251209,100233470,0,13209466,0,S,42900,600,
000055.SZ,000055,20251209,100233590,0,13210028,0,S,42800,100,
000055.SZ,000055,20251209,100234640,0,13215186,0,B,43000,100,
000055.SZ,000055,20251209,100234650,0,13215232,0,S,42800,100,
000055.SZ,000055,20251209,100234650,0,13215233,0,S,42800,400,
000055.SZ,000055,20251209,100234650,0,13215236,0,S,42800,200,
000055.SZ,000055,20251209,100234650,0,13215237,0,S,42800,200,
000055.SZ,000055,20251209,100234650,0,13215238,0,S,42800,300,
000055.SZ,000055,20251209,100234650,0,13215263,0,S,42800,300,
000055.SZ,000055,20251209,100234650,0,13215266,0,S,42800,200,
000055.SZ,000055,20251209,100234650,0,13215267,0,S,42800,200,
000055.SZ,000055,20251209,100234800,0,13215943,0,S,42800,2300,
000055.SZ,000055,20251209,100235580,0,13219205,0,B,42300,3000,
000055.SZ,000055,20251209,100236790,0,13225283,0,S,42700,8000,
000055.SZ,000055,20251209,100236790,0,13225305,0,S,42800,26800,
000055.SZ,000055,20251209,100236790,0,13225333,0,S,42700,100,
000055.SZ,000055,20251209,100236910,0,13225833,0,S,42900,1300,
000055.SZ,000055,20251209,100236950,0,13226089,0,B,42700,1300,
000055.SZ,000055,20251209,100237280,0,13227745,0,S,42800,200,
000055.SZ,000055,20251209,100237290,0,13227772,0,S,42800,300,
000055.SZ,000055,20251209,100237290,0,13227773,0,S,42800,1900,
000055.SZ,000055,20251209,100238580,0,13234361,0,B,42700,4300,
000055.SZ,000055,20251209,100238590,0,13234388,0,S,42800,800,
000055.SZ,000055,20251209,100238980,0,13235956,0,B,42700,600,
000055.SZ,000055,20251209,100239510,0,13238916,0,B,42700,1300,
000055.SZ,000055,20251209,100239830,0,13240376,0,B,42800,2700,
000055.SZ,000055,20251209,100240150,0,13242022,0,B,42700,2600,
000055.SZ,000055,20251209,100240150,0,13242041,0,S,42800,100,
000055.SZ,000055,20251209,100240230,0,13242299,0,S,42800,800,
000055.SZ,000055,20251209,100241570,0,13248720,0,B,42700,2600,
000055.SZ,000055,20251209,100243570,0,13258615,0,S,42600,1000,
000055.SZ,000055,20251209,100244200,0,13261157,0,B,42500,5000,
000055.SZ,000055,20251209,100244210,0,13261172,0,S,42800,100,
000055.SZ,000055,20251209,100244660,0,13262678,0,B,42600,200,
000055.SZ,000055,20251209,100245200,0,13264855,0,S,42800,500,
000055.SZ,000055,20251209,100245760,0,13267246,0,B,42700,3000,
000055.SZ,000055,20251209,100245810,0,13267506,0,B,42700,35000,
000055.SZ,000055,20251209,100245840,0,13267705,0,S,42800,300,
000055.SZ,000055,20251209,100245840,0,13267706,0,S,42800,700,
000055.SZ,000055,20251209,100245840,0,13267707,0,S,42800,100,
000055.SZ,000055,20251209,100245840,0,13267708,0,S,42800,100,
000055.SZ,000055,20251209,100245840,0,13267709,0,S,42800,500,
000055.SZ,000055,20251209,100245860,0,13267785,0,S,42800,300,
000055.SZ,000055,20251209,100245860,0,13267790,0,S,42800,1700,
000055.SZ,000055,20251209,100245870,0,13267798,0,S,42800,700,
000055.SZ,000055,20251209,100245870,0,13267808,0,S,42800,1100,
000055.SZ,000055,20251209,100245870,0,13267809,0,S,42800,600,
000055.SZ,000055,20251209,100247220,0,13275881,0,S,42800,2100,
000055.SZ,000055,20251209,100247980,0,13278810,0,B,42600,10000,
000055.SZ,000055,20251209,100248890,0,13283340,0,S,42900,6000,
000055.SZ,000055,20251209,100248910,0,13283393,0,B,42700,1300,
000055.SZ,000055,20251209,100249120,0,13284501,0,S,42800,800,
000055.SZ,000055,20251209,100249240,0,13285333,0,B,42600,100,
000055.SZ,000055,20251209,100250110,0,13289155,0,B,42700,3000,
000055.SZ,000055,20251209,100252400,0,13298832,0,B,42700,21400,
000055.SZ,000055,20251209,100254300,0,13306167,0,B,42700,2100,
000055.SZ,000055,20251209,100254370,0,13306527,0,S,42800,200,
000055.SZ,000055,20251209,100254370,0,13306528,0,S,42800,1100,
000055.SZ,000055,20251209,100254370,0,13306529,0,S,42800,500,
000055.SZ,000055,20251209,100254370,0,13306530,0,S,42800,300,
000055.SZ,000055,20251209,100254370,0,13306531,0,S,42800,100,
000055.SZ,000055,20251209,100254370,0,13306533,0,S,42800,900,
000055.SZ,000055,20251209,100254390,0,13306623,0,S,42800,500,
000055.SZ,000055,20251209,100254390,0,13306630,0,S,42800,2700,
000055.SZ,000055,20251209,100254400,0,13306658,0,S,42800,500,
000055.SZ,000055,20251209,100254400,0,13306659,0,S,42800,900,
000055.SZ,000055,20251209,100254640,0,13308218,0,B,42700,5000,
000055.SZ,000055,20251209,100259230,0,13328502,0,B,42700,5000,
000055.SZ,000055,20251209,100259270,0,13328675,0,S,43000,2000,
000055.SZ,000055,20251209,100300670,0,13336331,0,B,42700,1400,
000055.SZ,000055,20251209,100300930,0,13337739,0,S,42900,6100,
000055.SZ,000055,20251209,100303470,0,13350701,0,S,42800,200,
000055.SZ,000055,20251209,100303790,0,13352658,0,S,42800,100,
000055.SZ,000055,20251209,100303810,0,13352907,0,S,42800,100,
000055.SZ,000055,20251209,100303810,0,13352915,0,S,42800,100,
000055.SZ,000055,20251209,100305050,0,13360120,0,S,42800,300,
000055.SZ,000055,20251209,100305050,0,13360179,0,S,42800,100,
000055.SZ,000055,20251209,100305080,0,13360386,0,S,42800,700,
000055.SZ,000055,20251209,100305110,0,13360868,0,S,42800,100,
000055.SZ,000055,20251209,100305140,0,13361117,0,S,42800,100,
000055.SZ,000055,20251209,100305140,0,13361118,0,S,42800,200,
000055.SZ,000055,20251209,100305140,0,13361119,0,S,42800,2000,
000055.SZ,000055,20251209,100305140,0,13361122,0,S,42800,100,
000055.SZ,000055,20251209,100305140,0,13361123,0,S,42800,100,
000055.SZ,000055,20251209,100305140,0,13361126,0,S,42800,200,
000055.SZ,000055,20251209,100305160,0,13361235,0,S,42800,100,
000055.SZ,000055,20251209,100305170,0,13361290,0,S,42800,200,
000055.SZ,000055,20251209,100305410,0,13362599,0,S,42800,200,
000055.SZ,000055,20251209,100306230,0,13366280,0,S,42800,1000,
000055.SZ,000055,20251209,100306780,0,13368869,0,S,42800,100,
000055.SZ,000055,20251209,100313240,0,13397890,0,S,43100,5000,
000055.SZ,000055,20251209,100314250,0,13402698,0,S,42700,300,
000055.SZ,000055,20251209,100317580,0,13419722,0,B,42700,2400,
000055.SZ,000055,20251209,100327050,0,13464534,0,B,42700,2000,
000055.SZ,000055,20251209,100333490,0,13492342,0,S,43200,28100,
000055.SZ,000055,20251209,100335630,0,13501799,0,S,42800,100,
000055.SZ,000055,20251209,100335630,0,13501831,0,S,42800,17000,
000055.SZ,000055,20251209,100337010,0,13507048,0,S,42800,3100,
000055.SZ,000055,20251209,100337010,0,13507049,0,S,42900,3200,
000055.SZ,000055,20251209,100343420,0,13535985,0,B,42800,500,
000055.SZ,000055,20251209,100343420,0,13536011,0,S,42800,200,
000055.SZ,000055,20251209,100348900,0,13561229,0,S,42800,4900,
000055.SZ,000055,20251209,100351010,0,13571051,0,S,42800,4900,
000055.SZ,000055,20251209,100351150,0,13571602,0,S,42800,900,
000055.SZ,000055,20251209,100400520,0,13611815,0,B,42700,1300,
000055.SZ,000055,20251209,100400670,0,13612936,0,S,42700,2300,
000055.SZ,000055,20251209,100401030,0,13614915,0,B,42700,100,
000055.SZ,000055,20251209,100401060,0,13615162,0,S,42800,100,
000055.SZ,000055,20251209,100403230,0,13625102,0,S,42800,100,
000055.SZ,000055,20251209,100403650,0,13627423,0,S,42800,3000,
000055.SZ,000055,20251209,100404200,0,13630329,0,S,42800,100,
000055.SZ,000055,20251209,100404200,0,13630350,0,S,42800,100,
000055.SZ,000055,20251209,100404200,0,13630351,0,S,42800,200,
000055.SZ,000055,20251209,100404200,0,13630353,0,S,42800,100,
000055.SZ,000055,20251209,100404550,0,13632574,0,S,42700,1200,
000055.SZ,000055,20251209,100404680,0,13633318,0,S,42800,100,
000055.SZ,000055,20251209,100404740,0,13633573,0,S,42700,5000,
000055.SZ,000055,20251209,100405300,0,13636469,0,S,42800,600,
000055.SZ,000055,20251209,100405300,0,13636470,0,B,42600,600,
000055.SZ,000055,20251209,100408350,0,13652080,0,S,42800,100,
000055.SZ,000055,20251209,100408350,0,13652097,0,S,42800,100,
000055.SZ,000055,20251209,100410200,0,13660987,0,S,43000,500,
000055.SZ,000055,20251209,100416100,0,13687953,0,S,42800,100,
000055.SZ,000055,20251209,100416100,0,13687958,0,S,42800,100,
000055.SZ,000055,20251209,100419130,0,13702165,0,B,42700,200,
000055.SZ,000055,20251209,100421380,0,13714835,0,B,42700,20000,
000055.SZ,000055,20251209,100421690,0,13716679,0,B,42700,1100,
000055.SZ,000055,20251209,100423680,0,13728122,0,B,42400,400,
000055.SZ,000055,20251209,100423990,0,13729312,0,B,42800,100000,
000055.SZ,000055,20251209,100424130,0,13730003,0,B,42700,200,
000055.SZ,000055,20251209,100424130,0,13730038,0,S,42900,200,
000055.SZ,000055,20251209,100424130,0,13730039,0,S,42900,300,
000055.SZ,000055,20251209,100424130,0,13730042,0,S,42900,100,
000055.SZ,000055,20251209,100424190,0,13730303,0,S,42900,1500,
000055.SZ,000055,20251209,100424200,0,13730347,0,S,42800,200,
000055.SZ,000055,20251209,100424290,0,13730982,0,S,42800,1000,
000055.SZ,000055,20251209,100424340,0,13731194,0,S,42800,100,
000055.SZ,000055,20251209,100424370,0,13731287,0,B,42800,1100,
000055.SZ,000055,20251209,100424370,0,13731321,0,B,42700,600,
000055.SZ,000055,20251209,100424370,0,13731322,0,S,42900,600,
000055.SZ,000055,20251209,100424730,0,13733137,0,S,42800,100,
000055.SZ,000055,20251209,100424850,0,13733711,0,S,42800,3000,
000055.SZ,000055,20251209,100424850,0,13733750,0,S,42800,1900,
000055.SZ,000055,20251209,100424890,0,13733960,0,S,42800,1300,
000055.SZ,000055,20251209,100425370,0,13736454,0,B,42800,1500,
000055.SZ,000055,20251209,100425370,0,13736488,0,S,42900,200,
000055.SZ,000055,20251209,100425390,0,13736608,0,S,42800,31400,
000055.SZ,000055,20251209,100425400,0,13736622,0,S,42800,700,
000055.SZ,000055,20251209,100425580,0,13737560,0,B,43000,100,
000055.SZ,000055,20251209,100425650,0,13737896,0,S,42900,700,
000055.SZ,000055,20251209,100426770,0,13743683,0,S,42800,9700,
000055.SZ,000055,20251209,100426780,0,13743705,0,B,42700,2100,
000055.SZ,000055,20251209,100426780,0,13743707,0,B,42700,6000,
000055.SZ,000055,20251209,100426890,0,13744079,0,S,42800,1300,
000055.SZ,000055,20251209,100427000,0,13744535,0,B,42700,600,
000055.SZ,000055,20251209,100427010,0,13744574,0,S,42800,300,
000055.SZ,000055,20251209,100427120,0,13745049,0,S,42800,100,
000055.SZ,000055,20251209,100427550,0,13747572,0,S,42600,1400,
000055.SZ,000055,20251209,100427550,0,13747614,0,S,42800,100,
000055.SZ,000055,20251209,100427600,0,13747879,0,S,42700,14300,
000055.SZ,000055,20251209,100427600,0,13747896,0,S,42800,200,
000055.SZ,000055,20251209,100427800,0,13749580,0,S,42800,5400,
000055.SZ,000055,20251209,100427870,0,13750089,0,S,42800,1200,
000055.SZ,000055,20251209,100427910,0,13750338,0,S,42800,200,
000055.SZ,000055,20251209,100427990,0,13750774,0,S,42800,3600,
000055.SZ,000055,20251209,100428040,0,13751402,0,S,42800,18300,
000055.SZ,000055,20251209,100428050,0,13751411,0,S,42800,2600,
000055.SZ,000055,20251209,100428050,0,13751457,0,S,42800,800,
000055.SZ,000055,20251209,100428050,0,13751464,0,S,42800,100,
000055.SZ,000055,20251209,100428370,0,13753372,0,B,42700,800,
000055.SZ,000055,20251209,100430200,0,13763009,0,S,42800,200,
000055.SZ,000055,20251209,100430210,0,13763099,0,S,42800,200,
000055.SZ,000055,20251209,100431100,0,13768153,0,B,42800,16000,
000055.SZ,000055,20251209,100432510,0,13775036,0,B,42700,800,
000055.SZ,000055,20251209,100432570,0,13775284,0,B,42700,800,
000055.SZ,000055,20251209,100432570,0,13775285,0,B,42700,800,
000055.SZ,000055,20251209,100432570,0,13775286,0,B,42700,1400,
000055.SZ,000055,20251209,100432570,0,13775287,0,B,42700,800,
000055.SZ,000055,20251209,100432570,0,13775288,0,B,42700,800,
000055.SZ,000055,20251209,100432580,0,13775292,0,B,42700,800,
000055.SZ,000055,20251209,100432580,0,13775295,0,B,42700,800,
000055.SZ,000055,20251209,100432660,0,13775756,0,B,42700,1000,
000055.SZ,000055,20251209,100432660,0,13775759,0,B,42700,1000,
000055.SZ,000055,20251209,100433510,0,13779609,0,B,42700,1600,
000055.SZ,000055,20251209,100433520,0,13779637,0,S,45000,5000,
000055.SZ,000055,20251209,100439710,0,13807869,0,S,47500,8000,
000055.SZ,000055,20251209,100440200,0,13810201,0,S,42800,1900,
000055.SZ,000055,20251209,100440770,0,13812653,0,B,42500,1000,
000055.SZ,000055,20251209,100440820,0,13812812,0,B,42800,300,
000055.SZ,000055,20251209,100442800,0,13820961,0,S,42800,3600,
000055.SZ,000055,20251209,100443200,0,13822606,0,S,42800,3600,
000055.SZ,000055,20251209,100443470,0,13824242,0,S,42800,1200,
000055.SZ,000055,20251209,100444670,0,13828979,0,S,42800,500,
000055.SZ,000055,20251209,100445800,0,13834203,0,S,42800,3700,
000055.SZ,000055,20251209,100446050,0,13835247,0,S,42800,1200,
000055.SZ,000055,20251209,100446360,0,13836826,0,S,42800,1400,
000055.SZ,000055,20251209,100447320,0,13841346,0,S,42800,400,
000055.SZ,000055,20251209,100448050,0,13844056,0,S,42800,1200,
000055.SZ,000055,20251209,100448840,0,13847599,0,S,42700,30000,
000055.SZ,000055,20251209,100450010,0,13853172,0,S,42600,5000,
000055.SZ,000055,20251209,100450020,0,13853191,0,S,42800,100,
000055.SZ,000055,20251209,100450020,0,13853192,0,S,42800,200,
000055.SZ,000055,20251209,100450040,0,13853379,0,S,42800,300,
000055.SZ,000055,20251209,100450040,0,13853408,0,S,42800,100,
000055.SZ,000055,20251209,100451150,0,13857643,0,S,42800,2100,
000055.SZ,000055,20251209,100451150,0,13857644,0,S,42800,700,
000055.SZ,000055,20251209,100455470,0,13874694,0,S,42800,100,
000055.SZ,000055,20251209,100456540,0,13878451,0,S,42800,200,
000055.SZ,000055,20251209,100458610,0,13886743,0,S,42700,300,
000055.SZ,000055,20251209,100500040,0,13892452,0,B,42700,4300,
000055.SZ,000055,20251209,100500220,0,13893082,0,S,43500,2000,
000055.SZ,000055,20251209,100500980,0,13897920,0,B,42700,300,
000055.SZ,000055,20251209,100504900,0,13915276,0,B,42600,5000,
000055.SZ,000055,20251209,100506190,0,13920496,0,S,42800,800,
000055.SZ,000055,20251209,100506220,0,13920688,0,S,42800,700,
000055.SZ,000055,20251209,100506220,0,13920706,0,S,42800,300,
000055.SZ,000055,20251209,100506230,0,13920719,0,S,42800,200,
000055.SZ,000055,20251209,100506250,0,13920846,0,S,42800,300,
000055.SZ,000055,20251209,100506340,0,13921286,0,S,42800,400,
000055.SZ,000055,20251209,100507930,0,13929304,0,B,42700,7000,
000055.SZ,000055,20251209,100509560,0,13936517,0,B,42000,500,
000055.SZ,000055,20251209,100515410,0,13959831,0,S,42800,100,
000055.SZ,000055,20251209,100518110,0,13969983,0,B,42600,2000,
000055.SZ,000055,20251209,100523660,0,13998157,0,B,42600,100,
000055.SZ,000055,20251209,100523680,0,13998265,0,S,42800,800,
000055.SZ,000055,20251209,100525560,0,14007419,0,S,42800,300,
000055.SZ,000055,20251209,100526450,0,14011144,0,S,43000,10000,
000055.SZ,000055,20251209,100527240,0,14014802,0,S,42900,1800,
000055.SZ,000055,20251209,100527700,0,14017342,0,S,42800,100,
000055.SZ,000055,20251209,100528070,0,14019293,0,S,43700,10000,
000055.SZ,000055,20251209,100528220,0,14020418,0,B,42700,1000,
000055.SZ,000055,20251209,100528340,0,14021140,0,S,42800,100,
000055.SZ,000055,20251209,100530490,0,14031222,0,S,42800,200,
000055.SZ,000055,20251209,100530500,0,14031275,0,B,42300,500,
000055.SZ,000055,20251209,100531920,0,14038901,0,B,42700,1200,
000055.SZ,000055,20251209,100533200,0,14044266,0,S,42800,500,
000055.SZ,000055,20251209,100533350,0,14045358,0,S,42600,2400,
000055.SZ,000055,20251209,100536430,0,14064374,0,S,42800,100,
000055.SZ,000055,20251209,100539150,0,14075665,0,S,42800,1800,
000055.SZ,000055,20251209,100543280,0,14092454,0,S,42600,3900,
000055.SZ,000055,20251209,100543290,0,14092504,0,S,42800,17500,
000055.SZ,000055,20251209,100545220,0,14100184,0,S,42800,200,
000055.SZ,000055,20251209,100549570,0,14118567,0,S,42800,3000,
000055.SZ,000055,20251209,100553680,0,14136926,0,S,42800,100,
000055.SZ,000055,20251209,100556020,0,14146810,0,S,43500,4900,
000055.SZ,000055,20251209,100556620,0,14149317,0,S,42800,100,
000055.SZ,000055,20251209,100557390,0,14152621,0,S,42700,500,
000055.SZ,000055,20251209,100558830,0,14158914,0,S,42700,100,
000055.SZ,000055,20251209,100600120,0,14163925,0,B,42700,21000,
000055.SZ,000055,20251209,100600570,0,14166828,0,S,42500,100,
000055.SZ,000055,20251209,100600600,0,14166966,0,S,42700,100,
000055.SZ,000055,20251209,100600670,0,14167241,0,S,42800,900,
000055.SZ,000055,20251209,100602650,0,14179322,0,S,42800,200,
000055.SZ,000055,20251209,100603150,0,14181562,0,S,42800,100,
000055.SZ,000055,20251209,100606150,0,14196935,0,S,42800,100,
000055.SZ,000055,20251209,100606150,0,14196941,0,S,42800,100,
000055.SZ,000055,20251209,100606150,0,14196944,0,S,42800,100,
000055.SZ,000055,20251209,100606150,0,14196945,0,S,42800,100,
000055.SZ,000055,20251209,100606220,0,14197305,0,S,42700,100,
000055.SZ,000055,20251209,100608640,0,14209441,0,S,42800,100,
000055.SZ,000055,20251209,100608990,0,14210508,0,S,42800,100,
000055.SZ,000055,20251209,100610700,0,14218563,0,S,42500,200,
000055.SZ,000055,20251209,100610710,0,14218612,0,S,42800,200,
000055.SZ,000055,20251209,100610770,0,14218911,0,S,42800,100,
000055.SZ,000055,20251209,100610780,0,14218918,0,S,42800,100,
000055.SZ,000055,20251209,100610780,0,14218925,0,S,42800,400,
000055.SZ,000055,20251209,100612690,0,14226632,0,B,42300,20000,
000055.SZ,000055,20251209,100614760,0,14236421,0,S,42700,200,
000055.SZ,000055,20251209,100614770,0,14236439,0,S,42800,100,
000055.SZ,000055,20251209,100617370,0,14249243,0,S,42700,100,
000055.SZ,000055,20251209,100618060,0,14252195,0,S,42700,1000,
000055.SZ,000055,20251209,100620260,0,14265487,0,S,42700,400,
000055.SZ,000055,20251209,100620330,0,14266136,0,S,42700,100,
000055.SZ,000055,20251209,100622480,0,14276774,0,S,42700,200,
000055.SZ,000055,20251209,100622490,0,14276791,0,S,42800,100,
000055.SZ,000055,20251209,100622870,0,14278798,0,S,42500,6500,
000055.SZ,000055,20251209,100624290,0,14284688,0,S,42700,1500,
000055.SZ,000055,20251209,100624290,0,14284690,0,S,42800,100,
000055.SZ,000055,20251209,100624400,0,14285294,0,S,42700,200,
000055.SZ,000055,20251209,100624800,0,14287114,0,S,42700,10900,
000055.SZ,000055,20251209,100624870,0,14287422,0,S,42700,2400,
000055.SZ,000055,20251209,100624890,0,14287469,0,S,42700,1300,
000055.SZ,000055,20251209,100625050,0,14288198,0,S,42700,1300,
000055.SZ,000055,20251209,100625060,0,14288249,0,S,42700,7300,
000055.SZ,000055,20251209,100625850,0,14292258,0,B,42900,100,
000055.SZ,000055,20251209,100625990,0,14292782,0,S,42700,200,
000055.SZ,000055,20251209,100626470,0,14294724,0,S,42700,2500,
000055.SZ,000055,20251209,100626660,0,14295434,0,S,42700,700,
000055.SZ,000055,20251209,100626800,0,14295961,0,S,42700,3600,
000055.SZ,000055,20251209,100626890,0,14296197,0,S,42700,1300,
000055.SZ,000055,20251209,100627000,0,14296597,0,S,42700,400,
000055.SZ,000055,20251209,100627010,0,14296614,0,S,42800,100,
000055.SZ,000055,20251209,100627050,0,14296735,0,S,42700,1200,
000055.SZ,000055,20251209,100627120,0,14297018,0,S,42700,100,
000055.SZ,000055,20251209,100627510,0,14298746,0,B,42600,1300,
000055.SZ,000055,20251209,100628540,0,14303620,0,S,42700,1300,
000055.SZ,000055,20251209,100628540,0,14303629,0,S,42700,1300,
000055.SZ,000055,20251209,100628550,0,14303659,0,B,42700,100,
000055.SZ,000055,20251209,100628550,0,14303660,0,B,42700,100,
000055.SZ,000055,20251209,100628550,0,14303664,0,B,42700,100,
000055.SZ,000055,20251209,100628570,0,14303736,0,B,42700,100,
000055.SZ,000055,20251209,100628570,0,14303739,0,B,42700,100,
000055.SZ,000055,20251209,100628570,0,14303740,0,B,42700,100,
000055.SZ,000055,20251209,100628570,0,14303741,0,B,42700,100,
000055.SZ,000055,20251209,100628580,0,14303776,0,B,42700,100,
000055.SZ,000055,20251209,100628580,0,14303777,0,B,42700,100,
000055.SZ,000055,20251209,100628580,0,14303784,0,B,42700,100,
000055.SZ,000055,20251209,100628590,0,14303809,0,B,42700,100,
000055.SZ,000055,20251209,100628600,0,14303884,0,B,42700,100,
000055.SZ,000055,20251209,100628610,0,14303908,0,B,42700,700,
000055.SZ,000055,20251209,100629000,0,14305546,0,S,42700,1000,
000055.SZ,000055,20251209,100630390,0,14311220,0,S,42700,700,
000055.SZ,000055,20251209,100633090,0,14324672,0,S,42800,100,
000055.SZ,000055,20251209,100634580,0,14333629,0,B,42700,1500,
000055.SZ,000055,20251209,100637670,0,14350736,0,S,42700,100,
000055.SZ,000055,20251209,100637700,0,14350973,0,S,42700,200,
000055.SZ,000055,20251209,100637710,0,14350998,0,S,42700,300,
000055.SZ,000055,20251209,100637710,0,14351018,0,S,42700,100,
000055.SZ,000055,20251209,100639800,0,14361666,0,S,42700,1900,
000055.SZ,000055,20251209,100639870,0,14362133,0,S,42700,1200,
000055.SZ,000055,20251209,100640050,0,14363076,0,S,42700,1200,
000055.SZ,000055,20251209,100640060,0,14363122,0,S,42800,100,
000055.SZ,000055,20251209,100640320,0,14364655,0,S,42800,600,
000055.SZ,000055,20251209,100640320,0,14364656,0,B,42600,600,
000055.SZ,000055,20251209,100640470,0,14365526,0,S,42700,1200,
000055.SZ,000055,20251209,100642180,0,14373835,0,B,42200,3000,
000055.SZ,000055,20251209,100643050,0,14378793,0,S,42700,1200,
000055.SZ,000055,20251209,100643580,0,14381413,0,S,42700,3000,
000055.SZ,000055,20251209,100645270,0,14390462,0,S,42600,600,
000055.SZ,000055,20251209,100655710,0,14441330,0,B,42600,2300,
000055.SZ,000055,20251209,100700490,0,14468186,0,S,42900,5100,
000055.SZ,000055,20251209,100703660,0,14487119,0,S,42700,1300,
000055.SZ,000055,20251209,100706200,0,14499693,0,S,42700,100,
000055.SZ,000055,20251209,100706200,0,14499746,0,B,42700,100,
000055.SZ,000055,20251209,100706200,0,14499755,0,B,42700,100,
000055.SZ,000055,20251209,100706200,0,14499756,0,B,42700,100,
000055.SZ,000055,20251209,100706200,0,14499775,0,B,42700,100,
000055.SZ,000055,20251209,100706200,0,14499776,0,B,42700,100,
000055.SZ,000055,20251209,100706210,0,14499817,0,B,42700,100,
000055.SZ,000055,20251209,100706240,0,14499935,0,B,42700,100,
000055.SZ,000055,20251209,100706720,0,14502129,0,B,42600,1300,
000055.SZ,000055,20251209,100706730,0,14502150,0,B,42700,100,
000055.SZ,000055,20251209,100706730,0,14502151,0,B,42700,100,
000055.SZ,000055,20251209,100706730,0,14502152,0,B,42700,100,
000055.SZ,000055,20251209,100706730,0,14502153,0,B,42700,100,
000055.SZ,000055,20251209,100706730,0,14502154,0,B,42700,100,
000055.SZ,000055,20251209,100706730,0,14502155,0,B,42700,200,
000055.SZ,000055,20251209,100706730,0,14502159,0,B,42700,100,
000055.SZ,000055,20251209,100706730,0,14502160,0,B,42700,100,
000055.SZ,000055,20251209,100706730,0,14502161,0,B,42700,100,
000055.SZ,000055,20251209,100706730,0,14502162,0,B,42700,100,
000055.SZ,000055,20251209,100706730,0,14502163,0,B,42700,100,
000055.SZ,000055,20251209,100706730,0,14502164,0,B,42700,100,
000055.SZ,000055,20251209,100706730,0,14502166,0,B,42700,100,
000055.SZ,000055,20251209,100706730,0,14502168,0,B,42700,100,
000055.SZ,000055,20251209,100706740,0,14502185,0,B,42700,100,
000055.SZ,000055,20251209,100706750,0,14502265,0,B,42700,100,
000055.SZ,000055,20251209,100707050,0,14503881,0,S,42700,1200,
000055.SZ,000055,20251209,100709200,0,14514801,0,S,42700,1800,
000055.SZ,000055,20251209,100714910,0,14539536,0,B,42700,1000,
000055.SZ,000055,20251209,100716550,0,14547461,0,S,42800,6200,
000055.SZ,000055,20251209,100716940,0,14549363,0,B,42700,600,
000055.SZ,000055,20251209,100722470,0,14572982,0,B,42400,600,
000055.SZ,000055,20251209,100722600,0,14573717,0,S,42900,28100,
000055.SZ,000055,20251209,100724250,0,14580261,0,B,42700,300,
000055.SZ,000055,20251209,100727680,0,14594859,0,S,42700,100,
000055.SZ,000055,20251209,100732060,0,14612748,0,S,42600,1400,
000055.SZ,000055,20251209,100732720,0,14615133,0,B,42700,100,
000055.SZ,000055,20251209,100733260,0,14617152,0,B,42700,13000,
000055.SZ,000055,20251209,100740700,0,14646602,0,S,42800,900,
000055.SZ,000055,20251209,100747030,0,14671704,0,S,42800,200,
000055.SZ,000055,20251209,100747310,0,14672771,0,S,42600,600,
000055.SZ,000055,20251209,100758570,0,14714205,0,B,42700,1000,
000055.SZ,000055,20251209,100800150,0,14719478,0,S,42800,100,
000055.SZ,000055,20251209,100805960,0,14747605,0,S,42800,4200,
000055.SZ,000055,20251209,100805960,0,14747619,0,S,42800,100,
000055.SZ,000055,20251209,100806170,0,14748737,0,S,42800,100,
000055.SZ,000055,20251209,100812150,0,14776843,0,S,42800,100,
000055.SZ,000055,20251209,100815020,0,14788004,0,B,42400,1900,
000055.SZ,000055,20251209,100820450,0,14814157,0,B,42800,300,
000055.SZ,000055,20251209,100829220,0,14848512,0,S,42800,200,
000055.SZ,000055,20251209,100831390,0,14856248,0,B,42700,2000,
000055.SZ,000055,20251209,100833160,0,14861966,0,S,42800,1000,
000055.SZ,000055,20251209,100833750,0,14864087,0,S,42800,3500,
000055.SZ,000055,20251209,100842280,0,14896842,0,B,42700,100,
000055.SZ,000055,20251209,100845220,0,14907614,0,B,42700,100,
000055.SZ,000055,20251209,100846260,0,14912348,0,B,42600,2300,
000055.SZ,000055,20251209,100849510,0,14924796,0,B,42700,1200,
000055.SZ,000055,20251209,100853390,0,14938371,0,B,42700,1500,
000055.SZ,000055,20251209,100856050,0,14947870,0,S,42600,1500,
000055.SZ,000055,20251209,100856100,0,14948131,0,B,42700,1300,
000055.SZ,000055,20251209,100858230,0,14956025,0,B,42800,1900,
000055.SZ,000055,20251209,100900240,0,14963356,0,S,42800,4000,
000055.SZ,000055,20251209,100908210,0,15001882,0,S,42800,100,
000055.SZ,000055,20251209,100908220,0,15001909,0,S,42800,200,
000055.SZ,000055,20251209,100908450,0,15002626,0,S,43200,23400,
000055.SZ,000055,20251209,100909460,0,15006389,0,S,43200,8600,
000055.SZ,000055,20251209,100918940,0,15041506,0,S,42900,5000,
000055.SZ,000055,20251209,100927290,0,15072430,0,S,42800,3000,
000055.SZ,000055,20251209,100930650,0,15086727,0,B,42800,300,
000055.SZ,000055,20251209,100930920,0,15088045,0,S,42700,200,
000055.SZ,000055,20251209,100930980,0,15088592,0,S,42600,5800,
000055.SZ,000055,20251209,100931050,0,15088906,0,S,42700,3600,
000055.SZ,000055,20251209,100931100,0,15089152,0,S,42700,100,
000055.SZ,000055,20251209,100931130,0,15089313,0,S,42700,4000,
000055.SZ,000055,20251209,100931140,0,15089337,0,S,42700,200,
000055.SZ,000055,20251209,100931140,0,15089339,0,S,42700,200,
000055.SZ,000055,20251209,100931140,0,15089342,0,S,42700,300,
000055.SZ,000055,20251209,100931140,0,15089344,0,S,42700,3300,
000055.SZ,000055,20251209,100931140,0,15089349,0,S,42700,9200,
000055.SZ,000055,20251209,100931140,0,15089363,0,S,42700,1500,
000055.SZ,000055,20251209,100931150,0,15089365,0,S,42700,9000,
000055.SZ,000055,20251209,100931150,0,15089405,0,S,42700,5300,
000055.SZ,000055,20251209,100931150,0,15089410,0,S,42700,5800,
000055.SZ,000055,20251209,100931150,0,15089412,0,S,42700,3800,
000055.SZ,000055,20251209,100931150,0,15089415,0,S,42700,300,
000055.SZ,000055,20251209,100931150,0,15089417,0,S,42700,200,
000055.SZ,000055,20251209,100931150,0,15089419,0,S,42700,1400,
000055.SZ,000055,20251209,100931150,0,15089422,0,S,42700,1900,
000055.SZ,000055,20251209,100931150,0,15089428,0,S,42700,2000,
000055.SZ,000055,20251209,100931150,0,15089448,0,S,42700,100,
000055.SZ,000055,20251209,100931150,0,15089451,0,S,42700,100,
000055.SZ,000055,20251209,100931150,0,15089454,0,S,42700,100,
000055.SZ,000055,20251209,100931150,0,15089456,0,S,42700,700,
000055.SZ,000055,20251209,100931150,0,15089458,0,S,42700,400,
000055.SZ,000055,20251209,100931150,0,15089460,0,S,42700,700,
000055.SZ,000055,20251209,100931150,0,15089461,0,S,42700,700,
000055.SZ,000055,20251209,100931150,0,15089462,0,S,42700,100,
000055.SZ,000055,20251209,100931150,0,15089464,0,S,42700,1400,
000055.SZ,000055,20251209,100931150,0,15089469,0,S,42700,1200,
000055.SZ,000055,20251209,100931150,0,15089470,0,S,42700,3900,
000055.SZ,000055,20251209,100931150,0,15089471,0,S,42700,900,
000055.SZ,000055,20251209,100931150,0,15089472,0,S,42700,23300,
000055.SZ,000055,20251209,100931150,0,15089478,0,S,42700,30200,
000055.SZ,000055,20251209,100931150,0,15089480,0,S,42700,400,
000055.SZ,000055,20251209,100931150,0,15089481,0,S,42700,300,
000055.SZ,000055,20251209,100931150,0,15089482,0,S,42700,500,
000055.SZ,000055,20251209,100931150,0,15089483,0,B,42600,400,
000055.SZ,000055,20251209,100931150,0,15089484,0,S,42700,400,
000055.SZ,000055,20251209,100931150,0,15089485,0,S,42700,500,
000055.SZ,000055,20251209,100931150,0,15089486,0,S,42700,500,
000055.SZ,000055,20251209,100931150,0,15089487,0,S,42700,600,
000055.SZ,000055,20251209,100931150,0,15089488,0,S,42700,400,
000055.SZ,000055,20251209,100931150,0,15089489,0,S,42700,200,
000055.SZ,000055,20251209,100931160,0,15089529,0,S,42700,100,
000055.SZ,000055,20251209,100931160,0,15089547,0,S,42700,100,
000055.SZ,000055,20251209,100931160,0,15089557,0,S,42700,100,
000055.SZ,000055,20251209,100931180,0,15089621,0,S,42700,300,
000055.SZ,000055,20251209,100931180,0,15089624,0,S,42600,900,
000055.SZ,000055,20251209,100931200,0,15089698,0,S,42600,300,
000055.SZ,000055,20251209,100931210,0,15089724,0,S,42600,200,
000055.SZ,000055,20251209,100931210,0,15089736,0,S,42700,100,
000055.SZ,000055,20251209,100931210,0,15089740,0,S,42600,100,
000055.SZ,000055,20251209,100931230,0,15089880,0,S,42600,100,
000055.SZ,000055,20251209,100931240,0,15090029,0,S,42600,800,
000055.SZ,000055,20251209,100931260,0,15090143,0,S,42700,17500,
000055.SZ,000055,20251209,100931470,0,15091203,0,S,42700,1200,
000055.SZ,000055,20251209,100931660,0,15092095,0,S,42700,1300,
000055.SZ,000055,20251209,100931660,0,15092109,0,S,42700,2400,
000055.SZ,000055,20251209,100932970,0,15096811,0,B,42600,1000,
000055.SZ,000055,20251209,100933910,0,15100490,0,S,42700,100,
000055.SZ,000055,20251209,100934040,0,15101073,0,S,42600,7600,
000055.SZ,000055,20251209,100934270,0,15102273,0,S,42700,300,
000055.SZ,000055,20251209,100934270,0,15102278,0,S,42700,400,
000055.SZ,000055,20251209,100934320,0,15102482,0,S,42700,400,
000055.SZ,000055,20251209,100934330,0,15102508,0,S,42700,1800,
000055.SZ,000055,20251209,100934590,0,15103579,0,B,42600,1300,
000055.SZ,000055,20251209,100934590,0,15103580,0,B,42600,1200,
000055.SZ,000055,20251209,100934590,0,15103582,0,B,42600,1200,
000055.SZ,000055,20251209,100934590,0,15103583,0,B,42600,1200,
000055.SZ,000055,20251209,100934700,0,15103939,0,B,42600,1000,
000055.SZ,000055,20251209,100934700,0,15103942,0,B,42600,800,
000055.SZ,000055,20251209,100934700,0,15103943,0,B,42600,900,
000055.SZ,000055,20251209,100934700,0,15103946,0,B,42600,1100,
000055.SZ,000055,20251209,100934700,0,15103952,0,B,42600,1100,
000055.SZ,000055,20251209,100934700,0,15103953,0,B,42600,800,
000055.SZ,000055,20251209,100934700,0,15103955,0,B,42600,1000,
000055.SZ,000055,20251209,100935190,0,15105739,0,S,42700,200,
000055.SZ,000055,20251209,100935760,0,15107955,0,B,42500,100,
000055.SZ,000055,20251209,100940160,0,15125494,0,S,42700,200,
000055.SZ,000055,20251209,100943110,0,15136807,0,S,42700,5600,
000055.SZ,000055,20251209,100943110,0,15136832,0,S,42700,800,
000055.SZ,000055,20251209,100943110,0,15136833,0,S,42700,300,
000055.SZ,000055,20251209,100943110,0,15136835,0,S,42700,300,
000055.SZ,000055,20251209,100943110,0,15136837,0,S,42700,200,
000055.SZ,000055,20251209,100945280,0,15145476,0,S,42600,100,
000055.SZ,000055,20251209,100945280,0,15145492,0,S,42700,300,
000055.SZ,000055,20251209,100945670,0,15147332,0,B,42600,4000,
000055.SZ,000055,20251209,100946630,0,15151649,0,S,42700,200,
000055.SZ,000055,20251209,100948280,0,15157208,0,S,42700,500,
000055.SZ,000055,20251209,100949260,0,15161666,0,S,42500,900,
000055.SZ,000055,20251209,100950680,0,15167266,0,S,42700,200,
000055.SZ,000055,20251209,100950690,0,15167270,0,B,42600,100,
000055.SZ,000055,20251209,100951190,0,15169214,0,S,42700,200,
000055.SZ,000055,20251209,100952600,0,15175537,0,S,42700,100,
000055.SZ,000055,20251209,100952620,0,15175601,0,S,42700,1000,
000055.SZ,000055,20251209,100953780,0,15179910,0,S,42700,100,
000055.SZ,000055,20251209,100955440,0,15186884,0,B,42600,9000,
000055.SZ,000055,20251209,100956860,0,15192181,0,S,42700,2000,
000055.SZ,000055,20251209,100956860,0,15192233,0,S,42700,4100,
000055.SZ,000055,20251209,100958560,0,15200223,0,B,42500,2000,
000055.SZ,000055,20251209,100959400,0,15204366,0,S,42700,100,
000055.SZ,000055,20251209,101000800,0,15213751,0,B,42300,1100,
000055.SZ,000055,20251209,101004190,0,15229423,0,S,42500,5500,
000055.SZ,000055,20251209,101004660,0,15231779,0,S,42700,200,
000055.SZ,000055,20251209,101006260,0,15239367,0,S,42700,800,
000055.SZ,000055,20251209,101006510,0,15241053,0,S,42700,100,
000055.SZ,000055,20251209,101006540,0,15241242,0,S,42700,100,
000055.SZ,000055,20251209,101006700,0,15242047,0,S,42700,200,
000055.SZ,000055,20251209,101007570,0,15246811,0,S,42700,6000,
000055.SZ,000055,20251209,101007570,0,15246835,0,S,42700,100,
000055.SZ,000055,20251209,101008350,0,15250829,0,S,42700,100,
000055.SZ,000055,20251209,101008440,0,15251253,0,S,42700,100,
000055.SZ,000055,20251209,101009310,0,15256006,0,B,42600,1300,
000055.SZ,000055,20251209,101012470,0,15272476,0,S,47500,4200,
000055.SZ,000055,20251209,101019190,0,15308880,0,S,42600,2200,
000055.SZ,000055,20251209,101019190,0,15308890,0,S,42700,1000,
000055.SZ,000055,20251209,101019610,0,15312047,0,S,42700,100,
000055.SZ,000055,20251209,101020140,0,15315214,0,S,42700,4100,
000055.SZ,000055,20251209,101024420,0,15340565,0,S,42700,100,
000055.SZ,000055,20251209,101026800,0,15352417,0,S,42700,1000,
000055.SZ,000055,20251209,101027150,0,15354138,0,S,42700,500,
000055.SZ,000055,20251209,101029530,0,15365298,0,S,42600,300,
000055.SZ,000055,20251209,101029700,0,15365823,0,B,42600,1700,
000055.SZ,000055,20251209,101030340,0,15368774,0,B,42300,1000,
000055.SZ,000055,20251209,101033960,0,15385814,0,S,42600,100,
000055.SZ,000055,20251209,101034170,0,15386439,0,S,42600,300,
000055.SZ,000055,20251209,101034620,0,15388541,0,S,42600,100,
000055.SZ,000055,20251209,101034670,0,15388708,0,S,42600,400,
000055.SZ,000055,20251209,101034840,0,15389502,0,S,42600,400,
000055.SZ,000055,20251209,101035390,0,15392305,0,S,42600,100,
000055.SZ,000055,20251209,101035470,0,15392550,0,S,42600,100,
000055.SZ,000055,20251209,101036890,0,15398814,0,S,42600,2600,
000055.SZ,000055,20251209,101038190,0,15404064,0,S,42600,100,
000055.SZ,000055,20251209,101038620,0,15405585,0,S,42600,200,
000055.SZ,000055,20251209,101038620,0,15405587,0,S,42600,200,
000055.SZ,000055,20251209,101038890,0,15406415,0,S,42600,100,
000055.SZ,000055,20251209,101040700,0,15413208,0,B,42600,1300,
000055.SZ,000055,20251209,101041750,0,15416790,0,B,42500,1300,
000055.SZ,000055,20251209,101053390,0,15465111,0,B,42600,900,
000055.SZ,000055,20251209,101053570,0,15465762,0,B,42600,1000,
000055.SZ,000055,20251209,101054180,0,15468051,0,B,42800,200,
000055.SZ,000055,20251209,101054190,0,15468094,0,B,42800,100,
000055.SZ,000055,20251209,101055150,0,15471871,0,S,42700,900,
000055.SZ,000055,20251209,101102080,0,15500549,0,S,42700,300,
000055.SZ,000055,20251209,101103420,0,15506058,0,S,42700,300,
000055.SZ,000055,20251209,101103540,0,15506504,0,S,42700,100,
000055.SZ,000055,20251209,101103960,0,15508408,0,S,42700,100,
000055.SZ,000055,20251209,101106490,0,15518817,0,S,42700,100,
000055.SZ,000055,20251209,101107570,0,15524043,0,B,42500,2500,
000055.SZ,000055,20251209,101115320,0,15557358,0,S,42700,300,
000055.SZ,000055,20251209,101116250,0,15560920,0,B,42400,1000,
000055.SZ,000055,20251209,101116700,0,15562609,0,S,42700,900,
000055.SZ,000055,20251209,101118270,0,15568111,0,S,42700,100,
000055.SZ,000055,20251209,101124800,0,15594646,0,S,42500,5200,
000055.SZ,000055,20251209,101129490,0,15610527,0,S,43400,4900,
000055.SZ,000055,20251209,101129500,0,15610557,0,S,42700,100,
000055.SZ,000055,20251209,101132310,0,15620414,0,S,45600,60000,
000055.SZ,000055,20251209,101132310,0,15620422,0,S,42700,100,
000055.SZ,000055,20251209,101136440,0,15633457,0,S,42700,100,
000055.SZ,000055,20251209,101145520,0,15662166,0,B,40900,2300,
000055.SZ,000055,20251209,101148150,0,15671165,0,S,42700,100,
000055.SZ,000055,20251209,101149460,0,15676663,0,B,42500,500,
000055.SZ,000055,20251209,101200990,0,15718519,0,B,42600,100,
000055.SZ,000055,20251209,101200990,0,15718520,0,B,42600,100,
000055.SZ,000055,20251209,101200990,0,15718521,0,B,42600,100,
000055.SZ,000055,20251209,101200990,0,15718522,0,B,42600,100,
000055.SZ,000055,20251209,101200990,0,15718523,0,B,42600,100,
000055.SZ,000055,20251209,101200990,0,15718524,0,B,42600,100,
000055.SZ,000055,20251209,101200990,0,15718525,0,B,42600,100,
000055.SZ,000055,20251209,101200990,0,15718526,0,B,42600,100,
000055.SZ,000055,20251209,101200990,0,15718527,0,B,42600,100,
000055.SZ,000055,20251209,101200990,0,15718528,0,B,42600,100,
000055.SZ,000055,20251209,101201000,0,15718541,0,B,42600,100,
000055.SZ,000055,20251209,101201010,0,15718577,0,B,42600,100,
000055.SZ,000055,20251209,101201030,0,15718663,0,B,42600,100,
000055.SZ,000055,20251209,101202520,0,15724831,0,B,42700,7000,
000055.SZ,000055,20251209,101202580,0,15724996,0,B,42600,200,
000055.SZ,000055,20251209,101206740,0,15741330,0,S,42700,1300,
000055.SZ,000055,20251209,101216500,0,15776851,0,B,42600,1300,
000055.SZ,000055,20251209,101216700,0,15777468,0,S,42600,900,
000055.SZ,000055,20251209,101221510,0,15795529,0,S,45500,62000,
000055.SZ,000055,20251209,101221530,0,15795567,0,S,42600,100,
000055.SZ,000055,20251209,101227650,0,15816303,0,B,42700,6500,
000055.SZ,000055,20251209,101227660,0,15816333,0,B,42600,300,
000055.SZ,000055,20251209,101227710,0,15816451,0,B,42600,200,
000055.SZ,000055,20251209,101230890,0,15826758,0,B,42600,2000,
000055.SZ,000055,20251209,101245710,0,15874023,0,B,42700,100000,
000055.SZ,000055,20251209,101245710,0,15874100,0,S,42800,500,
000055.SZ,000055,20251209,101245710,0,15874101,0,S,42800,200,
000055.SZ,000055,20251209,101245710,0,15874102,0,S,42800,300,
000055.SZ,000055,20251209,101245710,0,15874109,0,S,42800,300,
000055.SZ,000055,20251209,101245710,0,15874110,0,S,42800,300,
000055.SZ,000055,20251209,101245710,0,15874111,0,S,42800,200,
000055.SZ,000055,20251209,101245710,0,15874112,0,S,42800,300,
000055.SZ,000055,20251209,101245730,0,15874203,0,B,42800,100,
000055.SZ,000055,20251209,101245740,0,15874215,0,B,42800,100,
000055.SZ,000055,20251209,101245740,0,15874223,0,B,42800,100,
000055.SZ,000055,20251209,101245750,0,15874276,0,S,42700,1400,
000055.SZ,000055,20251209,101245750,0,15874282,0,B,42800,100,
000055.SZ,000055,20251209,101245750,0,15874299,0,B,42800,100,
000055.SZ,000055,20251209,101245750,0,15874306,0,B,42800,100,
000055.SZ,000055,20251209,101245750,0,15874315,0,B,42800,100,
000055.SZ,000055,20251209,101245760,0,15874349,0,B,42700,6000,
000055.SZ,000055,20251209,101245790,0,15874469,0,S,42800,3700,
000055.SZ,000055,20251209,101246000,0,15875026,0,S,42700,200,
000055.SZ,000055,20251209,101246000,0,15875028,0,S,42700,500,
000055.SZ,000055,20251209,101246900,0,15878380,0,B,42100,31400,
000055.SZ,000055,20251209,101247250,0,15879734,0,B,42900,100,
000055.SZ,000055,20251209,101248020,0,15882297,0,S,42800,5500,
000055.SZ,000055,20251209,101248100,0,15882527,0,S,42800,200,
000055.SZ,000055,20251209,101248230,0,15882913,0,S,42800,400,
000055.SZ,000055,20251209,101248600,0,15884278,0,B,42700,1500,
000055.SZ,000055,20251209,101248910,0,15885260,0,B,42700,100,
000055.SZ,000055,20251209,101249130,0,15886128,0,B,42700,1300,
000055.SZ,000055,20251209,101251020,0,15892513,0,S,42800,5500,
000055.SZ,000055,20251209,101251030,0,15892523,0,S,42800,800,
000055.SZ,000055,20251209,101251070,0,15892614,0,B,42600,100,
000055.SZ,000055,20251209,101257780,0,15913538,0,S,42800,800,
000055.SZ,000055,20251209,101258090,0,15914659,0,S,42800,5600,
000055.SZ,000055,20251209,101258100,0,15914667,0,S,42800,2100,
000055.SZ,000055,20251209,101258680,0,15916373,0,S,42800,2100,
000055.SZ,000055,20251209,101259010,0,15917218,0,B,42700,1000,
000055.SZ,000055,20251209,101307280,0,15945435,0,S,42800,100,
000055.SZ,000055,20251209,101307280,0,15945449,0,B,42700,100,
000055.SZ,000055,20251209,101307280,0,15945452,0,B,42700,100,
000055.SZ,000055,20251209,101307280,0,15945453,0,B,42700,100,
000055.SZ,000055,20251209,101307280,0,15945454,0,B,42700,100,
000055.SZ,000055,20251209,101307300,0,15945546,0,B,42700,100,
000055.SZ,000055,20251209,101307320,0,15945642,0,S,42700,100,
000055.SZ,000055,20251209,101307680,0,15946900,0,B,42700,100,
000055.SZ,000055,20251209,101307990,0,15947866,0,B,41000,5000,
000055.SZ,000055,20251209,101308550,0,15949665,0,B,41800,6000,
000055.SZ,000055,20251209,101309980,0,15954956,0,B,42700,1300,
000055.SZ,000055,20251209,101312110,0,15961567,0,B,42700,1200,
000055.SZ,000055,20251209,101321910,0,15992374,0,B,42700,1300,
000055.SZ,000055,20251209,101321920,0,15992406,0,B,42700,1400,
000055.SZ,000055,20251209,101329810,0,16018087,0,S,42800,4200,
000055.SZ,000055,20251209,101338800,0,16046183,0,B,42600,100000,
000055.SZ,000055,20251209,101339900,0,16049236,0,B,42700,100,
000055.SZ,000055,20251209,101340550,0,16051579,0,B,42700,1400,
000055.SZ,000055,20251209,101343600,0,16060836,0,B,42700,1300,
000055.SZ,000055,20251209,101343600,0,16060853,0,B,42700,400,
000055.SZ,000055,20251209,101347190,0,16071064,0,B,42700,700,
000055.SZ,000055,20251209,101350410,0,16079116,0,S,43800,1000,
000055.SZ,000055,20251209,101352970,0,16086177,0,S,42400,61100,
000055.SZ,000055,20251209,101352980,0,16086210,0,S,42800,3900,
000055.SZ,000055,20251209,101352990,0,16086247,0,S,42800,200,
000055.SZ,000055,20251209,101352990,0,16086252,0,S,42800,200,
000055.SZ,000055,20251209,101352990,0,16086254,0,S,42800,400,
000055.SZ,000055,20251209,101353000,0,16086262,0,S,42700,9800,
000055.SZ,000055,20251209,101353000,0,16086279,0,S,42700,200,
000055.SZ,000055,20251209,101353010,0,16086289,0,S,42800,1100,
000055.SZ,000055,20251209,101353010,0,16086307,0,S,42700,100,
000055.SZ,000055,20251209,101353030,0,16086335,0,B,42700,1600,
000055.SZ,000055,20251209,101353030,0,16086349,0,B,42700,900,
000055.SZ,000055,20251209,101353050,0,16086377,0,B,42700,500,
000055.SZ,000055,20251209,101353070,0,16086431,0,S,42800,100,
000055.SZ,000055,20251209,101353280,0,16087028,0,B,42700,100,
000055.SZ,000055,20251209,101353400,0,16087300,0,B,42700,800,
000055.SZ,000055,20251209,101353400,0,16087321,0,B,42700,4800,
000055.SZ,000055,20251209,101353540,0,16087756,0,B,42700,3000,
000055.SZ,000055,20251209,101353600,0,16087946,0,B,42700,700,
000055.SZ,000055,20251209,101353600,0,16087947,0,B,42700,800,
000055.SZ,000055,20251209,101353600,0,16087948,0,B,42700,800,
000055.SZ,000055,20251209,101353600,0,16087949,0,B,42700,800,
000055.SZ,000055,20251209,101353600,0,16087951,0,B,42700,800,
000055.SZ,000055,20251209,101354040,0,16088916,0,B,42800,26300,
000055.SZ,000055,20251209,101354730,0,16091301,0,B,42700,12000,
000055.SZ,000055,20251209,101354770,0,16091425,0,B,42700,1300,
000055.SZ,000055,20251209,101354900,0,16091783,0,B,42700,3700,
000055.SZ,000055,20251209,101354910,0,16091800,0,B,42700,900,
000055.SZ,000055,20251209,101354920,0,16091832,0,B,42700,100,
000055.SZ,000055,20251209,101354950,0,16091890,0,B,42700,1300,
000055.SZ,000055,20251209,101354950,0,16091896,0,B,42700,1300,
000055.SZ,000055,20251209,101355500,0,16093432,0,B,42700,1400,
000055.SZ,000055,20251209,101355520,0,16093476,0,B,42700,2600,
000055.SZ,000055,20251209,101355600,0,16093697,0,B,42700,3900,
000055.SZ,000055,20251209,101355760,0,16094123,0,B,42700,1000,
000055.SZ,000055,20251209,101356740,0,16096452,0,B,42700,1000,
000055.SZ,000055,20251209,101357280,0,16097933,0,B,42700,700,
000055.SZ,000055,20251209,101357920,0,16099858,0,B,42700,100,
000055.SZ,000055,20251209,101357920,0,16099860,0,B,42700,100,
000055.SZ,000055,20251209,101358100,0,16100368,0,S,42800,3500,
000055.SZ,000055,20251209,101358500,0,16101595,0,B,42700,100,
000055.SZ,000055,20251209,101358840,0,16102572,0,B,42700,400,
000055.SZ,000055,20251209,101400750,0,16108759,0,B,42700,1000,
000055.SZ,000055,20251209,101400870,0,16109459,0,B,42700,700,
000055.SZ,000055,20251209,101402600,0,16115780,0,B,42700,9300,
000055.SZ,000055,20251209,101404780,0,16123009,0,B,42700,13000,
000055.SZ,000055,20251209,101404940,0,16123610,0,S,42800,900,
000055.SZ,000055,20251209,101404940,0,16123611,0,S,42700,4000,
000055.SZ,000055,20251209,101405310,0,16124985,0,B,42000,6000,
000055.SZ,000055,20251209,101405560,0,16125834,0,B,42700,100,
000055.SZ,000055,20251209,101406280,0,16128572,0,B,42500,500,
000055.SZ,000055,20251209,101409920,0,16140086,0,B,42700,2800,
000055.SZ,000055,20251209,101415620,0,16155377,0,B,42700,100,
000055.SZ,000055,20251209,101415920,0,16156324,0,B,42700,3500,
000055.SZ,000055,20251209,101415930,0,16156353,0,S,43600,30000,
000055.SZ,000055,20251209,101415950,0,16156414,0,B,42700,400,
000055.SZ,000055,20251209,101416590,0,16158264,0,B,42700,2800,
000055.SZ,000055,20251209,101418300,0,16163437,0,B,42700,900,
000055.SZ,000055,20251209,101425350,0,16185397,0,S,42700,3600,
000055.SZ,000055,20251209,101425600,0,16186291,0,S,42800,1800,
000055.SZ,000055,20251209,101427780,0,16191957,0,S,42700,100000,
000055.SZ,000055,20251209,101427800,0,16192036,0,S,42700,200,
000055.SZ,000055,20251209,101427810,0,16192089,0,B,42700,13400,
000055.SZ,000055,20251209,101427810,0,16192096,0,B,42700,300,
000055.SZ,000055,20251209,101427820,0,16192107,0,B,42700,1100,
000055.SZ,000055,20251209,101427820,0,16192113,0,B,42700,1100,
000055.SZ,000055,20251209,101427820,0,16192116,0,B,42700,800,
000055.SZ,000055,20251209,101427820,0,16192119,0,B,42700,900,
000055.SZ,000055,20251209,101427820,0,16192121,0,B,42700,100,
000055.SZ,000055,20251209,101427820,0,16192123,0,B,42700,900,
000055.SZ,000055,20251209,101427820,0,16192125,0,S,42700,100,
000055.SZ,000055,20251209,101427820,0,16192128,0,B,42700,300,
000055.SZ,000055,20251209,101427820,0,16192134,0,B,42700,1100,
000055.SZ,000055,20251209,101427830,0,16192144,0,B,42700,400,
000055.SZ,000055,20251209,101427830,0,16192156,0,B,42700,1100,
000055.SZ,000055,20251209,101427830,0,16192164,0,B,42700,600,
000055.SZ,000055,20251209,101427830,0,16192168,0,B,42700,1000,
000055.SZ,000055,20251209,101427840,0,16192183,0,S,42700,100,
000055.SZ,000055,20251209,101428390,0,16193749,0,B,42700,12900,
000055.SZ,000055,20251209,101428470,0,16194013,0,S,42800,200,
000055.SZ,000055,20251209,101428480,0,16194021,0,S,42800,1400,
000055.SZ,000055,20251209,101429330,0,16196276,0,B,42900,100,
000055.SZ,000055,20251209,101429610,0,16196990,0,B,42700,800,
000055.SZ,000055,20251209,101430150,0,16198180,0,S,42800,300,
000055.SZ,000055,20251209,101430150,0,16198181,0,S,42800,200,
000055.SZ,000055,20251209,101430150,0,16198182,0,S,42800,200,
000055.SZ,000055,20251209,101430530,0,16199522,0,B,42700,1300,
000055.SZ,000055,20251209,101430600,0,16199768,0,B,42700,1200,
000055.SZ,000055,20251209,101430710,0,16200102,0,B,42700,1300,
000055.SZ,000055,20251209,101430930,0,16200900,0,B,42700,1300,
000055.SZ,000055,20251209,101430940,0,16200914,0,B,42700,1300,
000055.SZ,000055,20251209,101430950,0,16200972,0,B,42700,1300,
000055.SZ,000055,20251209,101432120,0,16205232,0,B,42700,1300,
000055.SZ,000055,20251209,101432890,0,16207498,0,S,42800,1300,
000055.SZ,000055,20251209,101433270,0,16208625,0,S,42800,2100,
000055.SZ,000055,20251209,101433320,0,16208799,0,S,42900,5000,
000055.SZ,000055,20251209,101433640,0,16209712,0,B,42700,1000,
000055.SZ,000055,20251209,101433730,0,16210045,0,B,42700,5000,
000055.SZ,000055,20251209,101433900,0,16210510,0,B,42700,2500,
000055.SZ,000055,20251209,101433930,0,16210630,0,B,42700,1300,
000055.SZ,000055,20251209,101435340,0,16215075,0,B,42700,1000,
000055.SZ,000055,20251209,101435540,0,16215635,0,S,42900,1800,
000055.SZ,000055,20251209,101435670,0,16216000,0,B,42700,11100,
000055.SZ,000055,20251209,101436950,0,16219527,0,B,42700,1200,
000055.SZ,000055,20251209,101437030,0,16219719,0,B,42700,1200,
000055.SZ,000055,20251209,101437030,0,16219735,0,S,42800,800,
000055.SZ,000055,20251209,101437030,0,16219736,0,S,42800,1000,
000055.SZ,000055,20251209,101437300,0,16220557,0,S,42900,400,
000055.SZ,000055,20251209,101437350,0,16220735,0,B,42700,1000,
000055.SZ,000055,20251209,101437590,0,16221579,0,S,42800,900,
000055.SZ,000055,20251209,101438090,0,16222923,0,S,42700,14300,
000055.SZ,000055,20251209,101438360,0,16223550,0,S,42700,1400,
000055.SZ,000055,20251209,101440350,0,16229301,0,B,42700,3000,
000055.SZ,000055,20251209,101442750,0,16236155,0,B,42700,4000,
000055.SZ,000055,20251209,101442930,0,16236752,0,B,42700,1300,
000055.SZ,000055,20251209,101443150,0,16237347,0,B,42700,1000,
000055.SZ,000055,20251209,101444600,0,16241213,0,S,42800,1800,
000055.SZ,000055,20251209,101445730,0,16244648,0,B,42700,2000,
000055.SZ,000055,20251209,101446110,0,16245890,0,B,42700,1300,
000055.SZ,000055,20251209,101446670,0,16247693,0,S,43900,60000,
000055.SZ,000055,20251209,101448640,0,16253298,0,B,42700,1000,
000055.SZ,000055,20251209,101448740,0,16253620,0,B,42700,1000,
000055.SZ,000055,20251209,101449590,0,16256044,0,B,42500,2000,
000055.SZ,000055,20251209,101451730,0,16262618,0,B,42700,1000,
000055.SZ,000055,20251209,101451890,0,16263084,0,S,42800,11100,
000055.SZ,000055,20251209,101452240,0,16264009,0,S,42700,21000,
000055.SZ,000055,20251209,101452800,0,16265532,0,S,42800,1800,
000055.SZ,000055,20251209,101454950,0,16272155,0,B,42700,1200,
000055.SZ,000055,20251209,101455180,0,16272786,0,B,42700,1300,
000055.SZ,000055,20251209,101456000,0,16275515,0,B,42700,13000,
000055.SZ,000055,20251209,101456120,0,16275969,0,S,42700,3300,
000055.SZ,000055,20251209,101502240,0,16298188,0,B,42700,400,
000055.SZ,000055,20251209,101503740,0,16302879,0,B,42700,1000,
000055.SZ,000055,20251209,101505350,0,16309045,0,B,42700,1000,
000055.SZ,000055,20251209,101505420,0,16309265,0,B,42700,100,
000055.SZ,000055,20251209,101505500,0,16309464,0,B,42700,1200,
000055.SZ,000055,20251209,101505890,0,16310646,0,S,42700,3800,
000055.SZ,000055,20251209,101506000,0,16310996,0,S,42700,32400,
000055.SZ,000055,20251209,101506150,0,16311674,0,B,42600,200,
000055.SZ,000055,20251209,101506200,0,16312000,0,B,42600,400,
000055.SZ,000055,20251209,101506200,0,16312006,0,B,42600,200,
000055.SZ,000055,20251209,101506210,0,16312022,0,S,42900,5100,
000055.SZ,000055,20251209,101506210,0,16312026,0,B,42700,200,
000055.SZ,000055,20251209,101506290,0,16312303,0,B,42600,200,
000055.SZ,000055,20251209,101506290,0,16312316,0,B,42700,600,
000055.SZ,000055,20251209,101508640,0,16320290,0,S,42600,1200,
000055.SZ,000055,20251209,101509050,0,16321487,0,S,42900,18300,
000055.SZ,000055,20251209,101509100,0,16321694,0,B,42700,800,
000055.SZ,000055,20251209,101509110,0,16321745,0,B,42700,100,
000055.SZ,000055,20251209,101509150,0,16321885,0,S,42700,500,
000055.SZ,000055,20251209,101509170,0,16321946,0,S,42700,900,
000055.SZ,000055,20251209,101509170,0,16321976,0,S,42600,9000,
000055.SZ,000055,20251209,101509250,0,16322298,0,S,42900,1200,
000055.SZ,000055,20251209,101509470,0,16322907,0,S,42600,3600,
000055.SZ,000055,20251209,101509580,0,16323292,0,B,42700,100,
000055.SZ,000055,20251209,101509650,0,16323539,0,S,42600,2400,
000055.SZ,000055,20251209,101509860,0,16324327,0,B,42700,100,
000055.SZ,000055,20251209,101509880,0,16324443,0,B,42700,600,
000055.SZ,000055,20251209,101510180,0,16325520,0,B,42700,200,
000055.SZ,000055,20251209,101510230,0,16325710,0,S,42600,5300,
000055.SZ,000055,20251209,101510260,0,16325801,0,B,42700,200,
000055.SZ,000055,20251209,101510260,0,16325803,0,S,42600,18300,
000055.SZ,000055,20251209,101510420,0,16326284,0,B,42600,800,
000055.SZ,000055,20251209,101510700,0,16327311,0,S,42600,1200,
000055.SZ,000055,20251209,101511540,0,16330071,0,B,42700,300,
000055.SZ,000055,20251209,101513200,0,16336175,0,S,42600,3100,
000055.SZ,000055,20251209,101513210,0,16336193,0,B,42600,300,
000055.SZ,000055,20251209,101513210,0,16336194,0,B,42600,400,
000055.SZ,000055,20251209,101513210,0,16336196,0,B,42600,200,
000055.SZ,000055,20251209,101513230,0,16336321,0,B,42600,200,
000055.SZ,000055,20251209,101515250,0,16342739,0,B,42600,200,
000055.SZ,000055,20251209,101515250,0,16342760,0,B,42600,200,
000055.SZ,000055,20251209,101515640,0,16344218,0,B,42700,800,
000055.SZ,000055,20251209,101515760,0,16344620,0,S,42700,400,
000055.SZ,000055,20251209,101525050,0,16382375,0,S,42800,600,
000055.SZ,000055,20251209,101525060,0,16382384,0,B,42700,100,
000055.SZ,000055,20251209,101525060,0,16382387,0,B,42700,100,
000055.SZ,000055,20251209,101525060,0,16382392,0,S,42600,4500,
000055.SZ,000055,20251209,101526420,0,16388081,0,S,42700,100,
000055.SZ,000055,20251209,101527540,0,16391881,0,S,42600,100,
000055.SZ,000055,20251209,101528090,0,16394418,0,S,42700,100,
000055.SZ,000055,20251209,101534290,0,16419761,0,S,42600,4500,
000055.SZ,000055,20251209,101534300,0,16419781,0,S,42700,200,
000055.SZ,000055,20251209,101534300,0,16419782,0,S,42700,200,
000055.SZ,000055,20251209,101534350,0,16420009,0,S,42800,212550,
000055.SZ,000055,20251209,101536190,0,16426290,0,S,42700,200,
000055.SZ,000055,20251209,101536190,0,16426306,0,S,42700,300,
000055.SZ,000055,20251209,101536190,0,16426307,0,S,42700,300,
000055.SZ,000055,20251209,101536380,0,16427454,0,S,42700,2700,
000055.SZ,000055,20251209,101536590,0,16428318,0,S,42700,300,
000055.SZ,000055,20251209,101536810,0,16429098,0,S,42700,100,
000055.SZ,000055,20251209,101537220,0,16430594,0,S,42700,21000,
000055.SZ,000055,20251209,101538960,0,16435861,0,B,42600,5900,
000055.SZ,000055,20251209,101538970,0,16435878,0,S,42700,800,
000055.SZ,000055,20251209,101539170,0,16436402,0,S,42700,300,
000055.SZ,000055,20251209,101542150,0,16446131,0,S,42700,300,
000055.SZ,000055,20251209,101543340,0,16450163,0,S,42700,2000,
000055.SZ,000055,20251209,101543340,0,16450213,0,S,42700,4100,
000055.SZ,000055,20251209,101545750,0,16458638,0,S,42700,1000,
000055.SZ,000055,20251209,101546730,0,16462263,0,S,42700,1000,
000055.SZ,000055,20251209,101546740,0,16462274,0,S,42700,500,
000055.SZ,000055,20251209,101547820,0,16465567,0,B,42700,2000,
000055.SZ,000055,20251209,101548740,0,16468439,0,S,42700,2000,
000055.SZ,000055,20251209,101548900,0,16468987,0,B,42600,4700,
000055.SZ,000055,20251209,101549110,0,16469568,0,S,42700,1300,
000055.SZ,000055,20251209,101549120,0,16469592,0,S,42700,200,
000055.SZ,000055,20251209,101549130,0,16469644,0,S,42700,1000,
000055.SZ,000055,20251209,101551150,0,16475935,0,S,42700,200,
000055.SZ,000055,20251209,101552810,0,16481954,0,S,42600,3000,
000055.SZ,000055,20251209,101552810,0,16481969,0,S,42700,200,
000055.SZ,000055,20251209,101552810,0,16481972,0,S,42700,200,
000055.SZ,000055,20251209,101554130,0,16485539,0,S,42700,100,
000055.SZ,000055,20251209,101554390,0,16486425,0,B,42600,5000,
000055.SZ,000055,20251209,101556510,0,16493017,0,B,42400,3000,
000055.SZ,000055,20251209,101557150,0,16494643,0,S,42700,100,
000055.SZ,000055,20251209,101600450,0,16504239,0,S,42600,1800,
000055.SZ,000055,20251209,101609110,0,16533593,0,B,41800,5000,
000055.SZ,000055,20251209,101609410,0,16534640,0,B,42600,1800,
000055.SZ,000055,20251209,101611240,0,16540730,0,B,42600,1000,
000055.SZ,000055,20251209,101619500,0,16569877,0,S,42700,4900,
000055.SZ,000055,20251209,101621230,0,16575364,0,S,42700,100,
000055.SZ,000055,20251209,101625010,0,16587859,0,S,42700,1500,
000055.SZ,000055,20251209,101625020,0,16587869,0,S,42600,5600,
000055.SZ,000055,20251209,101625430,0,16589231,0,S,42700,8300,
000055.SZ,000055,20251209,101626100,0,16590884,0,B,42600,1000,
000055.SZ,000055,20251209,101627160,0,16594144,0,S,42700,100,
000055.SZ,000055,20251209,101631290,0,16608858,0,S,42700,5200,
000055.SZ,000055,20251209,101635760,0,16623521,0,B,42700,2600,
000055.SZ,000055,20251209,101636610,0,16626529,0,B,42600,900,
000055.SZ,000055,20251209,101639150,0,16634067,0,S,42700,300,
000055.SZ,000055,20251209,101646290,0,16656788,0,B,42400,3000,
000055.SZ,000055,20251209,101647250,0,16659817,0,S,42500,6200,
000055.SZ,000055,20251209,101649350,0,16666266,0,S,42600,5600,
000055.SZ,000055,20251209,101649360,0,16666277,0,S,42700,4500,
000055.SZ,000055,20251209,101649370,0,16666332,0,S,42700,1000,
000055.SZ,000055,20251209,101651140,0,16671943,0,B,42500,100,
000055.SZ,000055,20251209,101651150,0,16671951,0,B,42600,100,
000055.SZ,000055,20251209,101651150,0,16671953,0,B,42600,100,
000055.SZ,000055,20251209,101651150,0,16671954,0,B,42600,100,
000055.SZ,000055,20251209,101651150,0,16671966,0,B,42600,100,
000055.SZ,000055,20251209,101654680,0,16681565,0,S,42700,1200,
000055.SZ,000055,20251209,101654690,0,16681573,0,S,42600,1400,
000055.SZ,000055,20251209,101654690,0,16681575,0,S,42700,1900,
000055.SZ,000055,20251209,101700420,0,16701127,0,B,42600,5000,
000055.SZ,000055,20251209,101703270,0,16711762,0,S,43000,1000,
000055.SZ,000055,20251209,101704950,0,16718051,0,S,42700,7000,
000055.SZ,000055,20251209,101706210,0,16722720,0,S,42700,1000,
000055.SZ,000055,20251209,101706950,0,16725267,0,B,42500,5000,
000055.SZ,000055,20251209,101710170,0,16737987,0,B,42700,200,
000055.SZ,000055,20251209,101710580,0,16739911,0,B,42600,20000,
000055.SZ,000055,20251209,101713850,0,16750591,0,B,42600,100,
000055.SZ,000055,20251209,101717010,0,16761175,0,B,42600,5000,
000055.SZ,000055,20251209,101719470,0,16769448,0,B,42700,14800,
000055.SZ,000055,20251209,101721180,0,16774820,0,B,42600,100,
000055.SZ,000055,20251209,101721190,0,16774858,0,B,42600,200,
000055.SZ,000055,20251209,101727210,0,16793520,0,B,42600,25100,
000055.SZ,000055,20251209,101731140,0,16805042,0,B,42700,100,
000055.SZ,000055,20251209,101731260,0,16805337,0,B,42500,5000,
000055.SZ,000055,20251209,101733830,0,16812770,0,S,42600,2400,
000055.SZ,000055,20251209,101739000,0,16827043,0,S,42600,500,
000055.SZ,000055,20251209,101739310,0,16827951,0,S,42700,100,
000055.SZ,000055,20251209,101749100,0,16856055,0,B,42500,4600,
000055.SZ,000055,20251209,101759370,0,16886287,0,B,42500,2000,
000055.SZ,000055,20251209,101811230,0,16924351,0,S,43100,1000,
000055.SZ,000055,20251209,101811810,0,16925476,0,S,42600,300,
000055.SZ,000055,20251209,101819310,0,16945126,0,B,42600,5000,
000055.SZ,000055,20251209,101828180,0,16970519,0,S,47500,3000,
000055.SZ,000055,20251209,101830070,0,16976102,0,B,42600,2500,
000055.SZ,000055,20251209,101830810,0,16979019,0,S,42700,300,
000055.SZ,000055,20251209,101840370,0,17008903,0,S,42700,100,
000055.SZ,000055,20251209,101843000,0,17017268,0,S,42800,6000,
000055.SZ,000055,20251209,101859170,0,17067367,0,S,42600,100,
000055.SZ,000055,20251209,101859170,0,17067369,0,B,42700,500,
000055.SZ,000055,20251209,101859200,0,17067431,0,B,42700,100,
000055.SZ,000055,20251209,101859210,0,17067445,0,B,42700,200,
000055.SZ,000055,20251209,101859210,0,17067460,0,B,42700,100,
000055.SZ,000055,20251209,101859210,0,17067464,0,B,42700,100,
000055.SZ,000055,20251209,101859220,0,17067476,0,B,42700,100,
000055.SZ,000055,20251209,101859220,0,17067478,0,B,42700,100,
000055.SZ,000055,20251209,101859220,0,17067481,0,B,42700,100,
000055.SZ,000055,20251209,101859240,0,17067636,0,B,42700,100,
000055.SZ,000055,20251209,101859240,0,17067641,0,B,42700,100,
000055.SZ,000055,20251209,101859270,0,17067702,0,B,42700,100,
000055.SZ,000055,20251209,101859280,0,17067724,0,B,42700,100,
000055.SZ,000055,20251209,101910170,0,17107149,0,B,42700,100,
000055.SZ,000055,20251209,101917610,0,17128663,0,S,42700,2400,
000055.SZ,000055,20251209,101921570,0,17143283,0,S,42700,3000,
000055.SZ,000055,20251209,101927420,0,17160510,0,B,42600,1800,
000055.SZ,000055,20251209,101934140,0,17180517,0,B,42700,14500,
000055.SZ,000055,20251209,101935690,0,17185410,0,B,42900,100,
000055.SZ,000055,20251209,101935690,0,17185422,0,B,42700,100,
000055.SZ,000055,20251209,101935690,0,17185428,0,B,42700,100,
000055.SZ,000055,20251209,101935710,0,17185485,0,B,42700,100,
000055.SZ,000055,20251209,101936500,0,17187477,0,B,42600,5000,
000055.SZ,000055,20251209,101939270,0,17195225,0,S,42700,100,
000055.SZ,000055,20251209,101939280,0,17195244,0,B,42700,100,
000055.SZ,000055,20251209,101939280,0,17195246,0,B,42700,100,
000055.SZ,000055,20251209,101939280,0,17195249,0,B,42700,100,
000055.SZ,000055,20251209,101939280,0,17195251,0,B,42700,100,
000055.SZ,000055,20251209,101939280,0,17195253,0,B,42700,100,
000055.SZ,000055,20251209,101939280,0,17195255,0,B,42700,100,
000055.SZ,000055,20251209,101939280,0,17195257,0,B,42700,100,
000055.SZ,000055,20251209,101939280,0,17195259,0,B,42700,100,
000055.SZ,000055,20251209,101939280,0,17195263,0,B,42700,100,
000055.SZ,000055,20251209,101939280,0,17195268,0,B,42700,100,
000055.SZ,000055,20251209,101939280,0,17195284,0,B,42700,100,
000055.SZ,000055,20251209,101939300,0,17195333,0,B,42700,100,
000055.SZ,000055,20251209,101939320,0,17195393,0,B,42700,100,
000055.SZ,000055,20251209,101945270,0,17213798,0,S,42600,100,
000055.SZ,000055,20251209,101945360,0,17214160,0,S,42700,100,
000055.SZ,000055,20251209,102005960,0,17277450,0,B,42700,2800,
000055.SZ,000055,20251209,102009760,0,17290346,0,S,42700,100,
000055.SZ,000055,20251209,102009970,0,17291205,0,S,42700,400,
000055.SZ,000055,20251209,102015980,0,17307603,0,S,42700,2400,
000055.SZ,000055,20251209,102016420,0,17309320,0,B,42600,1800,
000055.SZ,000055,20251209,102023540,0,17338032,0,S,42700,1200,
000055.SZ,000055,20251209,102026450,0,17349593,0,S,42600,100,
000055.SZ,000055,20251209,102026460,0,17349607,0,S,42700,200,
000055.SZ,000055,20251209,102026460,0,17349608,0,S,42700,300,
000055.SZ,000055,20251209,102027150,0,17351554,0,S,42700,300,
000055.SZ,000055,20251209,102027150,0,17351557,0,S,42700,100,
000055.SZ,000055,20251209,102027180,0,17351686,0,S,42700,3300,
000055.SZ,000055,20251209,102027520,0,17352705,0,S,42700,100,
000055.SZ,000055,20251209,102031090,0,17366963,0,B,42700,5200,
000055.SZ,000055,20251209,102031110,0,17367039,0,S,42700,200,
000055.SZ,000055,20251209,102033240,0,17375913,0,S,42700,200,
000055.SZ,000055,20251209,102034720,0,17383566,0,B,42700,2600,
000055.SZ,000055,20251209,102035780,0,17387521,0,S,42700,100,
000055.SZ,000055,20251209,102039800,0,17401499,0,S,42600,5000,
000055.SZ,000055,20251209,102039810,0,17401521,0,S,42700,800,
000055.SZ,000055,20251209,102040920,0,17405364,0,B,42700,50000,
000055.SZ,000055,20251209,102040920,0,17405402,0,S,42700,100,
000055.SZ,000055,20251209,102040930,0,17405412,0,B,42700,100,
000055.SZ,000055,20251209,102040930,0,17405413,0,B,42700,100,
000055.SZ,000055,20251209,102040930,0,17405414,0,B,42700,100,
000055.SZ,000055,20251209,102040930,0,17405415,0,B,42700,100,
000055.SZ,000055,20251209,102040930,0,17405417,0,B,42700,100,
000055.SZ,000055,20251209,102040930,0,17405418,0,B,42700,100,
000055.SZ,000055,20251209,102040930,0,17405419,0,B,42700,100,
000055.SZ,000055,20251209,102040930,0,17405421,0,B,42700,100,
000055.SZ,000055,20251209,102040930,0,17405423,0,B,42700,100,
000055.SZ,000055,20251209,102040930,0,17405424,0,B,42700,100,
000055.SZ,000055,20251209,102040930,0,17405425,0,B,42700,100,
000055.SZ,000055,20251209,102040930,0,17405426,0,B,42700,100,
000055.SZ,000055,20251209,102040930,0,17405427,0,B,42700,100,
000055.SZ,000055,20251209,102040930,0,17405429,0,B,42700,100,
000055.SZ,000055,20251209,102040930,0,17405430,0,B,42700,100,
000055.SZ,000055,20251209,102040950,0,17405469,0,B,42700,100,
000055.SZ,000055,20251209,102040950,0,17405470,0,B,42700,100,
000055.SZ,000055,20251209,102040950,0,17405483,0,B,42700,100,
000055.SZ,000055,20251209,102040960,0,17405486,0,B,42700,100,
000055.SZ,000055,20251209,102040970,0,17405527,0,S,42700,100,
000055.SZ,000055,20251209,102040980,0,17405537,0,B,42700,100,
000055.SZ,000055,20251209,102041000,0,17405619,0,S,42700,300,
000055.SZ,000055,20251209,102041000,0,17405629,0,S,42700,1000,
000055.SZ,000055,20251209,102048460,0,17430276,0,S,42700,800,
000055.SZ,000055,20251209,102050300,0,17436612,0,S,42700,5100,
000055.SZ,000055,20251209,102051170,0,17439306,0,S,42800,300,
000055.SZ,000055,20251209,102054240,0,17449429,0,S,42700,300,
000055.SZ,000055,20251209,102054790,0,17451821,0,S,43300,7800,
000055.SZ,000055,20251209,102055130,0,17453044,0,B,42600,1000,
000055.SZ,000055,20251209,102057220,0,17459845,0,B,42700,12500,
000055.SZ,000055,20251209,102058690,0,17465855,0,B,42700,1300,
000055.SZ,000055,20251209,102058700,0,17465906,0,B,42700,1400,
000055.SZ,000055,20251209,102059540,0,17468877,0,B,42700,1300,
000055.SZ,000055,20251209,102103060,0,17482920,0,S,42800,5500,
000055.SZ,000055,20251209,102112810,0,17517088,0,B,42700,100,
000055.SZ,000055,20251209,102115720,0,17527345,0,B,42700,100,
000055.SZ,000055,20251209,102117080,0,17532823,0,B,42700,3900,
000055.SZ,000055,20251209,102120750,0,17545495,0,B,42700,5600,
000055.SZ,000055,20251209,102121690,0,17549254,0,B,42700,100,
000055.SZ,000055,20251209,102122230,0,17551541,0,S,42800,5000,
000055.SZ,000055,20251209,102122730,0,17553352,0,B,42700,1100,
000055.SZ,000055,20251209,102124730,0,17559027,0,B,42700,2000,
000055.SZ,000055,20251209,102124770,0,17559164,0,B,42700,1300,
000055.SZ,000055,20251209,102130730,0,17576275,0,B,42700,2000,
000055.SZ,000055,20251209,102130900,0,17576840,0,B,42700,1300,
000055.SZ,000055,20251209,102133740,0,17585174,0,B,42700,1000,
000055.SZ,000055,20251209,102134560,0,17587863,0,B,42700,1200,
000055.SZ,000055,20251209,102135720,0,17591227,0,B,42700,100,
000055.SZ,000055,20251209,102144730,0,17617569,0,B,42700,17900,
000055.SZ,000055,20251209,102146630,0,17623852,0,B,42700,800,
000055.SZ,000055,20251209,102148630,0,17630068,0,B,42700,800,
000055.SZ,000055,20251209,102149700,0,17633777,0,S,42900,5100,
000055.SZ,000055,20251209,102151580,0,17639364,0,B,42700,100,
000055.SZ,000055,20251209,102152800,0,17643031,0,B,42300,300,
000055.SZ,000055,20251209,102152810,0,17643039,0,B,42700,100,
000055.SZ,000055,20251209,102152810,0,17643040,0,B,42700,100,
000055.SZ,000055,20251209,102152810,0,17643041,0,B,42700,100,
000055.SZ,000055,20251209,102152820,0,17643070,0,B,42700,100,
000055.SZ,000055,20251209,102158180,0,17660230,0,B,42800,300,
000055.SZ,000055,20251209,102158190,0,17660253,0,B,42700,15400,
000055.SZ,000055,20251209,102158630,0,17661853,0,B,42700,2100,
000055.SZ,000055,20251209,102158630,0,17661856,0,B,42700,800,
000055.SZ,000055,20251209,102158630,0,17661857,0,B,42700,800,
000055.SZ,000055,20251209,102158630,0,17661862,0,B,42700,3300,
000055.SZ,000055,20251209,102158640,0,17661866,0,B,42700,3200,
000055.SZ,000055,20251209,102158640,0,17661868,0,B,42700,2500,
000055.SZ,000055,20251209,102158760,0,17662204,0,B,42700,800,
000055.SZ,000055,20251209,102158760,0,17662205,0,B,42700,800,
000055.SZ,000055,20251209,102158760,0,17662206,0,B,42700,1500,
000055.SZ,000055,20251209,102158760,0,17662211,0,B,42700,800,
000055.SZ,000055,20251209,102158760,0,17662215,0,B,42700,3900,
000055.SZ,000055,20251209,102158880,0,17662565,0,B,42800,100,
000055.SZ,000055,20251209,102158900,0,17662654,0,B,42700,400,
000055.SZ,000055,20251209,102200300,0,17666918,0,S,42800,100,
000055.SZ,000055,20251209,102200320,0,17666994,0,B,42700,600,
000055.SZ,000055,20251209,102200320,0,17666995,0,B,42700,1800,
000055.SZ,000055,20251209,102200320,0,17666996,0,B,42700,700,
000055.SZ,000055,20251209,102200320,0,17666997,0,B,42700,600,
000055.SZ,000055,20251209,102200320,0,17666998,0,B,42700,1600,
000055.SZ,000055,20251209,102200340,0,17667114,0,B,42700,800,
000055.SZ,000055,20251209,102200350,0,17667443,0,B,42700,1300,
000055.SZ,000055,20251209,102200360,0,17667485,0,B,42700,600,
000055.SZ,000055,20251209,102200420,0,17667968,0,B,42700,900,
000055.SZ,000055,20251209,102200420,0,17667973,0,B,42700,600,
000055.SZ,000055,20251209,102200420,0,17667976,0,B,42700,200,
000055.SZ,000055,20251209,102200420,0,17667998,0,B,42700,400,
000055.SZ,000055,20251209,102200630,0,17669760,0,B,42700,700,
000055.SZ,000055,20251209,102200630,0,17669761,0,B,42700,700,
000055.SZ,000055,20251209,102200630,0,17669762,0,B,42700,800,
000055.SZ,000055,20251209,102200630,0,17669764,0,B,42700,700,
000055.SZ,000055,20251209,102200640,0,17669774,0,B,42700,800,
000055.SZ,000055,20251209,102200640,0,17669775,0,B,42700,1600,
000055.SZ,000055,20251209,102200750,0,17670431,0,B,42700,1100,
000055.SZ,000055,20251209,102200760,0,17670435,0,B,42700,800,
000055.SZ,000055,20251209,102212740,0,17717672,0,S,42900,5100,
000055.SZ,000055,20251209,102220760,0,17739065,0,B,42700,800,
000055.SZ,000055,20251209,102224440,0,17748869,0,B,42700,1500,
000055.SZ,000055,20251209,102231690,0,17770186,0,B,42700,700,
000055.SZ,000055,20251209,102242260,0,17799450,0,B,42800,40000,
000055.SZ,000055,20251209,102242750,0,17800781,0,B,42700,600,
000055.SZ,000055,20251209,102242760,0,17800813,0,S,42900,600,
000055.SZ,000055,20251209,102246430,0,17811150,0,B,42700,800,
000055.SZ,000055,20251209,102246430,0,17811164,0,B,42800,209400,
000055.SZ,000055,20251209,102246440,0,17811180,0,B,42800,100,
000055.SZ,000055,20251209,102246440,0,17811187,0,B,42800,3500,
000055.SZ,000055,20251209,102246440,0,17811192,0,B,42700,1800,
000055.SZ,000055,20251209,102246450,0,17811265,0,B,42700,900,
000055.SZ,000055,20251209,102246790,0,17812442,0,B,42800,100,
000055.SZ,000055,20251209,102246790,0,17812445,0,B,42800,100,
000055.SZ,000055,20251209,102246810,0,17812543,0,B,42800,100,
000055.SZ,000055,20251209,102246830,0,17812623,0,B,42800,100,
000055.SZ,000055,20251209,102246870,0,17812764,0,B,42800,100,
000055.SZ,000055,20251209,102247520,0,17814567,0,B,42800,1300,
000055.SZ,000055,20251209,102247520,0,17814575,0,S,42900,200,
000055.SZ,000055,20251209,102247520,0,17814576,0,S,42900,200,
000055.SZ,000055,20251209,102247580,0,17814726,0,B,42800,100,
000055.SZ,000055,20251209,102248110,0,17815991,0,B,43000,100,
000055.SZ,000055,20251209,102248120,0,17816011,0,B,42700,300,
000055.SZ,000055,20251209,102248120,0,17816012,0,B,42700,200,
000055.SZ,000055,20251209,102248250,0,17816308,0,B,42800,1300,
000055.SZ,000055,20251209,102248250,0,17816318,0,B,42800,900,
000055.SZ,000055,20251209,102248250,0,17816319,0,B,42800,600,
000055.SZ,000055,20251209,102248250,0,17816320,0,B,42800,200,
000055.SZ,000055,20251209,102248250,0,17816321,0,B,42800,400,
000055.SZ,000055,20251209,102248290,0,17816409,0,B,42800,600,
000055.SZ,000055,20251209,102248300,0,17816430,0,B,42800,600,
000055.SZ,000055,20251209,102248310,0,17816443,0,B,42800,1800,
000055.SZ,000055,20251209,102248310,0,17816444,0,B,42800,600,
000055.SZ,000055,20251209,102248310,0,17816447,0,B,42800,700,
000055.SZ,000055,20251209,102248310,0,17816448,0,B,42800,1600,
000055.SZ,000055,20251209,102248320,0,17816605,0,B,42800,800,
000055.SZ,000055,20251209,102248350,0,17816669,0,B,42800,900,
000055.SZ,000055,20251209,102248400,0,17816787,0,S,42800,100,
000055.SZ,000055,20251209,102248460,0,17816978,0,B,42800,200,
000055.SZ,000055,20251209,102248540,0,17817248,0,B,42800,600,
000055.SZ,000055,20251209,102248540,0,17817249,0,B,42800,600,
000055.SZ,000055,20251209,102248540,0,17817250,0,B,42800,500,
000055.SZ,000055,20251209,102248540,0,17817252,0,B,42800,600,
000055.SZ,000055,20251209,102248560,0,17817274,0,B,42800,500,
000055.SZ,000055,20251209,102248560,0,17817275,0,B,42800,600,
000055.SZ,000055,20251209,102248560,0,17817293,0,B,42800,600,
000055.SZ,000055,20251209,102248570,0,17817309,0,B,42800,600,
000055.SZ,000055,20251209,102248570,0,17817310,0,B,42800,600,
000055.SZ,000055,20251209,102248950,0,17818299,0,B,42800,100,
000055.SZ,000055,20251209,102249130,0,17818808,0,B,42800,1800,
000055.SZ,000055,20251209,102249130,0,17818820,0,S,42900,100,
000055.SZ,000055,20251209,102249130,0,17818822,0,S,42900,300,
000055.SZ,000055,20251209,102249130,0,17818827,0,S,42900,200,
000055.SZ,000055,20251209,102249430,0,17820348,0,B,42800,1800,
000055.SZ,000055,20251209,102249430,0,17820352,0,B,42800,1800,
000055.SZ,000055,20251209,102249430,0,17820358,0,B,42800,1900,
000055.SZ,000055,20251209,102249430,0,17820374,0,B,42800,800,
000055.SZ,000055,20251209,102254350,0,17833482,0,B,42600,20000,
000055.SZ,000055,20251209,102255210,0,17836274,0,B,42800,1300,
000055.SZ,000055,20251209,102257920,0,17843574,0,B,42800,1300,
000055.SZ,000055,20251209,102259030,0,17846497,0,S,43000,5000,
000055.SZ,000055,20251209,102259500,0,17847748,0,B,42800,10100,
000055.SZ,000055,20251209,102259910,0,17848584,0,B,42800,1300,
000055.SZ,000055,20251209,102300700,0,17852200,0,B,42800,3800,
000055.SZ,000055,20251209,102301940,0,17855659,0,B,42800,6400,
000055.SZ,000055,20251209,102303860,0,17861731,0,B,42800,100,
000055.SZ,000055,20251209,102307570,0,17873645,0,B,42800,2500,
000055.SZ,000055,20251209,102307910,0,17874564,0,B,42600,100,
000055.SZ,000055,20251209,102315780,0,17894309,0,S,42900,100,
000055.SZ,000055,20251209,102318150,0,17900108,0,S,42900,100,
000055.SZ,000055,20251209,102321420,0,17909552,0,S,43000,100,
000055.SZ,000055,20251209,102326940,0,17924731,0,B,42700,3000,
000055.SZ,000055,20251209,102327850,0,17927812,0,B,42900,6400,
000055.SZ,000055,20251209,102327890,0,17927876,0,B,42800,200,
000055.SZ,000055,20251209,102330180,0,17934170,0,B,42800,200,
000055.SZ,000055,20251209,102330290,0,17934434,0,B,42800,400,
000055.SZ,000055,20251209,102330310,0,17934519,0,S,42900,200,
000055.SZ,000055,20251209,102333650,0,17945112,0,B,42600,6000,
000055.SZ,000055,20251209,102341710,0,17971016,0,B,42600,5000,
000055.SZ,000055,20251209,102344220,0,17978042,0,S,43200,500,
000055.SZ,000055,20251209,102358170,0,18017009,0,B,42900,100,
000055.SZ,000055,20251209,102401210,0,18027864,0,B,42700,1000,
000055.SZ,000055,20251209,102403320,0,18034397,0,S,43000,1800,
000055.SZ,000055,20251209,102406380,0,18044254,0,B,42700,5000,
000055.SZ,000055,20251209,102413360,0,18067973,0,B,42600,1000,
000055.SZ,000055,20251209,102413360,0,18067977,0,B,42800,500,
000055.SZ,000055,20251209,102414690,0,18071549,0,S,47500,6500,
000055.SZ,000055,20251209,102416380,0,18077558,0,B,42800,30000,
000055.SZ,000055,20251209,102419120,0,18086616,0,S,43000,500,
000055.SZ,000055,20251209,102420020,0,18090055,0,B,42700,100,
000055.SZ,000055,20251209,102428670,0,18117145,0,S,43500,4900,
000055.SZ,000055,20251209,102435980,0,18142382,0,S,43300,1000,
000055.SZ,000055,20251209,102442150,0,18162475,0,B,42600,200,
000055.SZ,000055,20251209,102446250,0,18173920,0,S,43000,1000,
000055.SZ,000055,20251209,102453130,0,18195787,0,B,42800,5000,
000055.SZ,000055,20251209,102456230,0,18206163,0,B,42700,100,
000055.SZ,000055,20251209,102510290,0,18260832,0,B,42800,500,
000055.SZ,000055,20251209,102511280,0,18263836,0,S,43300,1500,
000055.SZ,000055,20251209,102512340,0,18266560,0,S,42900,5000,
000055.SZ,000055,20251209,102535760,0,18343322,0,S,43000,1400,
000055.SZ,000055,20251209,102535770,0,18343356,0,B,42800,100,
000055.SZ,000055,20251209,102535770,0,18343357,0,B,42800,100,
000055.SZ,000055,20251209,102535770,0,18343361,0,B,42800,100,
000055.SZ,000055,20251209,102535770,0,18343364,0,B,42800,100,
000055.SZ,000055,20251209,102535990,0,18343965,0,B,42800,100,
000055.SZ,000055,20251209,102543370,0,18366344,0,S,43100,1200,
000055.SZ,000055,20251209,102543380,0,18366376,0,B,42800,100,
000055.SZ,000055,20251209,102543380,0,18366379,0,B,42800,100,
000055.SZ,000055,20251209,102543380,0,18366380,0,B,42800,100,
000055.SZ,000055,20251209,102543380,0,18366382,0,B,42800,100,
000055.SZ,000055,20251209,102543380,0,18366384,0,B,42800,100,
000055.SZ,000055,20251209,102543380,0,18366386,0,B,42800,100,
000055.SZ,000055,20251209,102543380,0,18366387,0,B,42800,100,
000055.SZ,000055,20251209,102543380,0,18366394,0,B,42800,100,
000055.SZ,000055,20251209,102543380,0,18366395,0,B,42800,100,
000055.SZ,000055,20251209,102543380,0,18366402,0,B,42800,100,
000055.SZ,000055,20251209,102543390,0,18366407,0,B,42800,100,
000055.SZ,000055,20251209,102543390,0,18366415,0,B,42800,100,
000055.SZ,000055,20251209,102543390,0,18366416,0,B,42800,100,
000055.SZ,000055,20251209,102555480,0,18402367,0,B,42400,5000,
000055.SZ,000055,20251209,102555600,0,18402873,0,B,42800,400,
000055.SZ,000055,20251209,102558190,0,18411101,0,B,42900,400,
000055.SZ,000055,20251209,102558200,0,18411125,0,B,42800,300,
000055.SZ,000055,20251209,102558200,0,18411133,0,B,42800,200,
000055.SZ,000055,20251209,102558210,0,18411150,0,B,42800,200,
000055.SZ,000055,20251209,102558210,0,18411160,0,B,42800,200,
000055.SZ,000055,20251209,102558220,0,18411199,0,B,42800,200,
000055.SZ,000055,20251209,102558650,0,18412903,0,B,42800,1000,
000055.SZ,000055,20251209,102600770,0,18421722,0,B,42900,1200,
000055.SZ,000055,20251209,102600770,0,18421725,0,B,42900,1300,
000055.SZ,000055,20251209,102600770,0,18421731,0,B,42900,2900,
000055.SZ,000055,20251209,102600780,0,18421743,0,B,42900,1000,
000055.SZ,000055,20251209,102600780,0,18421749,0,B,42900,2500,
000055.SZ,000055,20251209,102600780,0,18421756,0,B,42900,100,
000055.SZ,000055,20251209,102600780,0,18421762,0,B,42900,900,
000055.SZ,000055,20251209,102600790,0,18421794,0,B,42800,300,
000055.SZ,000055,20251209,102600790,0,18421795,0,B,42800,200,
000055.SZ,000055,20251209,102600820,0,18421958,0,B,42800,200,
000055.SZ,000055,20251209,102600830,0,18421964,0,B,42900,400,
000055.SZ,000055,20251209,102600830,0,18421968,0,B,42900,9000,
000055.SZ,000055,20251209,102601390,0,18424239,0,B,42900,13900,
000055.SZ,000055,20251209,102601390,0,18424246,0,B,42900,4900,
000055.SZ,000055,20251209,102601390,0,18424258,0,B,42900,4300,
000055.SZ,000055,20251209,102601390,0,18424269,0,B,42900,6000,
000055.SZ,000055,20251209,102601390,0,18424273,0,B,42900,3400,
000055.SZ,000055,20251209,102601390,0,18424284,0,B,42900,2600,
000055.SZ,000055,20251209,102601390,0,18424290,0,B,42900,100,
000055.SZ,000055,20251209,102601390,0,18424297,0,B,42900,3900,
000055.SZ,000055,20251209,102601390,0,18424299,0,B,42900,100,
000055.SZ,000055,20251209,102601390,0,18424300,0,B,42900,6000,
000055.SZ,000055,20251209,102601390,0,18424301,0,B,42900,3800,
000055.SZ,000055,20251209,102601400,0,18424315,0,B,42900,4300,
000055.SZ,000055,20251209,102601410,0,18424392,0,B,42900,100,
000055.SZ,000055,20251209,102601450,0,18424612,0,B,42800,800,
000055.SZ,000055,20251209,102601460,0,18424638,0,B,43000,100,
000055.SZ,000055,20251209,102601460,0,18424641,0,B,43000,100,
000055.SZ,000055,20251209,102601460,0,18424655,0,B,43000,100,
000055.SZ,000055,20251209,102601480,0,18424707,0,B,42900,100,
000055.SZ,000055,20251209,102601480,0,18424709,0,B,42900,100,
000055.SZ,000055,20251209,102601480,0,18424710,0,B,42900,100,
000055.SZ,000055,20251209,102601510,0,18424816,0,B,42900,100,
000055.SZ,000055,20251209,102602020,0,18426710,0,B,42800,600,
000055.SZ,000055,20251209,102602020,0,18426711,0,S,43000,600,
000055.SZ,000055,20251209,102602040,0,18426731,0,S,43000,200,
000055.SZ,000055,20251209,102602040,0,18426732,0,S,43000,300,
000055.SZ,000055,20251209,102603150,0,18430668,0,S,43000,200,
000055.SZ,000055,20251209,102603190,0,18430815,0,B,43200,600,
000055.SZ,000055,20251209,102603200,0,18430837,0,B,42900,400,
000055.SZ,000055,20251209,102603200,0,18430843,0,B,42900,200,
000055.SZ,000055,20251209,102603460,0,18432204,0,S,42900,200,
000055.SZ,000055,20251209,102603570,0,18432626,0,B,42900,100,
000055.SZ,000055,20251209,102604440,0,18436774,0,B,42900,1200,
000055.SZ,000055,20251209,102606410,0,18444297,0,S,42900,5700,
000055.SZ,000055,20251209,102608080,0,18451485,0,B,42600,200,
000055.SZ,000055,20251209,102608110,0,18451545,0,B,42900,100,
000055.SZ,000055,20251209,102608110,0,18451547,0,B,42900,100700,
000055.SZ,000055,20251209,102608130,0,18451616,0,B,42900,100,
000055.SZ,000055,20251209,102608130,0,18451641,0,B,42900,100,
000055.SZ,000055,20251209,102608140,0,18451707,0,B,42900,100,
000055.SZ,000055,20251209,102609150,0,18455408,0,S,43000,200,
000055.SZ,000055,20251209,102610090,0,18459474,0,S,43000,800,
000055.SZ,000055,20251209,102610100,0,18459495,0,S,43000,200,
000055.SZ,000055,20251209,102610640,0,18461589,0,B,42900,1600,
000055.SZ,000055,20251209,102610640,0,18461590,0,B,42900,1900,
000055.SZ,000055,20251209,102610640,0,18461592,0,B,42900,1400,
000055.SZ,000055,20251209,102610640,0,18461594,0,B,42900,2900,
000055.SZ,000055,20251209,102610640,0,18461595,0,B,42900,1200,
000055.SZ,000055,20251209,102610640,0,18461597,0,B,42900,2700,
000055.SZ,000055,20251209,102610650,0,18461599,0,B,42900,1500,
000055.SZ,000055,20251209,102610780,0,18462073,0,B,42900,4300,
000055.SZ,000055,20251209,102610780,0,18462080,0,B,42900,4200,
000055.SZ,000055,20251209,102611620,0,18464843,0,B,42700,20000,
000055.SZ,000055,20251209,102612110,0,18466290,0,B,42800,100,
000055.SZ,000055,20251209,102612770,0,18468374,0,B,42900,1700,
000055.SZ,000055,20251209,102612770,0,18468375,0,B,42900,1700,
000055.SZ,000055,20251209,102616300,0,18480070,0,B,42900,3800,
000055.SZ,000055,20251209,102630770,0,18529079,0,B,43000,3800,
000055.SZ,000055,20251209,102630790,0,18529147,0,B,42900,200,
000055.SZ,000055,20251209,102630800,0,18529160,0,B,42900,400,
000055.SZ,000055,20251209,102630800,0,18529161,0,B,42900,200,
000055.SZ,000055,20251209,102631870,0,18532573,0,B,42800,200,
000055.SZ,000055,20251209,102634140,0,18538632,0,B,43000,1800,
000055.SZ,000055,20251209,102634150,0,18538659,0,B,42900,300,
000055.SZ,000055,20251209,102634160,0,18538690,0,B,42900,200,
000055.SZ,000055,20251209,102634450,0,18539502,0,S,43100,2400,
000055.SZ,000055,20251209,102634470,0,18539578,0,B,43000,200,
000055.SZ,000055,20251209,102635720,0,18542868,0,B,42900,100,
000055.SZ,000055,20251209,102637940,0,18549324,0,B,42900,500,
000055.SZ,000055,20251209,102639370,0,18553128,0,S,43300,100,
000055.SZ,000055,20251209,102642190,0,18560966,0,S,43000,300,
000055.SZ,000055,20251209,102644390,0,18567065,0,S,43700,5000,
000055.SZ,000055,20251209,102647990,0,18577873,0,S,45000,30000,
000055.SZ,000055,20251209,102648750,0,18580819,0,B,42700,28200,
000055.SZ,000055,20251209,102648890,0,18581441,0,S,43000,10000,
000055.SZ,000055,20251209,102650630,0,18587423,0,B,42800,1200,
000055.SZ,000055,20251209,102658850,0,18611272,0,S,43000,5000,
000055.SZ,000055,20251209,102659590,0,18613302,0,S,43100,3900,
000055.SZ,000055,20251209,102703260,0,18626118,0,B,42900,100,
000055.SZ,000055,20251209,102710760,0,18649551,0,B,42900,500,
000055.SZ,000055,20251209,102719960,0,18685476,0,S,43000,100,
000055.SZ,000055,20251209,102722980,0,18696013,0,B,43000,100,
000055.SZ,000055,20251209,102722990,0,18696021,0,B,42900,200,
000055.SZ,000055,20251209,102723450,0,18697416,0,B,42900,700,
000055.SZ,000055,20251209,102723460,0,18697430,0,B,42900,700,
000055.SZ,000055,20251209,102726780,0,18706742,0,B,43000,3300,
000055.SZ,000055,20251209,102726790,0,18706755,0,B,42900,300,
000055.SZ,000055,20251209,102726790,0,18706761,0,B,43000,3400,
000055.SZ,000055,20251209,102726860,0,18706955,0,B,42900,200,
000055.SZ,000055,20251209,102726870,0,18706963,0,B,42900,200,
000055.SZ,000055,20251209,102727650,0,18709227,0,B,43000,3700,
000055.SZ,000055,20251209,102727650,0,18709231,0,B,43000,5500,
000055.SZ,000055,20251209,102727650,0,18709233,0,B,43000,5700,
000055.SZ,000055,20251209,102727650,0,18709250,0,B,43000,100,
000055.SZ,000055,20251209,102727650,0,18709253,0,B,43000,100,
000055.SZ,000055,20251209,102727660,0,18709256,0,B,43000,100,
000055.SZ,000055,20251209,102727660,0,18709265,0,B,43000,100,
000055.SZ,000055,20251209,102727660,0,18709267,0,B,43000,13300,
000055.SZ,000055,20251209,102727730,0,18709418,0,B,43000,600,
000055.SZ,000055,20251209,102727740,0,18709427,0,B,43000,100,
000055.SZ,000055,20251209,102728410,0,18711856,0,B,43200,100,
000055.SZ,000055,20251209,102728420,0,18711947,0,B,43000,200,
000055.SZ,000055,20251209,102728650,0,18712615,0,B,43000,2800,
000055.SZ,000055,20251209,102728650,0,18712618,0,B,43000,3000,
000055.SZ,000055,20251209,102728690,0,18712733,0,B,43000,100,
000055.SZ,000055,20251209,102728780,0,18712973,0,B,43000,800,
000055.SZ,000055,20251209,102728840,0,18713130,0,B,43000,200,
000055.SZ,000055,20251209,102728850,0,18713139,0,B,43000,200,
000055.SZ,000055,20251209,102728860,0,18713180,0,B,43000,200,
000055.SZ,000055,20251209,102728890,0,18713280,0,B,43000,200,
000055.SZ,000055,20251209,102729450,0,18714881,0,B,43000,2000,
000055.SZ,000055,20251209,102729450,0,18714885,0,B,43000,3000,
000055.SZ,000055,20251209,102729450,0,18714900,0,B,43000,2000,
000055.SZ,000055,20251209,102729460,0,18714907,0,B,43000,200,
000055.SZ,000055,20251209,102729460,0,18714909,0,B,43000,200,
000055.SZ,000055,20251209,102729470,0,18714934,0,B,43000,400,
000055.SZ,000055,20251209,102729500,0,18714990,0,B,43000,200,
000055.SZ,000055,20251209,102729560,0,18715094,0,B,43000,200,
000055.SZ,000055,20251209,102733960,0,18727846,0,B,42800,3000,
000055.SZ,000055,20251209,102747450,0,18770878,0,B,42700,5800,
000055.SZ,000055,20251209,102747660,0,18771293,0,S,44200,5000,
000055.SZ,000055,20251209,102751150,0,18781308,0,B,43000,2000,
000055.SZ,000055,20251209,102751160,0,18781343,0,B,42900,300,
000055.SZ,000055,20251209,102751180,0,18781377,0,B,42900,300,
000055.SZ,000055,20251209,102751190,0,18781428,0,B,42900,200,
000055.SZ,000055,20251209,102751230,0,18781524,0,B,42900,200,
000055.SZ,000055,20251209,102753790,0,18790229,0,B,42600,300,
000055.SZ,000055,20251209,102753820,0,18790330,0,S,43100,5000,
000055.SZ,000055,20251209,102754000,0,18790736,0,S,42900,400,
000055.SZ,000055,20251209,102758180,0,18803710,0,B,43000,200,
000055.SZ,000055,20251209,102800490,0,18811619,0,B,43200,100,
000055.SZ,000055,20251209,102800490,0,18811656,0,B,43200,300,
000055.SZ,000055,20251209,102800490,0,18811660,0,B,43200,200,
000055.SZ,000055,20251209,102800490,0,18811711,0,B,43200,100,
000055.SZ,000055,20251209,102800500,0,18811748,0,B,43200,200,
000055.SZ,000055,20251209,102800500,0,18811759,0,B,42900,300,
000055.SZ,000055,20251209,102800510,0,18811858,0,B,43200,200,
000055.SZ,000055,20251209,102800510,0,18811868,0,B,43200,200,
000055.SZ,000055,20251209,102800530,0,18812102,0,B,43200,100,
000055.SZ,000055,20251209,102800530,0,18812130,0,B,43200,100,
000055.SZ,000055,20251209,102800540,0,18812148,0,B,43200,100,
000055.SZ,000055,20251209,102800540,0,18812176,0,B,42900,200,
000055.SZ,000055,20251209,102800540,0,18812206,0,B,43200,600,
000055.SZ,000055,20251209,102800570,0,18812414,0,B,43200,900,
000055.SZ,000055,20251209,102800570,0,18812426,0,B,43200,700,
000055.SZ,000055,20251209,102800570,0,18812434,0,B,43200,800,
000055.SZ,000055,20251209,102805160,0,18828968,0,B,43000,1200,
000055.SZ,000055,20251209,102816230,0,18860855,0,S,46900,7900,
000055.SZ,000055,20251209,102826250,0,18888883,0,S,43000,500,
000055.SZ,000055,20251209,102830990,0,18902074,0,S,42700,6900,
000055.SZ,000055,20251209,102833460,0,18908531,0,S,43100,600,
000055.SZ,000055,20251209,102834960,0,18912669,0,B,42700,100,
000055.SZ,000055,20251209,102846050,0,18942819,0,B,42600,5000,
000055.SZ,000055,20251209,102847820,0,18947693,0,S,43100,1000,
000055.SZ,000055,20251209,102905440,0,19002723,0,S,43400,500,
000055.SZ,000055,20251209,102909050,0,19012803,0,S,42900,3500,
000055.SZ,000055,20251209,102915160,0,19027596,0,S,43000,2100,
000055.SZ,000055,20251209,102917810,0,19034169,0,B,42700,5000,
000055.SZ,000055,20251209,102925000,0,19055748,0,S,42900,300,
000055.SZ,000055,20251209,102927220,0,19063640,0,S,43000,100,
000055.SZ,000055,20251209,102930000,0,19073890,0,S,42900,200,
000055.SZ,000055,20251209,102930220,0,19074643,0,S,43000,100,
000055.SZ,000055,20251209,102931380,0,19078530,0,S,43000,5200,
000055.SZ,000055,20251209,102932550,0,19082138,0,S,43000,100,
000055.SZ,000055,20251209,102933190,0,19083891,0,S,42900,300,
000055.SZ,000055,20251209,102938000,0,19099673,0,S,43100,1400,
000055.SZ,000055,20251209,102938520,0,19101173,0,B,42900,700,
000055.SZ,000055,20251209,102939250,0,19103148,0,S,42900,100,
000055.SZ,000055,20251209,102939420,0,19103636,0,S,42900,100,
000055.SZ,000055,20251209,102940050,0,19105411,0,S,42500,700,
000055.SZ,000055,20251209,102940070,0,19105512,0,S,42500,100,
000055.SZ,000055,20251209,102946300,0,19122303,0,S,43000,6000,
000055.SZ,000055,20251209,102948060,0,19126186,0,B,42900,500,
000055.SZ,000055,20251209,102958200,0,19151995,0,B,43000,100,
000055.SZ,000055,20251209,102958290,0,19152216,0,B,43000,100,
000055.SZ,000055,20251209,102958290,0,19152225,0,B,43000,100,
000055.SZ,000055,20251209,103004310,0,19173682,0,B,43000,100,
000055.SZ,000055,20251209,103036560,0,19288686,0,S,43000,200,
000055.SZ,000055,20251209,103100450,0,19369374,0,S,43100,600,
000055.SZ,000055,20251209,103100840,0,19371901,0,B,42800,1000,
000055.SZ,000055,20251209,103101660,0,19375240,0,S,43000,43200,
000055.SZ,000055,20251209,103101700,0,19375352,0,B,42900,100,
000055.SZ,000055,20251209,103101700,0,19375360,0,B,42900,100,
000055.SZ,000055,20251209,103101700,0,19375365,0,B,42900,100,
000055.SZ,000055,20251209,103101720,0,19375444,0,B,42900,300,
000055.SZ,000055,20251209,103106510,0,19391124,0,B,42900,200,
000055.SZ,000055,20251209,103108600,0,19397509,0,S,43100,1500,
000055.SZ,000055,20251209,103109500,0,19400021,0,S,43000,100,
000055.SZ,000055,20251209,103109730,0,19400661,0,S,43000,100,
000055.SZ,000055,20251209,103111650,0,19405955,0,B,42900,500,
000055.SZ,000055,20251209,103111660,0,19405964,0,B,42900,100,
000055.SZ,000055,20251209,103111660,0,19405965,0,B,42900,100,
000055.SZ,000055,20251209,103111660,0,19405966,0,B,42900,100,
000055.SZ,000055,20251209,103111660,0,19405967,0,B,42900,100,
000055.SZ,000055,20251209,103111660,0,19405968,0,B,42900,100,
000055.SZ,000055,20251209,103111660,0,19405969,0,B,42900,100,
000055.SZ,000055,20251209,103111660,0,19405970,0,B,42900,100,
000055.SZ,000055,20251209,103111660,0,19405971,0,B,42900,100,
000055.SZ,000055,20251209,103111660,0,19405972,0,B,42900,100,
000055.SZ,000055,20251209,103111660,0,19405973,0,B,42900,100,
000055.SZ,000055,20251209,103111660,0,19405974,0,B,42900,100,
000055.SZ,000055,20251209,103111660,0,19405977,0,B,42900,100,
000055.SZ,000055,20251209,103111660,0,19405980,0,B,42900,100,
000055.SZ,000055,20251209,103111660,0,19405983,0,B,42900,100,
000055.SZ,000055,20251209,103111680,0,19406037,0,B,42900,100,
000055.SZ,000055,20251209,103119330,0,19429991,0,B,42900,300,
000055.SZ,000055,20251209,103120510,0,19433725,0,B,42900,400,
000055.SZ,000055,20251209,103122520,0,19440796,0,S,43000,100,
000055.SZ,000055,20251209,103124930,0,19447190,0,B,42800,32000,
000055.SZ,000055,20251209,103128390,0,19457160,0,B,42800,100,
000055.SZ,000055,20251209,103129320,0,19460220,0,S,43500,900,
000055.SZ,000055,20251209,103130020,0,19462123,0,S,42800,5800,
000055.SZ,000055,20251209,103130020,0,19462147,0,B,42900,100,
000055.SZ,000055,20251209,103130030,0,19462158,0,B,42900,100,
000055.SZ,000055,20251209,103143460,0,19499788,0,S,42900,3300,
000055.SZ,000055,20251209,103145160,0,19504388,0,B,42900,300,
000055.SZ,000055,20251209,103159570,0,19548806,0,B,42600,3000,
000055.SZ,000055,20251209,103203370,0,19560994,0,B,42900,100,
000055.SZ,000055,20251209,103203720,0,19561966,0,S,42900,2500,
000055.SZ,000055,20251209,103204340,0,19563946,0,S,42800,5000,
000055.SZ,000055,20251209,103204350,0,19563965,0,B,42900,200,
000055.SZ,000055,20251209,103204350,0,19563974,0,B,42900,100,
000055.SZ,000055,20251209,103204360,0,19563999,0,B,42900,100,
000055.SZ,000055,20251209,103204390,0,19564101,0,B,42900,100,
000055.SZ,000055,20251209,103207640,0,19572321,0,B,42900,100,
000055.SZ,000055,20251209,103208450,0,19574876,0,S,43000,300,
000055.SZ,000055,20251209,103218600,0,19605614,0,S,43000,500,
000055.SZ,000055,20251209,103226740,0,19631804,0,S,42900,20000,
000055.SZ,000055,20251209,103230430,0,19641349,0,B,42700,100,
000055.SZ,000055,20251209,103234060,0,19650420,0,S,43100,900,
000055.SZ,000055,20251209,103237040,0,19657719,0,S,43000,700,
000055.SZ,000055,20251209,103239330,0,19663023,0,S,43000,100,
000055.SZ,000055,20251209,103248570,0,19686343,0,S,43000,100,
000055.SZ,000055,20251209,103255810,0,19706049,0,B,42900,700,
000055.SZ,000055,20251209,103317070,0,19768483,0,S,43900,600,
000055.SZ,000055,20251209,103317080,0,19768500,0,S,43000,1000,
000055.SZ,000055,20251209,103317940,0,19770361,0,B,42900,3500,
000055.SZ,000055,20251209,103320580,0,19778608,0,S,43100,1800,
000055.SZ,000055,20251209,103333930,0,19811913,0,B,43000,300,
000055.SZ,000055,20251209,103341360,0,19831820,0,B,42900,500,
000055.SZ,000055,20251209,103343490,0,19840044,0,B,42900,200,
000055.SZ,000055,20251209,103406980,0,19901425,0,B,42900,20000,
000055.SZ,000055,20251209,103407410,0,19902734,0,B,42900,200,
000055.SZ,000055,20251209,103409790,0,19908474,0,B,42800,100,
000055.SZ,000055,20251209,103419200,0,19932566,0,B,42000,1000,
000055.SZ,000055,20251209,103426060,0,19948910,0,S,42800,300,
000055.SZ,000055,20251209,103428320,0,19954333,0,B,42600,200,
000055.SZ,000055,20251209,103440570,0,19983748,0,S,43000,100,
000055.SZ,000055,20251209,103440630,0,19983932,0,B,43000,100,
000055.SZ,000055,20251209,103447970,0,20000216,0,S,43000,100,
000055.SZ,000055,20251209,103457380,0,20021376,0,B,42900,100,
000055.SZ,000055,20251209,103503070,0,20036774,0,B,42900,200,
000055.SZ,000055,20251209,103503210,0,20037860,0,B,42900,100,
000055.SZ,000055,20251209,103504840,0,20042695,0,B,42900,500,
000055.SZ,000055,20251209,103506340,0,20046580,0,S,43100,5000,
000055.SZ,000055,20251209,103507800,0,20050739,0,S,43500,10000,
000055.SZ,000055,20251209,103518150,0,20077955,0,S,42800,100,
000055.SZ,000055,20251209,103520510,0,20084981,0,S,45300,2000,
000055.SZ,000055,20251209,103522460,0,20089566,0,S,43000,7000,
000055.SZ,000055,20251209,103538120,0,20135373,0,S,43200,1200,
000055.SZ,000055,20251209,103539380,0,20137912,0,S,43000,100,
000055.SZ,000055,20251209,103543920,0,20148636,0,B,43000,11900,
000055.SZ,000055,20251209,103545220,0,20151655,0,B,43000,800,
000055.SZ,000055,20251209,103545610,0,20152563,0,B,42900,2400,
000055.SZ,000055,20251209,103551490,0,20166848,0,B,42900,200,
000055.SZ,000055,20251209,103555470,0,20175499,0,B,42900,1300,
000055.SZ,000055,20251209,103556820,0,20177904,0,B,42900,200,
000055.SZ,000055,20251209,103557010,0,20178222,0,B,42900,300,
000055.SZ,000055,20251209,103557190,0,20178500,0,B,42900,100,
000055.SZ,000055,20251209,103559770,0,20184176,0,S,43000,6000,
000055.SZ,000055,20251209,103600360,0,20185660,0,B,42900,200,
000055.SZ,000055,20251209,103601000,0,20188443,0,S,42900,1500,
000055.SZ,000055,20251209,103603280,0,20194924,0,B,43000,500,
000055.SZ,000055,20251209,103604450,0,20198550,0,B,42900,100,
000055.SZ,000055,20251209,103604660,0,20199187,0,B,42900,200,
000055.SZ,000055,20251209,103609200,0,20209009,0,B,43000,10900,
000055.SZ,000055,20251209,103609560,0,20209764,0,B,42900,100,
000055.SZ,000055,20251209,103610860,0,20212708,0,B,42900,200,
000055.SZ,000055,20251209,103611470,0,20214345,0,B,42900,700,
000055.SZ,000055,20251209,103611550,0,20214515,0,S,43000,300,
000055.SZ,000055,20251209,103611610,0,20214604,0,B,43000,100,
000055.SZ,000055,20251209,103613140,0,20218498,0,B,43000,100,
000055.SZ,000055,20251209,103619240,0,20232479,0,S,43000,1200,
000055.SZ,000055,20251209,103630030,0,20261017,0,B,42900,100,
000055.SZ,000055,20251209,103630030,0,20261018,0,B,42900,100,
000055.SZ,000055,20251209,103630030,0,20261020,0,B,42900,100,
000055.SZ,000055,20251209,103630030,0,20261021,0,B,42900,100,
000055.SZ,000055,20251209,103630030,0,20261022,0,B,42900,100,
000055.SZ,000055,20251209,103630030,0,20261023,0,B,42900,100,
000055.SZ,000055,20251209,103630030,0,20261024,0,B,42900,100,
000055.SZ,000055,20251209,103630030,0,20261026,0,B,42900,100,
000055.SZ,000055,20251209,103630030,0,20261027,0,B,42900,100,
000055.SZ,000055,20251209,103630030,0,20261031,0,B,42900,100,
000055.SZ,000055,20251209,103630030,0,20261032,0,B,42900,100,
000055.SZ,000055,20251209,103630030,0,20261033,0,B,42900,100,
000055.SZ,000055,20251209,103630030,0,20261034,0,B,42900,100,
000055.SZ,000055,20251209,103630030,0,20261035,0,B,42900,100,
000055.SZ,000055,20251209,103630040,0,20261037,0,B,42900,100,
000055.SZ,000055,20251209,103630040,0,20261052,0,B,42900,100,
000055.SZ,000055,20251209,103630050,0,20261078,0,B,42900,100,
000055.SZ,000055,20251209,103630070,0,20261127,0,S,43900,10000,
000055.SZ,000055,20251209,103638500,0,20281175,0,S,43300,500,
000055.SZ,000055,20251209,103638500,0,20281198,0,B,42900,100,
000055.SZ,000055,20251209,103638510,0,20281199,0,B,42900,100,
000055.SZ,000055,20251209,103639350,0,20282630,0,S,43000,100,
000055.SZ,000055,20251209,103643100,0,20291600,0,B,42900,100,
000055.SZ,000055,20251209,103644140,0,20294024,0,S,43000,2700,
000055.SZ,000055,20251209,103654230,0,20317035,0,S,42900,20700,
000055.SZ,000055,20251209,103654300,0,20317351,0,S,43000,1300,
000055.SZ,000055,20251209,103657950,0,20329813,0,B,42700,100,
000055.SZ,000055,20251209,103700700,0,20338873,0,S,43000,200,
000055.SZ,000055,20251209,103702780,0,20345138,0,B,42900,100,
000055.SZ,000055,20251209,103703680,0,20347823,0,B,42900,100,
000055.SZ,000055,20251209,103704070,0,20348937,0,B,42900,100,
000055.SZ,000055,20251209,103704740,0,20352442,0,S,43000,2200,
000055.SZ,000055,20251209,103707740,0,20360793,0,S,43000,23100,
000055.SZ,000055,20251209,103707750,0,20360817,0,B,42900,200,
000055.SZ,000055,20251209,103707750,0,20360849,0,B,42900,100,
000055.SZ,000055,20251209,103707760,0,20360865,0,B,42900,100,
000055.SZ,000055,20251209,103707780,0,20360915,0,B,42900,100,
000055.SZ,000055,20251209,103712740,0,20373229,0,S,43000,700,
000055.SZ,000055,20251209,103715360,0,20379419,0,B,43000,5000,
000055.SZ,000055,20251209,103716760,0,20382797,0,S,42900,20800,
000055.SZ,000055,20251209,103719000,0,20387865,0,B,42900,1300,
000055.SZ,000055,20251209,103721920,0,20394802,0,S,42900,400,
000055.SZ,000055,20251209,103727270,0,20406922,0,S,43500,6000,
000055.SZ,000055,20251209,103728220,0,20409328,0,B,42900,20000,
000055.SZ,000055,20251209,103729640,0,20412905,0,B,42900,11200,
000055.SZ,000055,20251209,103731660,0,20418213,0,B,42800,100,
000055.SZ,000055,20251209,103732700,0,20420595,0,B,42900,100,
000055.SZ,000055,20251209,103738740,0,20434705,0,S,43000,23600,
000055.SZ,000055,20251209,103739260,0,20435858,0,S,43000,100,
000055.SZ,000055,20251209,103739540,0,20436304,0,B,42900,100,
000055.SZ,000055,20251209,103742930,0,20444255,0,B,42900,200,
000055.SZ,000055,20251209,103743660,0,20446198,0,B,42900,200,
000055.SZ,000055,20251209,103751140,0,20463543,0,B,42800,12000,
000055.SZ,000055,20251209,103751180,0,20463621,0,S,42900,100,
000055.SZ,000055,20251209,103751180,0,20463623,0,S,42900,100,
000055.SZ,000055,20251209,103751180,0,20463632,0,S,42900,100,
000055.SZ,000055,20251209,103751190,0,20463652,0,S,42900,100,
000055.SZ,000055,20251209,103751190,0,20463654,0,S,42900,200,
000055.SZ,000055,20251209,103751190,0,20463667,0,S,42900,700,
000055.SZ,000055,20251209,103751190,0,20463671,0,S,42900,200,
000055.SZ,000055,20251209,103751190,0,20463674,0,S,42900,200,
000055.SZ,000055,20251209,103751190,0,20463676,0,S,42900,1700,
000055.SZ,000055,20251209,103751190,0,20463679,0,S,42900,100,
000055.SZ,000055,20251209,103751190,0,20463685,0,S,42900,400,
000055.SZ,000055,20251209,103751200,0,20463687,0,S,42900,100,
000055.SZ,000055,20251209,103751200,0,20463693,0,S,42900,100,
000055.SZ,000055,20251209,103751200,0,20463707,0,S,42900,100,
000055.SZ,000055,20251209,103751200,0,20463712,0,S,42900,200,
000055.SZ,000055,20251209,103751200,0,20463720,0,S,42900,300,
000055.SZ,000055,20251209,103751210,0,20463737,0,S,42900,300,
000055.SZ,000055,20251209,103751410,0,20464614,0,S,42900,800,
000055.SZ,000055,20251209,103751440,0,20464685,0,B,43000,100,
000055.SZ,000055,20251209,103751440,0,20464687,0,B,43000,100,
000055.SZ,000055,20251209,103751450,0,20464705,0,B,43000,100,
000055.SZ,000055,20251209,103751470,0,20464785,0,B,43000,100,
000055.SZ,000055,20251209,103751490,0,20464827,0,B,43000,100,
000055.SZ,000055,20251209,103804070,0,20495404,0,B,42900,1100,
000055.SZ,000055,20251209,103817290,0,20529182,0,S,43000,2200,
000055.SZ,000055,20251209,103818180,0,20530990,0,B,43000,600,
000055.SZ,000055,20251209,103824510,0,20551367,0,S,42900,300,
000055.SZ,000055,20251209,103824550,0,20551586,0,S,42900,300,
000055.SZ,000055,20251209,103832220,0,20571294,0,B,42900,700,
000055.SZ,000055,20251209,103836500,0,20581108,0,B,42900,1300,
000055.SZ,000055,20251209,103839320,0,20587722,0,S,43000,100,
000055.SZ,000055,20251209,103841670,0,20592869,0,B,42900,2400,
000055.SZ,000055,20251209,103856270,0,20635204,0,S,42900,600,
000055.SZ,000055,20251209,103857770,0,20638671,0,B,42700,40000,
000055.SZ,000055,20251209,103900480,0,20645997,0,B,42900,800,
000055.SZ,000055,20251209,103903900,0,20655704,0,B,42900,200,
000055.SZ,000055,20251209,103906610,0,20662300,0,B,42900,100,
000055.SZ,000055,20251209,103910840,0,20671982,0,B,42900,700,
000055.SZ,000055,20251209,103910840,0,20671983,0,B,42900,700,
000055.SZ,000055,20251209,103910840,0,20671985,0,B,42900,700,
000055.SZ,000055,20251209,103911840,0,20674000,0,B,42900,900,
000055.SZ,000055,20251209,103914800,0,20681535,0,S,42800,100,
000055.SZ,000055,20251209,103915880,0,20684076,0,S,43100,100,
000055.SZ,000055,20251209,103920830,0,20695168,0,B,42900,100,
000055.SZ,000055,20251209,103938870,0,20737450,0,S,42800,6200,
000055.SZ,000055,20251209,103939380,0,20738672,0,S,43000,100,
000055.SZ,000055,20251209,103942670,0,20745271,0,B,42900,4000,
000055.SZ,000055,20251209,103946100,0,20751825,0,S,43000,100,
000055.SZ,000055,20251209,103952680,0,20764609,0,B,42900,700,
000055.SZ,000055,20251209,103952680,0,20764610,0,B,42900,700,
000055.SZ,000055,20251209,103952700,0,20764688,0,B,43000,400,
000055.SZ,000055,20251209,103953320,0,20765969,0,B,42900,11500,
000055.SZ,000055,20251209,103955490,0,20770230,0,B,42900,700,
000055.SZ,000055,20251209,103955580,0,20770438,0,S,47500,900,
000055.SZ,000055,20251209,104003620,0,20792208,0,S,47500,1100,
000055.SZ,000055,20251209,104004230,0,20793927,0,S,42900,100,
000055.SZ,000055,20251209,104004230,0,20793929,0,S,42900,100,
000055.SZ,000055,20251209,104004230,0,20793931,0,S,42900,100,
000055.SZ,000055,20251209,104008760,0,20805573,0,B,42900,100,
000055.SZ,000055,20251209,104008770,0,20805582,0,B,43000,100,
000055.SZ,000055,20251209,104008770,0,20805584,0,B,43000,100,
000055.SZ,000055,20251209,104008770,0,20805586,0,B,43000,100,
000055.SZ,000055,20251209,104013390,0,20814716,0,S,42900,2200,
000055.SZ,000055,20251209,104013680,0,20815525,0,B,42900,700,
000055.SZ,000055,20251209,104013680,0,20815526,0,B,42900,700,
000055.SZ,000055,20251209,104013680,0,20815527,0,B,42900,700,
000055.SZ,000055,20251209,104016220,0,20822208,0,B,43100,100,
000055.SZ,000055,20251209,104017110,0,20824614,0,B,43000,1300,
000055.SZ,000055,20251209,104017160,0,20824713,0,B,42900,200,
000055.SZ,000055,20251209,104019240,0,20831102,0,B,43100,100,
000055.SZ,000055,20251209,104022490,0,20839947,0,B,42900,1500,
000055.SZ,000055,20251209,104024050,0,20844468,0,B,42800,5000,
000055.SZ,000055,20251209,104040570,0,20884115,0,S,43000,100,
000055.SZ,000055,20251209,104044610,0,20893880,0,S,42900,7000,
000055.SZ,000055,20251209,104044850,0,20894300,0,B,42900,700,
000055.SZ,000055,20251209,104046180,0,20897228,0,B,43100,300,
000055.SZ,000055,20251209,104047800,0,20900607,0,S,43200,10000,
000055.SZ,000055,20251209,104100700,0,20928598,0,S,43000,500,
000055.SZ,000055,20251209,104108260,0,20950152,0,S,42900,1000,
000055.SZ,000055,20251209,104110180,0,20954899,0,B,43100,100,
000055.SZ,000055,20251209,104112560,0,20959991,0,S,43200,1000,
000055.SZ,000055,20251209,104118250,0,20973820,0,B,42800,1000,
000055.SZ,000055,20251209,104138330,0,21022565,0,B,42800,1000,
000055.SZ,000055,20251209,104138330,0,21022588,0,B,42900,100,
000055.SZ,000055,20251209,104138330,0,21022589,0,B,42900,100,
000055.SZ,000055,20251209,104138330,0,21022590,0,B,42900,100,
000055.SZ,000055,20251209,104138330,0,21022591,0,B,42900,100,
000055.SZ,000055,20251209,104138330,0,21022592,0,B,42900,100,
000055.SZ,000055,20251209,104138330,0,21022593,0,B,42900,100,
000055.SZ,000055,20251209,104138340,0,21022594,0,B,42900,100,
000055.SZ,000055,20251209,104138340,0,21022595,0,B,42900,100,
000055.SZ,000055,20251209,104138340,0,21022596,0,B,42900,100,
000055.SZ,000055,20251209,104138340,0,21022597,0,B,42900,100,
000055.SZ,000055,20251209,104138340,0,21022598,0,B,42900,100,
000055.SZ,000055,20251209,104138340,0,21022599,0,B,42900,100,
000055.SZ,000055,20251209,104138340,0,21022600,0,B,42900,100,
000055.SZ,000055,20251209,104138340,0,21022602,0,B,42900,100,
000055.SZ,000055,20251209,104138340,0,21022603,0,B,42900,100,
000055.SZ,000055,20251209,104138340,0,21022604,0,B,42900,100,
000055.SZ,000055,20251209,104138340,0,21022605,0,B,42900,100,
000055.SZ,000055,20251209,104138350,0,21022622,0,B,42900,100,
000055.SZ,000055,20251209,104138350,0,21022624,0,B,42900,300,
000055.SZ,000055,20251209,104138350,0,21022633,0,B,42900,100,
000055.SZ,000055,20251209,104139360,0,21025404,0,S,43000,100,
000055.SZ,000055,20251209,104139370,0,21025428,0,B,42900,100,
000055.SZ,000055,20251209,104139370,0,21025441,0,B,42900,100,
000055.SZ,000055,20251209,104148310,0,21047015,0,B,42800,900,
000055.SZ,000055,20251209,104150380,0,21051957,0,S,42900,800,
000055.SZ,000055,20251209,104154040,0,21060865,0,S,42800,5000,
000055.SZ,000055,20251209,104155180,0,21063454,0,B,43100,200,
000055.SZ,000055,20251209,104158210,0,21069810,0,B,43100,100,
000055.SZ,000055,20251209,104211490,0,21102551,0,S,43000,1300,
000055.SZ,000055,20251209,104211500,0,21102559,0,B,42900,200,
000055.SZ,000055,20251209,104211510,0,21102564,0,B,42900,100,
000055.SZ,000055,20251209,104211520,0,21102581,0,B,42900,100,
000055.SZ,000055,20251209,104211540,0,21102639,0,B,42900,100,
000055.SZ,000055,20251209,104213480,0,21106749,0,S,42900,1200,
000055.SZ,000055,20251209,104233690,0,21148144,0,S,43000,1200,
000055.SZ,000055,20251209,104236910,0,21155630,0,B,42900,1300,
000055.SZ,000055,20251209,104239260,0,21162576,0,S,43000,100,
000055.SZ,000055,20251209,104244090,0,21174458,0,S,43200,1200,
000055.SZ,000055,20251209,104259150,0,21208588,0,S,42900,3700,
000055.SZ,000055,20251209,104300200,0,21210476,0,S,42900,100,
000055.SZ,000055,20251209,104301280,0,21214024,0,B,43100,200,
000055.SZ,000055,20251209,104303090,0,21218044,0,S,42900,1300,
000055.SZ,000055,20251209,104303370,0,21218609,0,B,42900,100,
000055.SZ,000055,20251209,104303490,0,21219047,0,S,42900,1300,
000055.SZ,000055,20251209,104304170,0,21220746,0,B,43100,100,
000055.SZ,000055,20251209,104310690,0,21235306,0,B,42900,1800,
000055.SZ,000055,20251209,104319860,0,21253557,0,S,44800,13500,
000055.SZ,000055,20251209,104320290,0,21254334,0,B,42900,5400,
000055.SZ,000055,20251209,104321600,0,21256616,0,S,42900,1000,
000055.SZ,000055,20251209,104321770,0,21256917,0,S,43100,5000,
000055.SZ,000055,20251209,104325180,0,21263860,0,B,43100,100,
000055.SZ,000055,20251209,104333540,0,21280120,0,S,42900,100,
000055.SZ,000055,20251209,104339200,0,21291376,0,S,42900,1000,
000055.SZ,000055,20251209,104340070,0,21293155,0,S,43000,100,
000055.SZ,000055,20251209,104341320,0,21295615,0,B,42900,1300,
000055.SZ,000055,20251209,104346480,0,21305629,0,S,43200,1200,
000055.SZ,000055,20251209,104350490,0,21314068,0,B,42900,1500,
000055.SZ,000055,20251209,104351890,0,21316650,0,S,43000,1200,
000055.SZ,000055,20251209,104353800,0,21320583,0,S,42800,100,
000055.SZ,000055,20251209,104359330,0,21331571,0,B,42900,1200,
000055.SZ,000055,20251209,104407470,0,21349882,0,B,42900,100,
000055.SZ,000055,20251209,104411100,0,21357115,0,S,43200,1200,
000055.SZ,000055,20251209,104416610,0,21367975,0,S,42900,400,
000055.SZ,000055,20251209,104418240,0,21370799,0,S,42900,100,
000055.SZ,000055,20251209,104419170,0,21372648,0,B,43100,100,
000055.SZ,000055,20251209,104419770,0,21374095,0,S,42900,800,
000055.SZ,000055,20251209,104419770,0,21374099,0,S,42900,800,
000055.SZ,000055,20251209,104420020,0,21374583,0,S,42900,200,
000055.SZ,000055,20251209,104420050,0,21374623,0,B,43000,100,
000055.SZ,000055,20251209,104420050,0,21374629,0,B,43000,100,
000055.SZ,000055,20251209,104420060,0,21374644,0,B,43000,100,
000055.SZ,000055,20251209,104420090,0,21374690,0,B,43000,100,
000055.SZ,000055,20251209,104420220,0,21374976,0,S,43000,200,
000055.SZ,000055,20251209,104420230,0,21374988,0,S,42900,100,
000055.SZ,000055,20251209,104420480,0,21375425,0,S,42900,100,
000055.SZ,000055,20251209,104420570,0,21375633,0,S,42900,500,
000055.SZ,000055,20251209,104420570,0,21375638,0,S,42900,100,
000055.SZ,000055,20251209,104420870,0,21376130,0,S,42900,100,
000055.SZ,000055,20251209,104421590,0,21377407,0,S,43000,1200,
000055.SZ,000055,20251209,104422260,0,21378791,0,S,42900,200,
000055.SZ,000055,20251209,104423220,0,21380516,0,S,42900,100,
000055.SZ,000055,20251209,104423890,0,21381554,0,S,42900,2000,
000055.SZ,000055,20251209,104424000,0,21381703,0,S,42900,500,
000055.SZ,000055,20251209,104424080,0,21381851,0,S,42900,1300,
000055.SZ,000055,20251209,104424230,0,21382102,0,S,42900,100,
000055.SZ,000055,20251209,104424250,0,21382174,0,S,42900,100,
000055.SZ,000055,20251209,104424250,0,21382179,0,S,42900,200,
000055.SZ,000055,20251209,104424260,0,21382209,0,S,42900,300,
000055.SZ,000055,20251209,104424490,0,21382613,0,S,42900,3700,
000055.SZ,000055,20251209,104424690,0,21382870,0,S,42900,1200,
000055.SZ,000055,20251209,104424920,0,21383430,0,S,42900,100,
000055.SZ,000055,20251209,104424960,0,21383546,0,S,42900,200,
000055.SZ,000055,20251209,104424960,0,21383548,0,S,42900,100,
000055.SZ,000055,20251209,104425270,0,21384327,0,S,42900,200,
000055.SZ,000055,20251209,104425270,0,21384329,0,S,42900,400,
000055.SZ,000055,20251209,104425280,0,21384332,0,S,42900,400,
000055.SZ,000055,20251209,104425420,0,21384568,0,S,42900,100,
000055.SZ,000055,20251209,104426100,0,21385765,0,S,42900,100,
000055.SZ,000055,20251209,104426120,0,21385792,0,S,42900,100,
000055.SZ,000055,20251209,104427280,0,21387768,0,S,42900,1200,
000055.SZ,000055,20251209,104430260,0,21394190,0,S,42900,500,
000055.SZ,000055,20251209,104433480,0,21401270,0,S,42900,1200,
000055.SZ,000055,20251209,104434230,0,21402949,0,B,42800,400,
000055.SZ,000055,20251209,104435920,0,21406943,0,B,42900,1300,
000055.SZ,000055,20251209,104438280,0,21411630,0,S,42900,100,
000055.SZ,000055,20251209,104447480,0,21429600,0,B,42800,5600,
000055.SZ,000055,20251209,104455890,0,21446258,0,S,43000,2000,
000055.SZ,000055,20251209,104455930,0,21446336,0,B,43000,200,
000055.SZ,000055,20251209,104455950,0,21446367,0,B,43000,200,
000055.SZ,000055,20251209,104456510,0,21448325,0,B,42900,1400,
000055.SZ,000055,20251209,104459010,0,21456195,0,B,43300,900,
000055.SZ,000055,20251209,104515090,0,21495106,0,B,42900,1900,
000055.SZ,000055,20251209,104516580,0,21499035,0,S,42900,1200,
000055.SZ,000055,20251209,104518690,0,21503423,0,S,42900,200,
000055.SZ,000055,20251209,104519890,0,21506218,0,B,42900,5200,
000055.SZ,000055,20251209,104534540,0,21544039,0,S,42900,200,
000055.SZ,000055,20251209,104539690,0,21555968,0,S,43800,400,
000055.SZ,000055,20251209,104539700,0,21555987,0,B,42900,100,
000055.SZ,000055,20251209,104541140,0,21559731,0,B,42100,500,
000055.SZ,000055,20251209,104554700,0,21589614,0,B,42900,1800,
000055.SZ,000055,20251209,104554700,0,21589626,0,B,42900,400,
000055.SZ,000055,20251209,104601700,0,21606366,0,B,42900,1800,
000055.SZ,000055,20251209,104603590,0,21611082,0,B,42900,100,
000055.SZ,000055,20251209,104615550,0,21639873,0,S,43000,1900,
000055.SZ,000055,20251209,104616190,0,21641687,0,B,42900,1600,
000055.SZ,000055,20251209,104631000,0,21686167,0,S,43000,2000,
000055.SZ,000055,20251209,104636330,0,21696886,0,S,42900,2000,
000055.SZ,000055,20251209,104639380,0,21702820,0,B,42900,100,
000055.SZ,000055,20251209,104639380,0,21702821,0,B,42900,100,
000055.SZ,000055,20251209,104639380,0,21702822,0,B,42900,100,
000055.SZ,000055,20251209,104639380,0,21702825,0,B,42900,100,
000055.SZ,000055,20251209,104639380,0,21702826,0,B,42900,100,
000055.SZ,000055,20251209,104639380,0,21702827,0,B,42900,100,
000055.SZ,000055,20251209,104639380,0,21702828,0,B,42900,100,
000055.SZ,000055,20251209,104639380,0,21702829,0,B,42900,100,
000055.SZ,000055,20251209,104639380,0,21702833,0,B,42900,100,
000055.SZ,000055,20251209,104639380,0,21702835,0,B,42900,100,
000055.SZ,000055,20251209,104639380,0,21702836,0,B,42900,100,
000055.SZ,000055,20251209,104639380,0,21702837,0,B,42900,100,
000055.SZ,000055,20251209,104639380,0,21702838,0,B,42900,100,
000055.SZ,000055,20251209,104639380,0,21702839,0,B,42900,100,
000055.SZ,000055,20251209,104639380,0,21702840,0,B,42900,100,
000055.SZ,000055,20251209,104639380,0,21702841,0,B,42900,100,
000055.SZ,000055,20251209,104639380,0,21702845,0,B,42900,100,
000055.SZ,000055,20251209,104639380,0,21702849,0,B,42900,100,
000055.SZ,000055,20251209,104639380,0,21702851,0,B,42900,100,
000055.SZ,000055,20251209,104639380,0,21702852,0,B,42900,100,
000055.SZ,000055,20251209,104639380,0,21702858,0,B,42900,100,
000055.SZ,000055,20251209,104639380,0,21702861,0,B,42900,100,
000055.SZ,000055,20251209,104639390,0,21702885,0,B,42900,200,
000055.SZ,000055,20251209,104639400,0,21702898,0,B,42900,100,
000055.SZ,000055,20251209,104639650,0,21703297,0,S,42900,1200,
000055.SZ,000055,20251209,104640510,0,21704902,0,B,42900,100,
000055.SZ,000055,20251209,104640510,0,21704903,0,B,42900,100,
000055.SZ,000055,20251209,104647800,0,21720072,0,S,42800,100,
000055.SZ,000055,20251209,104657630,0,21739564,0,S,43200,2200,
000055.SZ,000055,20251209,104703320,0,21755690,0,B,42900,200,
000055.SZ,000055,20251209,104712320,0,21780178,0,S,43000,200,
000055.SZ,000055,20251209,104712320,0,21780195,0,B,42900,200,
000055.SZ,000055,20251209,104712330,0,21780207,0,B,42900,100,
000055.SZ,000055,20251209,104712330,0,21780219,0,B,42900,100,
000055.SZ,000055,20251209,104712360,0,21780381,0,B,42900,100,
000055.SZ,000055,20251209,104717420,0,21792963,0,S,42900,300,
000055.SZ,000055,20251209,104723820,0,21806664,0,S,42800,4100,
000055.SZ,000055,20251209,104724300,0,21807600,0,S,42900,1300,
000055.SZ,000055,20251209,104725490,0,21810144,0,S,42800,3100,
000055.SZ,000055,20251209,104744170,0,21845928,0,S,42900,100,
000055.SZ,000055,20251209,104803620,0,21885637,0,B,42900,100,
000055.SZ,000055,20251209,104803670,0,21885738,0,B,42900,100,
000055.SZ,000055,20251209,104823520,0,21924438,0,B,42900,700,
000055.SZ,000055,20251209,104826700,0,21929627,0,S,43000,500,
000055.SZ,000055,20251209,104828790,0,21934158,0,S,43300,5000,
000055.SZ,000055,20251209,104829950,0,21936038,0,S,43100,5000,
000055.SZ,000055,20251209,104834580,0,21944229,0,S,42900,800,
000055.SZ,000055,20251209,104836590,0,21947376,0,S,42900,100,
000055.SZ,000055,20251209,104848390,0,21969491,0,B,42900,1300,
000055.SZ,000055,20251209,104901110,0,21992284,0,S,42900,5300,
000055.SZ,000055,20251209,104902910,0,21995579,0,S,42900,1800,
000055.SZ,000055,20251209,104903290,0,21996393,0,S,42900,1200,
000055.SZ,000055,20251209,104903390,0,21996621,0,B,42900,100,
000055.SZ,000055,20251209,104903480,0,21996794,0,S,42900,1200,
000055.SZ,000055,20251209,104903800,0,21997579,0,B,42900,200,
000055.SZ,000055,20251209,104906590,0,22003087,0,S,43000,1900,
000055.SZ,000055,20251209,104909250,0,22007980,0,S,43000,100,
000055.SZ,000055,20251209,104911610,0,22012495,0,S,42800,6100,
000055.SZ,000055,20251209,104911650,0,22012598,0,B,43000,100,
000055.SZ,000055,20251209,104912290,0,22013709,0,S,42900,1200,
000055.SZ,000055,20251209,104915360,0,22019607,0,S,42900,400,
000055.SZ,000055,20251209,104919910,0,22027558,0,B,42900,20000,
000055.SZ,000055,20251209,104926500,0,22039726,0,B,42900,1400,
000055.SZ,000055,20251209,104926910,0,22040394,0,B,42900,5100,
000055.SZ,000055,20251209,104934970,0,22055785,0,S,42900,400,
000055.SZ,000055,20251209,104938950,0,22062933,0,S,46000,3000,
000055.SZ,000055,20251209,104944710,0,22073832,0,B,42900,700,
000055.SZ,000055,20251209,104951680,0,22088056,0,S,43000,200,
000055.SZ,000055,20251209,105016590,0,22152284,0,S,42900,1000,
000055.SZ,000055,20251209,105018230,0,22155941,0,S,42900,300,
000055.SZ,000055,20251209,105021480,0,22164624,0,S,42900,1200,
000055.SZ,000055,20251209,105022270,0,22166334,0,B,42900,800,
000055.SZ,000055,20251209,105030650,0,22190271,0,S,42900,500,
000055.SZ,000055,20251209,105036600,0,22206789,0,S,42900,900,
000055.SZ,000055,20251209,105057370,0,22258367,0,S,43100,400,
000055.SZ,000055,20251209,105057380,0,22258385,0,B,42900,100,
000055.SZ,000055,20251209,105119390,0,22305656,0,S,42800,1000,
000055.SZ,000055,20251209,105121310,0,22311013,0,B,42900,100,
000055.SZ,000055,20251209,105124320,0,22319319,0,B,42900,1300,
000055.SZ,000055,20251209,105137640,0,22346866,0,S,43100,7300,
000055.SZ,000055,20251209,105140010,0,22351375,0,S,42900,2700,
000055.SZ,000055,20251209,105140020,0,22351419,0,B,42900,100,
000055.SZ,000055,20251209,105140020,0,22351420,0,B,42900,100,
000055.SZ,000055,20251209,105140020,0,22351424,0,B,42900,100,
000055.SZ,000055,20251209,105140020,0,22351425,0,B,42900,100,
000055.SZ,000055,20251209,105140020,0,22351427,0,B,42900,100,
000055.SZ,000055,20251209,105140020,0,22351428,0,B,42900,100,
000055.SZ,000055,20251209,105140020,0,22351430,0,B,42900,100,
000055.SZ,000055,20251209,105140020,0,22351431,0,B,42900,100,
000055.SZ,000055,20251209,105140020,0,22351432,0,B,42900,100,
000055.SZ,000055,20251209,105140020,0,22351433,0,B,42900,100,
000055.SZ,000055,20251209,105140020,0,22351434,0,B,42900,100,
000055.SZ,000055,20251209,105140020,0,22351435,0,B,42900,100,
000055.SZ,000055,20251209,105140020,0,22351436,0,B,42900,100,
000055.SZ,000055,20251209,105140020,0,22351437,0,B,42900,100,
000055.SZ,000055,20251209,105140020,0,22351438,0,B,42900,100,
000055.SZ,000055,20251209,105140020,0,22351439,0,B,42900,100,
000055.SZ,000055,20251209,105140020,0,22351440,0,B,42900,100,
000055.SZ,000055,20251209,105140020,0,22351441,0,B,42900,100,
000055.SZ,000055,20251209,105140020,0,22351445,0,B,42900,100,
000055.SZ,000055,20251209,105140020,0,22351447,0,B,42900,100,
000055.SZ,000055,20251209,105140020,0,22351448,0,B,42900,100,
000055.SZ,000055,20251209,105140020,0,22351449,0,B,42900,100,
000055.SZ,000055,20251209,105140030,0,22351475,0,B,42900,100,
000055.SZ,000055,20251209,105140030,0,22351483,0,B,42900,200,
000055.SZ,000055,20251209,105140040,0,22351511,0,B,42900,100,
000055.SZ,000055,20251209,105140540,0,22352739,0,S,42900,400,
000055.SZ,000055,20251209,105142270,0,22355814,0,B,42900,100,
000055.SZ,000055,20251209,105142270,0,22355823,0,B,42900,100,
000055.SZ,000055,20251209,105142490,0,22356357,0,S,42900,1300,
000055.SZ,000055,20251209,105142600,0,22356545,0,S,43000,400,
000055.SZ,000055,20251209,105150180,0,22372414,0,B,42900,300,
000055.SZ,000055,20251209,105201000,0,22394628,0,S,43000,100,
000055.SZ,000055,20251209,105202800,0,22399020,0,S,42800,100,
000055.SZ,000055,20251209,105209460,0,22415490,0,S,43100,5000,
000055.SZ,000055,20251209,105215600,0,22427562,0,B,42900,200,
000055.SZ,000055,20251209,105215610,0,22427573,0,B,42900,100,
000055.SZ,000055,20251209,105215620,0,22427591,0,B,42900,100,
000055.SZ,000055,20251209,105215640,0,22427614,0,B,42900,100,
000055.SZ,000055,20251209,105216600,0,22429240,0,S,42900,400,
000055.SZ,000055,20251209,105218130,0,22431483,0,S,43300,48300,
000055.SZ,000055,20251209,105218150,0,22431512,0,S,43000,1900,
000055.SZ,000055,20251209,105218170,0,22431559,0,S,43000,100,
000055.SZ,000055,20251209,105220140,0,22435638,0,B,42900,1000,
000055.SZ,000055,20251209,105239740,0,22472794,0,S,43100,1400,
000055.SZ,000055,20251209,105240140,0,22473443,0,S,43100,5000,
000055.SZ,000055,20251209,105244030,0,22481233,0,S,42800,1500,
000055.SZ,000055,20251209,105325680,0,22571934,0,B,42900,2600,
000055.SZ,000055,20251209,105335580,0,22593497,0,S,43100,1000,
000055.SZ,000055,20251209,105338280,0,22600006,0,B,42700,800,
000055.SZ,000055,20251209,105342270,0,22607632,0,B,43300,500,
000055.SZ,000055,20251209,105353510,0,22630560,0,B,42600,10000,
000055.SZ,000055,20251209,105354220,0,22631737,0,B,43000,100,
000055.SZ,000055,20251209,105400640,0,22645696,0,S,45500,1000,
000055.SZ,000055,20251209,105402930,0,22650142,0,B,42900,1900,
000055.SZ,000055,20251209,105411480,0,22669375,0,S,43000,100000,
000055.SZ,000055,20251209,105412710,0,22671445,0,S,42900,5000,
000055.SZ,000055,20251209,105412710,0,22671460,0,S,42900,100,
000055.SZ,000055,20251209,105415280,0,22675765,0,S,42900,1200,
000055.SZ,000055,20251209,105415300,0,22675793,0,S,42900,400,
000055.SZ,000055,20251209,105415910,0,22676817,0,S,42900,100,
000055.SZ,000055,20251209,105418170,0,22680711,0,S,42900,100,
000055.SZ,000055,20251209,105418190,0,22680736,0,S,42900,200,
000055.SZ,000055,20251209,105418200,0,22680775,0,S,42900,100,
000055.SZ,000055,20251209,105418200,0,22680777,0,S,42900,100,
000055.SZ,000055,20251209,105418210,0,22680789,0,S,42900,500,
000055.SZ,000055,20251209,105418210,0,22680791,0,S,42900,400,
000055.SZ,000055,20251209,105418210,0,22680794,0,S,42900,100,
000055.SZ,000055,20251209,105418210,0,22680796,0,S,42900,200,
000055.SZ,000055,20251209,105418210,0,22680798,0,S,42900,200,
000055.SZ,000055,20251209,105418210,0,22680800,0,S,42900,100,
000055.SZ,000055,20251209,105418210,0,22680802,0,S,42900,600,
000055.SZ,000055,20251209,105418210,0,22680805,0,S,42900,100,
000055.SZ,000055,20251209,105418210,0,22680807,0,S,42900,100,
000055.SZ,000055,20251209,105418210,0,22680809,0,S,42900,100,
000055.SZ,000055,20251209,105418210,0,22680811,0,S,42900,100,
000055.SZ,000055,20251209,105418210,0,22680813,0,S,42900,300,
000055.SZ,000055,20251209,105418220,0,22680824,0,S,42900,200,
000055.SZ,000055,20251209,105418220,0,22680827,0,S,42900,300,
000055.SZ,000055,20251209,105418220,0,22680829,0,S,42900,200,
000055.SZ,000055,20251209,105418220,0,22680835,0,S,42900,100,
000055.SZ,000055,20251209,105418220,0,22680837,0,S,42900,200,
000055.SZ,000055,20251209,105418220,0,22680840,0,S,42900,100,
000055.SZ,000055,20251209,105418220,0,22680842,0,S,42900,200,
000055.SZ,000055,20251209,105418220,0,22680844,0,S,42900,100,
000055.SZ,000055,20251209,105418220,0,22680846,0,S,42900,100,
000055.SZ,000055,20251209,105418220,0,22680848,0,S,42900,100,
000055.SZ,000055,20251209,105418220,0,22680850,0,S,42900,100,
000055.SZ,000055,20251209,105418220,0,22680852,0,S,42900,100,
000055.SZ,000055,20251209,105418220,0,22680854,0,S,42900,100,
000055.SZ,000055,20251209,105418230,0,22680863,0,S,42900,300,
000055.SZ,000055,20251209,105418230,0,22680871,0,S,42900,100,
000055.SZ,000055,20251209,105421160,0,22685898,0,S,42900,200,
000055.SZ,000055,20251209,105421280,0,22686092,0,S,42900,1200,
000055.SZ,000055,20251209,105424280,0,22691786,0,S,42900,1200,
000055.SZ,000055,20251209,105424310,0,22691854,0,B,43000,100,
000055.SZ,000055,20251209,105424330,0,22691882,0,S,42900,1000,
000055.SZ,000055,20251209,105424340,0,22691889,0,S,42900,300,
000055.SZ,000055,20251209,105440070,0,22722556,0,S,42900,100,
000055.SZ,000055,20251209,105440200,0,22722836,0,B,43000,300,
000055.SZ,000055,20251209,105448420,0,22741136,0,B,42900,500,
000055.SZ,000055,20251209,105452910,0,22752053,0,S,42900,100,
000055.SZ,000055,20251209,105454170,0,22754302,0,S,42900,700,
000055.SZ,000055,20251209,105455470,0,22757188,0,S,42900,100,
000055.SZ,000055,20251209,105457290,0,22760550,0,S,42900,300,
000055.SZ,000055,20251209,105457500,0,22761125,0,S,42900,1200,
000055.SZ,000055,20251209,105503250,0,22771902,0,B,42900,100,
000055.SZ,000055,20251209,105503880,0,22773321,0,B,42900,200,
000055.SZ,000055,20251209,105511940,0,22790328,0,B,43000,100,
000055.SZ,000055,20251209,105516150,0,22798133,0,B,42900,1300,
000055.SZ,000055,20251209,105523110,0,22813370,0,B,42900,200,
000055.SZ,000055,20251209,105523420,0,22814171,0,B,42900,500,
000055.SZ,000055,20251209,105527250,0,22824797,0,S,42800,1800,
000055.SZ,000055,20251209,105530280,0,22830885,0,S,42900,1300,
000055.SZ,000055,20251209,105534200,0,22838082,0,S,43100,3900,
000055.SZ,000055,20251209,105546570,0,22862490,0,S,42900,1500,
000055.SZ,000055,20251209,105546580,0,22862512,0,B,42900,100,
000055.SZ,000055,20251209,105555200,0,22879902,0,S,42800,700,
000055.SZ,000055,20251209,105603720,0,22895743,0,B,42900,2500,
000055.SZ,000055,20251209,105603730,0,22895767,0,B,42900,100,
000055.SZ,000055,20251209,105609720,0,22908071,0,B,42900,2400,
000055.SZ,000055,20251209,105614600,0,22916684,0,S,43000,1700,
000055.SZ,000055,20251209,105630820,0,22944690,0,S,42900,2200,
000055.SZ,000055,20251209,105630830,0,22944695,0,S,42900,23600,
000055.SZ,000055,20251209,105632490,0,22947451,0,S,42900,6000,
000055.SZ,000055,20251209,105632680,0,22947684,0,S,42900,1300,
000055.SZ,000055,20251209,105633180,0,22948405,0,S,42900,100,
000055.SZ,000055,20251209,105633190,0,22948414,0,S,42900,200,
000055.SZ,000055,20251209,105633280,0,22948530,0,S,42900,6000,
000055.SZ,000055,20251209,105633290,0,22948558,0,S,42900,500,
000055.SZ,000055,20251209,105633480,0,22948840,0,S,42900,1200,
000055.SZ,000055,20251209,105634500,0,22951277,0,B,42700,100,
000055.SZ,000055,20251209,105636200,0,22953777,0,S,42900,2000,
000055.SZ,000055,20251209,105636280,0,22953893,0,S,42900,1300,
000055.SZ,000055,20251209,105639280,0,22958926,0,S,42900,1200,
000055.SZ,000055,20251209,105640030,0,22960407,0,S,43000,500,
000055.SZ,000055,20251209,105640070,0,22960475,0,B,42900,300,
000055.SZ,000055,20251209,105642910,0,22965280,0,B,42600,2000,
000055.SZ,000055,20251209,105642950,0,22965347,0,B,42900,500,
000055.SZ,000055,20251209,105645150,0,22969237,0,S,42900,500,
000055.SZ,000055,20251209,105645160,0,22969257,0,B,42900,100,
000055.SZ,000055,20251209,105645160,0,22969259,0,B,42900,100,
000055.SZ,000055,20251209,105645180,0,22969319,0,B,42900,200,
000055.SZ,000055,20251209,105651050,0,22981698,0,B,42900,100,
000055.SZ,000055,20251209,105651050,0,22981699,0,B,42900,100,
000055.SZ,000055,20251209,105651050,0,22981700,0,B,42900,100,
000055.SZ,000055,20251209,105651050,0,22981701,0,B,42900,100,
000055.SZ,000055,20251209,105651050,0,22981702,0,B,42900,100,
000055.SZ,000055,20251209,105651050,0,22981703,0,B,42900,100,
000055.SZ,000055,20251209,105651050,0,22981704,0,B,42900,100,
000055.SZ,000055,20251209,105651050,0,22981705,0,B,42900,100,
000055.SZ,000055,20251209,105651050,0,22981706,0,B,42900,100,
000055.SZ,000055,20251209,105651050,0,22981707,0,B,42900,100,
000055.SZ,000055,20251209,105651050,0,22981708,0,B,42900,100,
000055.SZ,000055,20251209,105651050,0,22981709,0,B,42900,100,
000055.SZ,000055,20251209,105651050,0,22981710,0,B,42900,100,
000055.SZ,000055,20251209,105651050,0,22981712,0,B,42900,100,
000055.SZ,000055,20251209,105651050,0,22981713,0,B,42900,100,
000055.SZ,000055,20251209,105651050,0,22981714,0,B,42900,100,
000055.SZ,000055,20251209,105651050,0,22981715,0,B,42900,100,
000055.SZ,000055,20251209,105651050,0,22981716,0,B,42900,100,
000055.SZ,000055,20251209,105651050,0,22981717,0,B,42900,100,
000055.SZ,000055,20251209,105651050,0,22981718,0,B,42900,100,
000055.SZ,000055,20251209,105651050,0,22981719,0,B,42900,100,
000055.SZ,000055,20251209,105651050,0,22981724,0,B,42900,100,
000055.SZ,000055,20251209,105651060,0,22981746,0,B,42900,100,
000055.SZ,000055,20251209,105651070,0,22981768,0,B,42900,100,
000055.SZ,000055,20251209,105651420,0,22982610,0,S,42800,900,
000055.SZ,000055,20251209,105657760,0,22995242,0,B,42900,100,
000055.SZ,000055,20251209,105658090,0,22995808,0,B,42900,1200,
000055.SZ,000055,20251209,105703550,0,23009792,0,S,42900,1000,
000055.SZ,000055,20251209,105708000,0,23024356,0,S,42900,700,
000055.SZ,000055,20251209,105715550,0,23043457,0,S,42900,3000,
000055.SZ,000055,20251209,105736830,0,23087130,0,S,43000,8100,
000055.SZ,000055,20251209,105736850,0,23087142,0,B,42900,100,
000055.SZ,000055,20251209,105736860,0,23087158,0,B,42900,100,
000055.SZ,000055,20251209,105736880,0,23087211,0,B,42900,100,
000055.SZ,000055,20251209,105736980,0,23087358,0,S,43000,2000,
000055.SZ,000055,20251209,105745530,0,23103820,0,B,42900,1500,
000055.SZ,000055,20251209,105751550,0,23115816,0,S,42900,4500,
000055.SZ,000055,20251209,105759310,0,23130951,0,B,42600,2000,
000055.SZ,000055,20251209,105800210,0,23132552,0,B,43000,300,
000055.SZ,000055,20251209,105801840,0,23137350,0,S,43000,22300,
000055.SZ,000055,20251209,105804840,0,23143355,0,S,43000,700,
000055.SZ,000055,20251209,105806450,0,23146695,0,B,42900,100,
000055.SZ,000055,20251209,105847920,0,23224586,0,B,43000,100,
000055.SZ,000055,20251209,105847980,0,23224651,0,B,43000,100,
000055.SZ,000055,20251209,105848280,0,23225083,0,S,42800,600,
000055.SZ,000055,20251209,105902880,0,23252710,0,S,42800,100,
000055.SZ,000055,20251209,105929250,0,23301624,0,B,43000,100,
000055.SZ,000055,20251209,105929250,0,23301627,0,B,43000,100,
000055.SZ,000055,20251209,105929390,0,23301937,0,B,43000,400,
000055.SZ,000055,20251209,105929390,0,23301939,0,B,43000,100,
000055.SZ,000055,20251209,105929490,0,23302216,0,B,43000,100,
000055.SZ,000055,20251209,105929630,0,23302468,0,B,43000,100,
000055.SZ,000055,20251209,105929720,0,23302667,0,B,43000,100,
000055.SZ,000055,20251209,105929750,0,23302747,0,B,43000,100,
000055.SZ,000055,20251209,105929820,0,23302869,0,B,43000,100,
000055.SZ,000055,20251209,105930310,0,23303995,0,B,42900,300,
000055.SZ,000055,20251209,105930840,0,23305098,0,B,43000,100,
000055.SZ,000055,20251209,105934360,0,23313533,0,B,43000,100,
000055.SZ,000055,20251209,105936280,0,23317936,0,S,42900,100,
000055.SZ,000055,20251209,105936370,0,23318223,0,B,43000,300,
000055.SZ,000055,20251209,105937320,0,23321038,0,S,42900,6100,
000055.SZ,000055,20251209,105937350,0,23321126,0,B,43000,200,
000055.SZ,000055,20251209,105938570,0,23323939,0,S,43500,2000,
000055.SZ,000055,20251209,105938900,0,23324412,0,S,42900,200,
000055.SZ,000055,20251209,105938940,0,23324467,0,S,42900,1200,
000055.SZ,000055,20251209,105947750,0,23341706,0,B,43000,400,
000055.SZ,000055,20251209,105947880,0,23341843,0,S,42900,200,
000055.SZ,000055,20251209,105956140,0,23356968,0,S,42900,900,
000055.SZ,000055,20251209,105956150,0,23356978,0,S,42900,900,
000055.SZ,000055,20251209,105956200,0,23357074,0,S,42900,2200,
000055.SZ,000055,20251209,105957130,0,23358385,0,B,43100,200,
000055.SZ,000055,20251209,105957430,0,23358964,0,B,43100,500,
000055.SZ,000055,20251209,105957620,0,23359390,0,S,42900,1000,
000055.SZ,000055,20251209,105957710,0,23359645,0,S,42900,9100,
000055.SZ,000055,20251209,105957720,0,23359682,0,B,42900,100,
000055.SZ,000055,20251209,105957720,0,23359683,0,B,42900,100,
000055.SZ,000055,20251209,105957720,0,23359688,0,B,42900,100,
000055.SZ,000055,20251209,105957760,0,23359818,0,S,42900,1300,
000055.SZ,000055,20251209,105957840,0,23359967,0,S,42900,800,
000055.SZ,000055,20251209,105957870,0,23360035,0,S,42900,200,
000055.SZ,000055,20251209,105958360,0,23361126,0,S,42900,100,
000055.SZ,000055,20251209,105958400,0,23361172,0,S,42900,100,
000055.SZ,000055,20251209,105958410,0,23361214,0,S,42900,900,
000055.SZ,000055,20251209,105958440,0,23361312,0,S,42900,2000,
000055.SZ,000055,20251209,105958480,0,23361389,0,S,42900,300,
000055.SZ,000055,20251209,105959360,0,23362766,0,B,42900,100,
000055.SZ,000055,20251209,105959720,0,23363243,0,S,42900,1000,
000055.SZ,000055,20251209,110001310,0,23368147,0,S,42900,1000,
000055.SZ,000055,20251209,110001310,0,23368169,0,B,42800,1100,
000055.SZ,000055,20251209,110001310,0,23368172,0,S,42900,1800,
000055.SZ,000055,20251209,110001310,0,23368173,0,B,42800,200,
000055.SZ,000055,20251209,110001310,0,23368174,0,B,42800,200,
000055.SZ,000055,20251209,110001310,0,23368176,0,B,42800,300,
000055.SZ,000055,20251209,110001350,0,23368253,0,B,42800,1400,
000055.SZ,000055,20251209,110002270,0,23370280,0,S,42900,200,
000055.SZ,000055,20251209,110003180,0,23371896,0,B,42900,200,
000055.SZ,000055,20251209,110003180,0,23371899,0,B,42900,800,
000055.SZ,000055,20251209,110003180,0,23371902,0,B,42900,2600,
000055.SZ,000055,20251209,110003180,0,23371905,0,B,42900,300,
000055.SZ,000055,20251209,110003190,0,23371932,0,B,42900,600,
000055.SZ,000055,20251209,110003200,0,23371933,0,B,42900,1900,
000055.SZ,000055,20251209,110003200,0,23371934,0,B,42900,500,
000055.SZ,000055,20251209,110003200,0,23371935,0,B,42900,700,
000055.SZ,000055,20251209,110003200,0,23371937,0,B,42900,200,
000055.SZ,000055,20251209,110003200,0,23371938,0,B,42900,300,
000055.SZ,000055,20251209,110003200,0,23371939,0,S,42900,100,
000055.SZ,000055,20251209,110003200,0,23371941,0,B,42900,200,
000055.SZ,000055,20251209,110003200,0,23371942,0,B,42900,200,
000055.SZ,000055,20251209,110003200,0,23371943,0,B,42900,300,
000055.SZ,000055,20251209,110003200,0,23371944,0,B,42900,1900,
000055.SZ,000055,20251209,110003200,0,23371948,0,B,42900,200,
000055.SZ,000055,20251209,110003210,0,23371962,0,B,42900,100,
000055.SZ,000055,20251209,110003220,0,23371986,0,B,42800,200,
000055.SZ,000055,20251209,110003240,0,23372023,0,B,42800,200,
000055.SZ,000055,20251209,110003260,0,23372068,0,S,42900,200,
000055.SZ,000055,20251209,110003300,0,23372160,0,S,42900,100,
000055.SZ,000055,20251209,110003300,0,23372162,0,S,42900,1800,
000055.SZ,000055,20251209,110003460,0,23372595,0,B,42900,1300,
000055.SZ,000055,20251209,110003620,0,23372967,0,S,42900,200,
000055.SZ,000055,20251209,110003630,0,23372983,0,S,42900,500,
000055.SZ,000055,20251209,110003630,0,23373007,0,S,42900,5000,
000055.SZ,000055,20251209,110003730,0,23373257,0,S,42900,2800,
000055.SZ,000055,20251209,110003760,0,23373370,0,S,42900,1200,
000055.SZ,000055,20251209,110003790,0,23373420,0,S,42900,1300,
000055.SZ,000055,20251209,110003800,0,23373451,0,S,42800,27100,
000055.SZ,000055,20251209,110004110,0,23374139,0,S,42900,1300,
000055.SZ,000055,20251209,110004120,0,23374179,0,S,42900,22400,
000055.SZ,000055,20251209,110004300,0,23374987,0,S,42900,4000,
000055.SZ,000055,20251209,110004530,0,23375983,0,B,42800,800,
000055.SZ,000055,20251209,110004610,0,23376304,0,S,42900,3600,
000055.SZ,000055,20251209,110004710,0,23376686,0,S,42900,1000,
000055.SZ,000055,20251209,110004840,0,23376888,0,S,42900,8100,
000055.SZ,000055,20251209,110004840,0,23376890,0,S,42900,22300,
000055.SZ,000055,20251209,110004840,0,23376891,0,S,42900,700,
000055.SZ,000055,20251209,110006190,0,23379672,0,S,42900,200,
000055.SZ,000055,20251209,110006190,0,23379674,0,S,42900,200,
000055.SZ,000055,20251209,110006300,0,23379969,0,S,42900,200,
000055.SZ,000055,20251209,110006700,0,23380900,0,B,42800,800,
000055.SZ,000055,20251209,110006730,0,23380953,0,B,42800,1700,
000055.SZ,000055,20251209,110006730,0,23380954,0,B,42800,900,
000055.SZ,000055,20251209,110006730,0,23380955,0,B,42800,1100,
000055.SZ,000055,20251209,110006730,0,23380956,0,B,42800,900,
000055.SZ,000055,20251209,110006730,0,23380959,0,B,42800,1700,
000055.SZ,000055,20251209,110006950,0,23381475,0,B,42800,800,
000055.SZ,000055,20251209,110006950,0,23381477,0,B,42800,1800,
000055.SZ,000055,20251209,110006950,0,23381478,0,B,42800,800,
000055.SZ,000055,20251209,110011840,0,23390361,0,S,42900,13200,
000055.SZ,000055,20251209,110013790,0,23393895,0,S,43000,1400,
000055.SZ,000055,20251209,110015240,0,23396398,0,S,42900,200,
000055.SZ,000055,20251209,110018160,0,23401647,0,S,42900,300,
000055.SZ,000055,20251209,110021350,0,23407811,0,S,42900,200,
000055.SZ,000055,20251209,110024150,0,23414178,0,S,42900,800,
000055.SZ,000055,20251209,110024200,0,23414320,0,S,42900,2100,
000055.SZ,000055,20251209,110031770,0,23431985,0,S,42900,200,
000055.SZ,000055,20251209,110032840,0,23434326,0,B,42800,100,
000055.SZ,000055,20251209,110035180,0,23442555,0,S,42900,14000,
000055.SZ,000055,20251209,110035270,0,23442880,0,S,42900,300,
000055.SZ,000055,20251209,110035630,0,23444188,0,S,42900,300,
000055.SZ,000055,20251209,110039240,0,23455744,0,S,42900,200,
000055.SZ,000055,20251209,110041040,0,23461840,0,B,42800,200,
000055.SZ,000055,20251209,110044430,0,23470482,0,S,42800,400,
000055.SZ,000055,20251209,110045170,0,23471688,0,S,42900,5800,
000055.SZ,000055,20251209,110045170,0,23471689,0,S,42900,3200,
000055.SZ,000055,20251209,110045200,0,23471732,0,S,42900,100,
000055.SZ,000055,20251209,110045320,0,23472833,0,S,42900,100,
000055.SZ,000055,20251209,110047730,0,23480517,0,B,42800,2500,
000055.SZ,000055,20251209,110048360,0,23482166,0,S,42900,1000,
000055.SZ,000055,20251209,110050990,0,23489642,0,S,42700,5200,
000055.SZ,000055,20251209,110059000,0,23509032,0,S,43000,600,
000055.SZ,000055,20251209,110103040,0,23520244,0,B,42800,100,
000055.SZ,000055,20251209,110103570,0,23522514,0,B,42800,100,
000055.SZ,000055,20251209,110104480,0,23525882,0,S,42800,1700,
000055.SZ,000055,20251209,110104500,0,23525952,0,B,42800,100,
000055.SZ,000055,20251209,110104580,0,23526202,0,B,42800,400,
000055.SZ,000055,20251209,110106180,0,23531369,0,S,42700,1000,
000055.SZ,000055,20251209,110110590,0,23547362,0,S,43000,900,
000055.SZ,000055,20251209,110112390,0,23551752,0,B,42800,200,
000055.SZ,000055,20251209,110113550,0,23554749,0,B,42800,1000,
000055.SZ,000055,20251209,110118570,0,23566217,0,B,42800,600,
000055.SZ,000055,20251209,110121560,0,23573485,0,B,42800,200,
000055.SZ,000055,20251209,110121560,0,23573489,0,B,42800,100,
000055.SZ,000055,20251209,110135170,0,23605181,0,S,42900,4600,
000055.SZ,000055,20251209,110139440,0,23615748,0,S,42700,5000,
000055.SZ,000055,20251209,110139460,0,23615786,0,S,42900,100,
000055.SZ,000055,20251209,110148100,0,23632344,0,S,42800,200,
000055.SZ,000055,20251209,110154610,0,23647164,0,S,43000,600,
000055.SZ,000055,20251209,110203510,0,23666162,0,B,42800,100,
000055.SZ,000055,20251209,110204830,0,23669111,0,B,42800,900,
000055.SZ,000055,20251209,110206360,0,23672021,0,B,42800,4900,
000055.SZ,000055,20251209,110207530,0,23674314,0,B,42600,3000,
000055.SZ,000055,20251209,110221460,0,23702566,0,S,42900,1800,
000055.SZ,000055,20251209,110229400,0,23717889,0,S,42800,200,
000055.SZ,000055,20251209,110233680,0,23725118,0,S,43000,2400,
000055.SZ,000055,20251209,110237410,0,23731636,0,B,42900,900,
000055.SZ,000055,20251209,110239260,0,23735109,0,S,42900,100,
000055.SZ,000055,20251209,110244960,0,23748348,0,B,42800,3300,
000055.SZ,000055,20251209,110244990,0,23748382,0,S,42900,11100,
000055.SZ,000055,20251209,110256550,0,23775138,0,B,42800,1900,
000055.SZ,000055,20251209,110300390,0,23783148,0,B,42700,6000,
000055.SZ,000055,20251209,110303340,0,23789392,0,B,42900,1300,
000055.SZ,000055,20251209,110303340,0,23789399,0,B,42800,200,
000055.SZ,000055,20251209,110309190,0,23803762,0,S,42900,100,
000055.SZ,000055,20251209,110312850,0,23816529,0,B,42800,6000,
000055.SZ,000055,20251209,110313310,0,23817905,0,B,42800,100,
000055.SZ,000055,20251209,110320420,0,23838669,0,S,42900,3700,
000055.SZ,000055,20251209,110322210,0,23842909,0,S,42900,13500,
000055.SZ,000055,20251209,110329190,0,23856749,0,S,43000,1100,
000055.SZ,000055,20251209,110331710,0,23861456,0,B,42800,1700,
000055.SZ,000055,20251209,110331800,0,23861586,0,S,45000,400,
000055.SZ,000055,20251209,110341070,0,23878282,0,S,42900,100,
000055.SZ,000055,20251209,110342670,0,23881243,0,B,42900,200,
000055.SZ,000055,20251209,110350210,0,23897785,0,B,42700,2000,
000055.SZ,000055,20251209,110357750,0,23911002,0,B,42800,1500,
000055.SZ,000055,20251209,110359720,0,23914172,0,B,42800,800,
000055.SZ,000055,20251209,110359740,0,23914224,0,B,42800,900,
000055.SZ,000055,20251209,110359740,0,23914225,0,B,42800,800,
000055.SZ,000055,20251209,110359970,0,23914494,0,B,42800,900,
000055.SZ,000055,20251209,110359970,0,23914495,0,B,42800,1000,
000055.SZ,000055,20251209,110400970,0,23917350,0,B,42800,800,
000055.SZ,000055,20251209,110401710,0,23919512,0,B,42800,1600,
000055.SZ,000055,20251209,110401970,0,23919957,0,B,42800,1500,
000055.SZ,000055,20251209,110401970,0,23919961,0,B,42800,1300,
000055.SZ,000055,20251209,110403400,0,23923433,0,B,42900,100,
000055.SZ,000055,20251209,110403480,0,23923759,0,B,42800,200,
000055.SZ,000055,20251209,110408260,0,23937769,0,B,42900,1000,
000055.SZ,000055,20251209,110408350,0,23937882,0,B,42900,100,
000055.SZ,000055,20251209,110411200,0,23944258,0,B,42800,5800,
000055.SZ,000055,20251209,110431750,0,23987106,0,B,42900,200,
000055.SZ,000055,20251209,110434560,0,23994406,0,B,42800,1800,
000055.SZ,000055,20251209,110435300,0,23996014,0,S,42600,100,
000055.SZ,000055,20251209,110436250,0,23997812,0,B,42900,200,
000055.SZ,000055,20251209,110442620,0,24009440,0,S,42800,3600,
000055.SZ,000055,20251209,110506990,0,24057408,0,S,43000,5000,
000055.SZ,000055,20251209,110509250,0,24061577,0,S,42900,100,
000055.SZ,000055,20251209,110526680,0,24103893,0,B,42800,100,
000055.SZ,000055,20251209,110534560,0,24120444,0,S,42800,1400,
000055.SZ,000055,20251209,110535270,0,24121898,0,S,42600,100,
000055.SZ,000055,20251209,110542100,0,24135458,0,S,43000,1500,
000055.SZ,000055,20251209,110604160,0,24182539,0,B,42800,3000,
000055.SZ,000055,20251209,110605050,0,24185008,0,B,42800,100,
000055.SZ,000055,20251209,110613130,0,24201544,0,S,42700,1200,
000055.SZ,000055,20251209,110635260,0,24243678,0,S,42600,100,
000055.SZ,000055,20251209,110702070,0,24295584,0,S,42700,400,
000055.SZ,000055,20251209,110706810,0,24305216,0,S,42700,5800,
000055.SZ,000055,20251209,110708550,0,24308146,0,B,42800,1700,
000055.SZ,000055,20251209,110708560,0,24308165,0,S,42800,100,
000055.SZ,000055,20251209,110717910,0,24328853,0,S,42700,1400,
000055.SZ,000055,20251209,110725680,0,24345557,0,S,42900,100,
000055.SZ,000055,20251209,110727920,0,24349973,0,B,42800,1300,
000055.SZ,000055,20251209,110729550,0,24353271,0,S,47500,25900,
000055.SZ,000055,20251209,110732560,0,24358476,0,B,42800,1200,
000055.SZ,000055,20251209,110734790,0,24362133,0,S,43000,100,
000055.SZ,000055,20251209,110735280,0,24363005,0,S,42600,100,
000055.SZ,000055,20251209,110742030,0,24372924,0,S,42700,1700,
000055.SZ,000055,20251209,110743270,0,24374802,0,B,42700,28800,
000055.SZ,000055,20251209,110744060,0,24375977,0,B,42800,100,
000055.SZ,000055,20251209,110755440,0,24393920,0,S,42700,900,
000055.SZ,000055,20251209,110807690,0,24419459,0,B,42800,1200,
000055.SZ,000055,20251209,110808420,0,24420703,0,S,43000,200,
000055.SZ,000055,20251209,110813570,0,24430079,0,B,42800,1700,
000055.SZ,000055,20251209,110829190,0,24457320,0,S,42800,800,
000055.SZ,000055,20251209,110835280,0,24466686,0,S,42600,100,
000055.SZ,000055,20251209,110835710,0,24467518,0,S,42800,300,
000055.SZ,000055,20251209,110838480,0,24472066,0,S,42700,600,
000055.SZ,000055,20251209,110838500,0,24472096,0,B,42800,100,
000055.SZ,000055,20251209,110843780,0,24481621,0,S,42700,100,
000055.SZ,000055,20251209,110843800,0,24481662,0,B,42800,100,
000055.SZ,000055,20251209,110844130,0,24482314,0,B,42800,20000,
000055.SZ,000055,20251209,110847850,0,24490070,0,S,42700,1500,
000055.SZ,000055,20251209,110850750,0,24495945,0,S,47500,1200,
000055.SZ,000055,20251209,110850970,0,24496228,0,B,42800,1200,
000055.SZ,000055,20251209,110853290,0,24500230,0,S,42700,600,
000055.SZ,000055,20251209,110857680,0,24507687,0,B,42800,30000,
000055.SZ,000055,20251209,110859100,0,24510730,0,S,42700,100,
000055.SZ,000055,20251209,110900170,0,24512475,0,B,42800,200,
000055.SZ,000055,20251209,110908690,0,24530059,0,S,42900,1200,
000055.SZ,000055,20251209,110908870,0,24530309,0,S,42700,200,
000055.SZ,000055,20251209,110909290,0,24530935,0,B,42900,4900,
000055.SZ,000055,20251209,110909290,0,24530950,0,B,42900,200,
000055.SZ,000055,20251209,110909300,0,24530953,0,B,42900,100,
000055.SZ,000055,20251209,110909320,0,24531043,0,S,42800,100,
000055.SZ,000055,20251209,110909320,0,24531048,0,S,42800,100,
000055.SZ,000055,20251209,110916020,0,24542360,0,B,42700,2400,
000055.SZ,000055,20251209,110923990,0,24556379,0,B,42800,2400,
000055.SZ,000055,20251209,110935260,0,24576688,0,S,42600,100,
000055.SZ,000055,20251209,110935280,0,24576740,0,B,42900,100,
000055.SZ,000055,20251209,110935290,0,24576764,0,S,42800,100,
000055.SZ,000055,20251209,110935300,0,24576777,0,S,42800,100,
000055.SZ,000055,20251209,110952260,0,24606485,0,S,43000,5000,
000055.SZ,000055,20251209,110955230,0,24611455,0,S,42900,100,
000055.SZ,000055,20251209,111001380,0,24624388,0,S,42800,100,
000055.SZ,000055,20251209,111010990,0,24655010,0,B,43200,800,
000055.SZ,000055,20251209,111011020,0,24655060,0,S,42800,1000,
000055.SZ,000055,20251209,111011650,0,24656277,0,S,42900,600,
000055.SZ,000055,20251209,111011650,0,24656278,0,B,42700,600,
000055.SZ,000055,20251209,111016980,0,24667665,0,S,43000,200,
000055.SZ,000055,20251209,111023100,0,24680249,0,B,42400,200,
000055.SZ,000055,20251209,111029020,0,24692887,0,S,42900,200,
000055.SZ,000055,20251209,111035260,0,24706893,0,S,42600,100,
000055.SZ,000055,20251209,111042200,0,24719970,0,B,42600,5000,
000055.SZ,000055,20251209,111047280,0,24729998,0,S,43200,10000,
000055.SZ,000055,20251209,111058890,0,24752924,0,S,42900,1000,
000055.SZ,000055,20251209,111106660,0,24767828,0,S,42700,300,
000055.SZ,000055,20251209,111113320,0,24779394,0,S,42900,100,
000055.SZ,000055,20251209,111120080,0,24792268,0,S,42900,4900,
000055.SZ,000055,20251209,111122680,0,24797398,0,B,42600,100,
000055.SZ,000055,20251209,111129840,0,24810169,0,S,42700,500,
000055.SZ,000055,20251209,111130800,0,24811641,0,S,42900,200,
000055.SZ,000055,20251209,111135260,0,24820486,0,S,42600,100,
000055.SZ,000055,20251209,111139480,0,24828330,0,S,42900,600,
000055.SZ,000055,20251209,111147290,0,24842145,0,S,42900,900,
000055.SZ,000055,20251209,111147340,0,24842202,0,S,42900,600,
000055.SZ,000055,20251209,111147350,0,24842215,0,S,42900,10300,
000055.SZ,000055,20251209,111147390,0,24842267,0,S,42900,700,
000055.SZ,000055,20251209,111149770,0,24847440,0,B,42800,1000,
000055.SZ,000055,20251209,111200840,0,24869054,0,S,43500,600,
000055.SZ,000055,20251209,111218830,0,24902959,0,B,39300,400,
000055.SZ,000055,20251209,111222690,0,24911075,0,S,42900,4000,
000055.SZ,000055,20251209,111226790,0,24918441,0,S,42700,200,
000055.SZ,000055,20251209,111227480,0,24919572,0,S,42700,300,
000055.SZ,000055,20251209,111227480,0,24919585,0,B,42800,100,
000055.SZ,000055,20251209,111227480,0,24919587,0,B,42800,100,
000055.SZ,000055,20251209,111227480,0,24919588,0,B,42800,100,
000055.SZ,000055,20251209,111227480,0,24919589,0,B,42800,100,
000055.SZ,000055,20251209,111227480,0,24919590,0,B,42800,100,
000055.SZ,000055,20251209,111227480,0,24919591,0,B,42800,100,
000055.SZ,000055,20251209,111227480,0,24919592,0,B,42800,100,
000055.SZ,000055,20251209,111227480,0,24919595,0,B,42800,100,
000055.SZ,000055,20251209,111227480,0,24919597,0,B,42800,100,
000055.SZ,000055,20251209,111227490,0,24919598,0,B,42800,100,
000055.SZ,000055,20251209,111227970,0,24920446,0,S,42700,300,
000055.SZ,000055,20251209,111235260,0,24933130,0,S,42600,100,
000055.SZ,000055,20251209,111302180,0,24979683,0,B,42800,200,
000055.SZ,000055,20251209,111306070,0,24988333,0,B,42800,13000,
000055.SZ,000055,20251209,111325780,0,25032875,0,S,42900,100,
000055.SZ,000055,20251209,111328010,0,25038302,0,B,42800,1200,
000055.SZ,000055,20251209,111329390,0,25041892,0,S,42800,800,
000055.SZ,000055,20251209,111330080,0,25043783,0,B,42900,100,
000055.SZ,000055,20251209,111335270,0,25057332,0,S,42600,100,
000055.SZ,000055,20251209,111336390,0,25059424,0,S,42800,800,
000055.SZ,000055,20251209,111339390,0,25065134,0,S,42800,1400,
000055.SZ,000055,20251209,111341610,0,25069361,0,S,42800,100,
000055.SZ,000055,20251209,111341620,0,25069370,0,S,42800,100,
000055.SZ,000055,20251209,111341630,0,25069384,0,S,42800,100,
000055.SZ,000055,20251209,111342640,0,25071482,0,S,42800,100,
000055.SZ,000055,20251209,111343480,0,25073065,0,S,42800,200,
000055.SZ,000055,20251209,111343480,0,25073071,0,S,42800,200,
000055.SZ,000055,20251209,111344380,0,25074682,0,S,42800,100,
000055.SZ,000055,20251209,111344680,0,25075161,0,S,42800,100,
000055.SZ,000055,20251209,111344900,0,25075428,0,S,42800,100,
000055.SZ,000055,20251209,111345600,0,25076596,0,S,42800,100,
000055.SZ,000055,20251209,111345670,0,25076782,0,S,42800,100,
000055.SZ,000055,20251209,111345670,0,25076785,0,S,42800,100,
000055.SZ,000055,20251209,111414370,0,25128561,0,S,43700,10000,
000055.SZ,000055,20251209,111429250,0,25159514,0,B,42800,2300,
000055.SZ,000055,20251209,111430080,0,25161316,0,B,42900,200,
000055.SZ,000055,20251209,111430900,0,25163605,0,B,42900,100,
000055.SZ,000055,20251209,111434920,0,25174662,0,S,42800,100,
000055.SZ,000055,20251209,111435080,0,25175140,0,B,42900,100,
000055.SZ,000055,20251209,111435260,0,25175541,0,S,42600,100,
000055.SZ,000055,20251209,111440300,0,25186879,0,S,42800,100,
000055.SZ,000055,20251209,111440310,0,25186895,0,S,42800,4100,
000055.SZ,000055,20251209,111440400,0,25187064,0,S,42800,3000,
000055.SZ,000055,20251209,111442980,0,25191131,0,S,42700,5400,
000055.SZ,000055,20251209,111442990,0,25191144,0,S,42800,800,
000055.SZ,000055,20251209,111445070,0,25194811,0,S,42800,100,
000055.SZ,000055,20251209,111449560,0,25202784,0,S,42900,3900,
000055.SZ,000055,20251209,111450160,0,25203780,0,S,42700,2900,
000055.SZ,000055,20251209,111450160,0,25203789,0,S,42800,3800,
000055.SZ,000055,20251209,111450160,0,25203791,0,S,42800,1900,
000055.SZ,000055,20251209,111450220,0,25203895,0,B,42900,100,
000055.SZ,000055,20251209,111452570,0,25207398,0,S,42700,5600,
000055.SZ,000055,20251209,111452580,0,25207419,0,S,42800,3500,
000055.SZ,000055,20251209,111452590,0,25207430,0,S,42800,100,
000055.SZ,000055,20251209,111452590,0,25207440,0,S,42800,100,
000055.SZ,000055,20251209,111452610,0,25207474,0,S,42800,2300,
000055.SZ,000055,20251209,111452620,0,25207491,0,S,42800,100,
000055.SZ,000055,20251209,111452620,0,25207493,0,S,42800,100,
000055.SZ,000055,20251209,111452640,0,25207506,0,S,42800,2400,
000055.SZ,000055,20251209,111453240,0,25208384,0,S,42800,100,
000055.SZ,000055,20251209,111453250,0,25208390,0,S,42800,100,
000055.SZ,000055,20251209,111453250,0,25208393,0,S,42800,100,
000055.SZ,000055,20251209,111453250,0,25208395,0,S,42800,100,
000055.SZ,000055,20251209,111453390,0,25208535,0,S,42800,100,
000055.SZ,000055,20251209,111453490,0,25208679,0,S,42800,900,
000055.SZ,000055,20251209,111453490,0,25208681,0,S,42800,1500,
000055.SZ,000055,20251209,111454280,0,25209798,0,S,42800,100,
000055.SZ,000055,20251209,111454910,0,25210985,0,S,42800,300,
000055.SZ,000055,20251209,111455620,0,25212248,0,S,42800,100,
000055.SZ,000055,20251209,111455760,0,25212493,0,S,42700,200,
000055.SZ,000055,20251209,111512270,0,25251615,0,S,43000,10000,
000055.SZ,000055,20251209,111512280,0,25251630,0,S,42900,100,
000055.SZ,000055,20251209,111512280,0,25251631,0,S,42900,100,
000055.SZ,000055,20251209,111512280,0,25251634,0,B,42800,100,
000055.SZ,000055,20251209,111512280,0,25251645,0,B,42800,100,
000055.SZ,000055,20251209,111512330,0,25251749,0,B,42800,100,
000055.SZ,000055,20251209,111512820,0,25253437,0,B,42800,1200,
000055.SZ,000055,20251209,111514580,0,25257461,0,S,42700,190000,
000055.SZ,000055,20251209,111514590,0,25257560,0,S,42700,100,
000055.SZ,000055,20251209,111514590,0,25257577,0,S,42700,300,
000055.SZ,000055,20251209,111514590,0,25257580,0,S,42900,1800,
000055.SZ,000055,20251209,111514590,0,25257585,0,B,42700,3900,
000055.SZ,000055,20251209,111514610,0,25257603,0,S,42900,5900,
000055.SZ,000055,20251209,111514610,0,25257605,0,S,42800,15700,
000055.SZ,000055,20251209,111514630,0,25257620,0,S,42800,100,
000055.SZ,000055,20251209,111515160,0,25259072,0,S,42800,8200,
000055.SZ,000055,20251209,111515160,0,25259075,0,S,42800,4400,
000055.SZ,000055,20251209,111515180,0,25259166,0,B,42700,600,
000055.SZ,000055,20251209,111515190,0,25259183,0,S,42800,100,
000055.SZ,000055,20251209,111515240,0,25259389,0,S,42800,200,
000055.SZ,000055,20251209,111515240,0,25259399,0,B,42700,700,
000055.SZ,000055,20251209,111515260,0,25259420,0,S,42800,200,
000055.SZ,000055,20251209,111515630,0,25260231,0,S,42800,9300,
000055.SZ,000055,20251209,111515690,0,25260535,0,S,42800,6000,
000055.SZ,000055,20251209,111515750,0,25260725,0,S,42800,100,
000055.SZ,000055,20251209,111515770,0,25260767,0,S,42800,1100,
000055.SZ,000055,20251209,111515770,0,25260768,0,S,42800,100,
000055.SZ,000055,20251209,111515770,0,25260769,0,S,42800,1300,
000055.SZ,000055,20251209,111515770,0,25260774,0,S,42800,1500,
000055.SZ,000055,20251209,111516030,0,25261377,0,B,42700,100,
000055.SZ,000055,20251209,111516120,0,25261534,0,S,42800,1000,
000055.SZ,000055,20251209,111516140,0,25261571,0,B,42900,100,
000055.SZ,000055,20251209,111516200,0,25261704,0,B,42700,200,
000055.SZ,000055,20251209,111516200,0,25261713,0,S,42800,1000,
000055.SZ,000055,20251209,111516500,0,25262499,0,S,42800,1500,
000055.SZ,000055,20251209,111516700,0,25262994,0,S,42800,4000,
000055.SZ,000055,20251209,111516780,0,25263194,0,B,42700,800,
000055.SZ,000055,20251209,111516780,0,25263197,0,B,42700,800,
000055.SZ,000055,20251209,111516900,0,25263466,0,S,42800,1000,
000055.SZ,000055,20251209,111517010,0,25263608,0,B,42700,1100,
000055.SZ,000055,20251209,111517100,0,25263732,0,S,42800,4900,
000055.SZ,000055,20251209,111518230,0,25266835,0,B,42700,300,
000055.SZ,000055,20251209,111518230,0,25266841,0,B,42700,100,
000055.SZ,000055,20251209,111518230,0,25266844,0,B,42700,200,
000055.SZ,000055,20251209,111518240,0,25266847,0,B,42700,600,
000055.SZ,000055,20251209,111518240,0,25266873,0,B,42700,1500,
000055.SZ,000055,20251209,111518240,0,25266874,0,B,42700,900,
000055.SZ,000055,20251209,111518240,0,25266875,0,B,42700,1400,
000055.SZ,000055,20251209,111518240,0,25266876,0,B,42700,300,
000055.SZ,000055,20251209,111518250,0,25266892,0,B,42700,400,
000055.SZ,000055,20251209,111518250,0,25266909,0,B,42700,200,
000055.SZ,000055,20251209,111518250,0,25266912,0,B,42700,100,
000055.SZ,000055,20251209,111518660,0,25269294,0,B,42700,100,
000055.SZ,000055,20251209,111519220,0,25271447,0,S,42600,200,
000055.SZ,000055,20251209,111519240,0,25271510,0,S,42800,200,
000055.SZ,000055,20251209,111520760,0,25275499,0,S,42800,300,
000055.SZ,000055,20251209,111520900,0,25276027,0,B,42600,100,
000055.SZ,000055,20251209,111522490,0,25281095,0,S,42800,200,
000055.SZ,000055,20251209,111522700,0,25281704,0,S,42800,11300,
000055.SZ,000055,20251209,111524300,0,25285848,0,S,42800,200,
000055.SZ,000055,20251209,111525670,0,25290912,0,S,42800,100,
000055.SZ,000055,20251209,111526470,0,25293202,0,S,42800,400,
000055.SZ,000055,20251209,111529740,0,25302261,0,S,42800,100,
000055.SZ,000055,20251209,111530240,0,25303399,0,S,42800,200,
000055.SZ,000055,20251209,111533150,0,25309770,0,S,42800,100,
000055.SZ,000055,20251209,111533900,0,25311278,0,B,42700,100,
000055.SZ,000055,20251209,111535280,0,25314431,0,S,42500,100,
000055.SZ,000055,20251209,111540250,0,25324990,0,S,42800,200,
000055.SZ,000055,20251209,111546090,0,25338409,0,B,42700,1300,
000055.SZ,000055,20251209,111547780,0,25342016,0,S,42800,200,
000055.SZ,000055,20251209,111549100,0,25344936,0,B,42700,300,
000055.SZ,000055,20251209,111555280,0,25359720,0,S,42800,200,
000055.SZ,000055,20251209,111555370,0,25359995,0,B,42700,100,
000055.SZ,000055,20251209,111555770,0,25360831,0,S,42800,300,
000055.SZ,000055,20251209,111557960,0,25365378,0,B,42400,2000,
000055.SZ,000055,20251209,111600370,0,25369455,0,S,42800,200,
000055.SZ,000055,20251209,111603000,0,25378022,0,S,42800,100,
000055.SZ,000055,20251209,111605890,0,25385974,0,S,42800,14000,
000055.SZ,000055,20251209,111616910,0,25412033,0,S,42700,1400,
000055.SZ,000055,20251209,111617910,0,25413674,0,S,42700,10100,
000055.SZ,000055,20251209,111617910,0,25413696,0,B,42700,100,
000055.SZ,000055,20251209,111617920,0,25413698,0,B,42700,100,
000055.SZ,000055,20251209,111617920,0,25413701,0,B,42700,200,
000055.SZ,000055,20251209,111617930,0,25413715,0,B,42700,200,
000055.SZ,000055,20251209,111617930,0,25413719,0,B,42700,200,
000055.SZ,000055,20251209,111617930,0,25413727,0,B,42700,900,
000055.SZ,000055,20251209,111618910,0,25415626,0,S,42700,5800,
000055.SZ,000055,20251209,111618910,0,25415628,0,S,42700,5000,
000055.SZ,000055,20251209,111618920,0,25415649,0,B,42700,100,
000055.SZ,000055,20251209,111618920,0,25415654,0,B,42700,100,
000055.SZ,000055,20251209,111618920,0,25415660,0,B,42700,100,
000055.SZ,000055,20251209,111618930,0,25415775,0,B,42700,100,
000055.SZ,000055,20251209,111618940,0,25415814,0,B,42700,100,
000055.SZ,000055,20251209,111619910,0,25417872,0,S,42700,700,
000055.SZ,000055,20251209,111620810,0,25419429,0,S,42600,5300,
000055.SZ,000055,20251209,111620840,0,25419462,0,S,42800,600,
000055.SZ,000055,20251209,111620890,0,25419519,0,S,42800,700,
000055.SZ,000055,20251209,111620910,0,25419541,0,S,42700,13200,
000055.SZ,000055,20251209,111620930,0,25419590,0,S,42700,100,
000055.SZ,000055,20251209,111621000,0,25419679,0,S,42700,100,
000055.SZ,000055,20251209,111621010,0,25419697,0,S,42700,100,
000055.SZ,000055,20251209,111621910,0,25421613,0,S,42700,7200,
000055.SZ,000055,20251209,111621920,0,25421625,0,S,42700,1200,
000055.SZ,000055,20251209,111622070,0,25421868,0,B,42700,100,
000055.SZ,000055,20251209,111622780,0,25423392,0,B,42700,4300,
000055.SZ,000055,20251209,111624340,0,25426060,0,S,42700,600,
000055.SZ,000055,20251209,111626780,0,25430891,0,B,42700,1700,
000055.SZ,000055,20251209,111627590,0,25432528,0,B,42700,1700,
000055.SZ,000055,20251209,111627890,0,25433013,0,B,42700,300,
000055.SZ,000055,20251209,111630230,0,25437211,0,B,42800,500,
000055.SZ,000055,20251209,111630590,0,25438022,0,B,42700,1600,
000055.SZ,000055,20251209,111639350,0,25454926,0,B,42700,200,
000055.SZ,000055,20251209,111648890,0,25474364,0,B,42700,100,
000055.SZ,000055,20251209,111653510,0,25482325,0,S,42600,3200,
000055.SZ,000055,20251209,111654150,0,25483088,0,S,42800,1000,
000055.SZ,000055,20251209,111709420,0,25512600,0,S,42700,300,
000055.SZ,000055,20251209,111709780,0,25513292,0,S,43000,12000,
000055.SZ,000055,20251209,111710810,0,25515175,0,S,42700,3500,
000055.SZ,000055,20251209,111711060,0,25515542,0,B,42700,100000,
000055.SZ,000055,20251209,111715590,0,25525024,0,S,42800,11100,
000055.SZ,000055,20251209,111720400,0,25534332,0,S,42800,3700,
000055.SZ,000055,20251209,111722800,0,25539827,0,S,42800,13500,
000055.SZ,000055,20251209,111723510,0,25541609,0,S,42700,100000,
000055.SZ,000055,20251209,111724150,0,25542917,0,B,42700,300,
000055.SZ,000055,20251209,111724270,0,25543319,0,S,42700,100,
000055.SZ,000055,20251209,111724350,0,25543536,0,S,42800,600,
000055.SZ,000055,20251209,111724380,0,25543577,0,B,42600,600,
000055.SZ,000055,20251209,111725020,0,25544701,0,B,42700,300,
000055.SZ,000055,20251209,111725070,0,25544790,0,B,42700,100,
000055.SZ,000055,20251209,111727290,0,25549280,0,S,42700,200,
000055.SZ,000055,20251209,111730280,0,25555736,0,S,42700,100,
000055.SZ,000055,20251209,111731730,0,25559053,0,B,42700,12500,
000055.SZ,000055,20251209,111733180,0,25562132,0,S,42800,800,
000055.SZ,000055,20251209,111741840,0,25581831,0,S,42700,100000,
000055.SZ,000055,20251209,111741850,0,25581848,0,B,42700,700,
000055.SZ,000055,20251209,111741850,0,25581857,0,B,42600,200,
000055.SZ,000055,20251209,111741850,0,25581858,0,B,42600,200,
000055.SZ,000055,20251209,111741850,0,25581860,0,B,42700,3700,
000055.SZ,000055,20251209,111741850,0,25581863,0,B,42600,300,
000055.SZ,000055,20251209,111741850,0,25581867,0,S,42700,1200,
000055.SZ,000055,20251209,111741910,0,25581986,0,B,42700,100,
000055.SZ,000055,20251209,111741910,0,25581991,0,B,42600,200,
000055.SZ,000055,20251209,111741910,0,25581997,0,B,42700,13000,
000055.SZ,000055,20251209,111742030,0,25582144,0,B,42700,1200,
000055.SZ,000055,20251209,111742030,0,25582150,0,B,42700,4600,
000055.SZ,000055,20251209,111742040,0,25582156,0,B,42700,300,
000055.SZ,000055,20251209,111742400,0,25582809,0,S,42700,200,
000055.SZ,000055,20251209,111742590,0,25583206,0,B,42600,800,
000055.SZ,000055,20251209,111742780,0,25583525,0,B,42600,800,
000055.SZ,000055,20251209,111742780,0,25583527,0,B,42600,800,
000055.SZ,000055,20251209,111742780,0,25583528,0,B,42600,1000,
000055.SZ,000055,20251209,111742780,0,25583532,0,B,42600,800,
000055.SZ,000055,20251209,111742830,0,25583614,0,S,42700,2300,
000055.SZ,000055,20251209,111742990,0,25583957,0,B,42700,700,
000055.SZ,000055,20251209,111743030,0,25584022,0,B,42600,800,
000055.SZ,000055,20251209,111743030,0,25584024,0,B,42600,1400,
000055.SZ,000055,20251209,111743030,0,25584027,0,B,42600,900,
000055.SZ,000055,20251209,111743140,0,25584289,0,S,42700,1300,
000055.SZ,000055,20251209,111743300,0,25584581,0,B,42700,2100,
000055.SZ,000055,20251209,111743600,0,25585220,0,B,42600,800,
000055.SZ,000055,20251209,111743610,0,25585238,0,B,42700,100,
000055.SZ,000055,20251209,111743710,0,25585455,0,S,42700,4000,
000055.SZ,000055,20251209,111743710,0,25585456,0,S,42700,11300,
000055.SZ,000055,20251209,111743920,0,25585782,0,S,42700,1000,
000055.SZ,000055,20251209,111744100,0,25586184,0,S,42700,4900,
000055.SZ,000055,20251209,111744180,0,25586341,0,B,42700,900,
000055.SZ,000055,20251209,111745770,0,25589079,0,B,42600,1400,
000055.SZ,000055,20251209,111745780,0,25589108,0,B,42600,800,
000055.SZ,000055,20251209,111745920,0,25589289,0,B,42700,2900,
000055.SZ,000055,20251209,111746030,0,25589531,0,B,42600,900,
000055.SZ,000055,20251209,111746030,0,25589533,0,B,42600,800,
000055.SZ,000055,20251209,111746600,0,25590742,0,B,42700,800,
000055.SZ,000055,20251209,111746620,0,25590771,0,B,42700,100,
000055.SZ,000055,20251209,111747030,0,25591515,0,B,42600,900,
000055.SZ,000055,20251209,111748120,0,25593627,0,B,42700,3900,
000055.SZ,000055,20251209,111748250,0,25593946,0,S,42700,100,
000055.SZ,000055,20251209,111753410,0,25605322,0,B,42600,500,
000055.SZ,000055,20251209,111754290,0,25607333,0,S,42700,100,
000055.SZ,000055,20251209,111802210,0,25622977,0,S,43000,700,
000055.SZ,000055,20251209,111803250,0,25624825,0,S,42700,100,
000055.SZ,000055,20251209,111803950,0,25626232,0,B,42700,1200,
000055.SZ,000055,20251209,111810960,0,25637667,0,S,42700,100,
000055.SZ,000055,20251209,111813200,0,25641431,0,B,42700,4300,
000055.SZ,000055,20251209,111818460,0,25649737,0,S,42700,100,
000055.SZ,000055,20251209,111824300,0,25658462,0,B,42600,10000,
000055.SZ,000055,20251209,111825980,0,25661686,0,S,42700,100,
000055.SZ,000055,20251209,111829680,0,25667256,0,B,42700,500,
000055.SZ,000055,20251209,111833470,0,25673651,0,S,42700,100,
000055.SZ,000055,20251209,111835940,0,25678402,0,S,42700,14000,
000055.SZ,000055,20251209,111841160,0,25687594,0,S,42700,100,
000055.SZ,000055,20251209,111849680,0,25700574,0,B,42600,500,
000055.SZ,000055,20251209,111909630,0,25736066,0,S,42700,2600,
000055.SZ,000055,20251209,111909720,0,25736194,0,S,42700,100,
000055.SZ,000055,20251209,111914200,0,25744443,0,B,42700,6500,
000055.SZ,000055,20251209,111915960,0,25747042,0,S,42700,11100,
000055.SZ,000055,20251209,111917450,0,25750038,0,S,42700,3800,
000055.SZ,000055,20251209,111918780,0,25752219,0,B,42600,800,
000055.SZ,000055,20251209,111919780,0,25753979,0,B,42600,800,
000055.SZ,000055,20251209,111919780,0,25753980,0,B,42600,800,
000055.SZ,000055,20251209,111920750,0,25755676,0,S,42700,3700,
000055.SZ,000055,20251209,111922040,0,25758235,0,B,42600,800,
000055.SZ,000055,20251209,111922840,0,25759510,0,S,42700,13500,
000055.SZ,000055,20251209,111924460,0,25761681,0,B,42700,5000,
000055.SZ,000055,20251209,111924780,0,25762354,0,B,42600,800,
000055.SZ,000055,20251209,111925040,0,25762760,0,B,42600,1200,
000055.SZ,000055,20251209,111925520,0,25763783,0,S,42500,100,
000055.SZ,000055,20251209,111926040,0,25764597,0,B,42600,900,
000055.SZ,000055,20251209,111927620,0,25767133,0,B,42700,200,
000055.SZ,000055,20251209,111935120,0,25780429,0,B,42700,5500,
000055.SZ,000055,20251209,111935180,0,25780490,0,B,42700,100,
000055.SZ,000055,20251209,111939660,0,25789405,0,S,42700,100,
000055.SZ,000055,20251209,111948230,0,25802344,0,B,42500,5000,
000055.SZ,000055,20251209,111953780,0,25811197,0,B,42700,6000,
000055.SZ,000055,20251209,111953790,0,25811205,0,B,42700,31300,
000055.SZ,000055,20251209,111953790,0,25811219,0,B,42700,2600,
000055.SZ,000055,20251209,111953790,0,25811223,0,B,42700,31300,
000055.SZ,000055,20251209,111954250,0,25811728,0,B,42700,100,
000055.SZ,000055,20251209,111954260,0,25811748,0,S,42800,300,
000055.SZ,000055,20251209,111954260,0,25811749,0,S,42800,600,
000055.SZ,000055,20251209,111954270,0,25811788,0,B,42700,100,
000055.SZ,000055,20251209,111954280,0,25811812,0,B,42700,100,
000055.SZ,000055,20251209,111954290,0,25811817,0,B,42700,300,
000055.SZ,000055,20251209,111955150,0,25813383,0,B,42700,1300,
000055.SZ,000055,20251209,111955150,0,25813403,0,S,42800,100,
000055.SZ,000055,20251209,111955150,0,25813404,0,S,42800,100,
000055.SZ,000055,20251209,111955330,0,25813684,0,B,42700,100,
000055.SZ,000055,20251209,111957250,0,25816179,0,S,42800,11100,
000055.SZ,000055,20251209,111957270,0,25816238,0,S,42800,600,
000055.SZ,000055,20251209,111957300,0,25816317,0,B,42700,700,
000055.SZ,000055,20251209,111957300,0,25816321,0,B,42700,500,
000055.SZ,000055,20251209,111957300,0,25816324,0,B,42700,600,
000055.SZ,000055,20251209,111957360,0,25816425,0,S,42800,700,
000055.SZ,000055,20251209,111957600,0,25817060,0,B,42700,4500,
000055.SZ,000055,20251209,111957950,0,25817548,0,B,42700,1200,
000055.SZ,000055,20251209,112000710,0,25823045,0,B,42700,4000,
000055.SZ,000055,20251209,112000770,0,25823159,0,B,42700,1300,
000055.SZ,000055,20251209,112003510,0,25828302,0,S,42800,1800,
000055.SZ,000055,20251209,112003600,0,25828533,0,B,42700,2100,
000055.SZ,000055,20251209,112003700,0,25828768,0,B,42700,8000,
000055.SZ,000055,20251209,112003760,0,25828841,0,B,42700,1300,
000055.SZ,000055,20251209,112003760,0,25828858,0,B,42700,1500,
000055.SZ,000055,20251209,112003890,0,25829067,0,B,42700,1500,
000055.SZ,000055,20251209,112006700,0,25833748,0,B,42700,5000,
000055.SZ,000055,20251209,112009190,0,25837557,0,B,42700,100,
000055.SZ,000055,20251209,112009190,0,25837558,0,B,42700,100,
000055.SZ,000055,20251209,112009190,0,25837559,0,B,42700,100,
000055.SZ,000055,20251209,112009190,0,25837563,0,B,42700,100,
000055.SZ,000055,20251209,112009190,0,25837564,0,B,42700,100,
000055.SZ,000055,20251209,112009210,0,25837604,0,B,42700,100,
000055.SZ,000055,20251209,112009700,0,25838413,0,B,42700,2000,
000055.SZ,000055,20251209,112009770,0,25838478,0,B,42700,1300,
000055.SZ,000055,20251209,112009950,0,25838692,0,B,42700,1300,
000055.SZ,000055,20251209,112010100,0,25838911,0,B,42700,1200,
000055.SZ,000055,20251209,112012700,0,25843194,0,B,42700,2000,
000055.SZ,000055,20251209,112015700,0,25848712,0,B,42700,2000,
000055.SZ,000055,20251209,112019110,0,25856267,0,B,42700,100,
000055.SZ,000055,20251209,112023870,0,25865251,0,B,42700,13000,
000055.SZ,000055,20251209,112028090,0,25875183,0,B,42700,100,
000055.SZ,000055,20251209,112041680,0,25902522,0,S,42800,100,
000055.SZ,000055,20251209,112042890,0,25904509,0,B,42700,10000,
000055.SZ,000055,20251209,112047820,0,25912356,0,S,42800,900,
000055.SZ,000055,20251209,112052720,0,25920238,0,S,42800,4000,
000055.SZ,000055,20251209,112056040,0,25927074,0,B,42700,5000,
000055.SZ,000055,20251209,112057290,0,25929664,0,S,42800,2100,
000055.SZ,000055,20251209,112109650,0,25956527,0,B,42600,1000,
000055.SZ,000055,20251209,112109670,0,25956555,0,S,42800,700,
000055.SZ,000055,20251209,112123330,0,25978831,0,B,42700,800,
000055.SZ,000055,20251209,112132470,0,25993560,0,B,42800,5400,
000055.SZ,000055,20251209,112132480,0,25993570,0,S,42800,100,
000055.SZ,000055,20251209,112137610,0,26003202,0,B,43100,500,
000055.SZ,000055,20251209,112141620,0,26009245,0,S,43500,100,
000055.SZ,000055,20251209,112153070,0,26026546,0,S,47300,200,
000055.SZ,000055,20251209,112202500,0,26042070,0,S,46700,200,
000055.SZ,000055,20251209,112202510,0,26042093,0,B,42700,100,
000055.SZ,000055,20251209,112202510,0,26042100,0,B,42700,100,
000055.SZ,000055,20251209,112202540,0,26042179,0,B,42700,100,
000055.SZ,000055,20251209,112207490,0,26050805,0,S,42800,1200,
000055.SZ,000055,20251209,112211940,0,26057740,0,S,46300,200,
000055.SZ,000055,20251209,112212490,0,26058553,0,S,42800,1500,
000055.SZ,000055,20251209,112235740,0,26092633,0,B,39600,300,
000055.SZ,000055,20251209,112244310,0,26105629,0,B,42800,20000,
000055.SZ,000055,20251209,112244340,0,26105699,0,B,42700,800,
000055.SZ,000055,20251209,112249620,0,26119060,0,B,40600,200,
000055.SZ,000055,20251209,112249620,0,26119068,0,S,42900,700,
000055.SZ,000055,20251209,112254910,0,26130966,0,S,42800,200,
000055.SZ,000055,20251209,112309830,0,26155561,0,B,42700,2300,
000055.SZ,000055,20251209,112314090,0,26161307,0,S,42800,1000,
000055.SZ,000055,20251209,112315360,0,26163096,0,S,42800,1300,
000055.SZ,000055,20251209,112315600,0,26163475,0,S,42800,1100,
000055.SZ,000055,20251209,112315690,0,26163577,0,S,42800,2000,
000055.SZ,000055,20251209,112320990,0,26170650,0,B,42800,10400,
000055.SZ,000055,20251209,112322280,0,26172703,0,S,42900,600,
000055.SZ,000055,20251209,112322280,0,26172704,0,B,42700,600,
000055.SZ,000055,20251209,112322290,0,26172714,0,S,42800,200,
000055.SZ,000055,20251209,112322290,0,26172715,0,S,42800,200,
000055.SZ,000055,20251209,112324160,0,26175644,0,S,42800,300,
000055.SZ,000055,20251209,112348150,0,26216506,0,S,42800,3000,
000055.SZ,000055,20251209,112348170,0,26216532,0,S,42800,100,
000055.SZ,000055,20251209,112348310,0,26216779,0,S,42800,1000,
000055.SZ,000055,20251209,112348700,0,26217441,0,S,42800,2000,
000055.SZ,000055,20251209,112349310,0,26218487,0,S,44000,5000,
000055.SZ,000055,20251209,112351250,0,26221383,0,S,42800,800,
000055.SZ,000055,20251209,112351290,0,26221462,0,S,42800,1000,
000055.SZ,000055,20251209,112359620,0,26232737,0,B,42800,15000,
000055.SZ,000055,20251209,112359630,0,26232748,0,S,42700,100,
000055.SZ,000055,20251209,112400690,0,26234684,0,S,42800,2000,
000055.SZ,000055,20251209,112401300,0,26235794,0,S,42800,1000,
000055.SZ,000055,20251209,112401360,0,26235874,0,S,42800,1300,
000055.SZ,000055,20251209,112403190,0,26238772,0,S,42800,4200,
000055.SZ,000055,20251209,112403290,0,26238955,0,S,42800,1000,
000055.SZ,000055,20251209,112403700,0,26239534,0,S,42800,3000,
000055.SZ,000055,20251209,112415710,0,26255573,0,S,42800,1000,
000055.SZ,000055,20251209,112418220,0,26258841,0,S,42600,1500,
000055.SZ,000055,20251209,112418270,0,26258904,0,S,42700,200,
000055.SZ,000055,20251209,112418690,0,26259597,0,S,42800,2100,
000055.SZ,000055,20251209,112427740,0,26271934,0,B,42500,1000,
000055.SZ,000055,20251209,112438390,0,26287751,0,S,42900,1000,
000055.SZ,000055,20251209,112449270,0,26303840,0,S,42800,15000,
000055.SZ,000055,20251209,112516270,0,26347848,0,S,43000,2000,
000055.SZ,000055,20251209,112542320,0,26392942,0,S,42700,1200,
000055.SZ,000055,20251209,112542340,0,26392987,0,S,42700,100,
000055.SZ,000055,20251209,112542510,0,26393291,0,S,42700,200,
000055.SZ,000055,20251209,112558160,0,26420793,0,B,42700,100,
000055.SZ,000055,20251209,112558160,0,26420794,0,B,42700,100,
000055.SZ,000055,20251209,112558160,0,26420795,0,B,42700,100,
000055.SZ,000055,20251209,112621390,0,26460517,0,B,42800,3200,
000055.SZ,000055,20251209,112621400,0,26460528,0,B,42700,300,
000055.SZ,000055,20251209,112635470,0,26483392,0,B,42700,800,
000055.SZ,000055,20251209,112635470,0,26483400,0,S,42800,100,
000055.SZ,000055,20251209,112638990,0,26488339,0,S,42900,2300,
000055.SZ,000055,20251209,112650490,0,26505743,0,S,43300,1100,
000055.SZ,000055,20251209,112650490,0,26505748,0,S,42800,2100,
000055.SZ,000055,20251209,112652740,0,26510828,0,S,42800,1100,
000055.SZ,000055,20251209,112654210,0,26513282,0,S,42700,100,
000055.SZ,000055,20251209,112701780,0,26526940,0,S,42800,1200,
000055.SZ,000055,20251209,112702640,0,26528297,0,S,42700,5900,
000055.SZ,000055,20251209,112736520,0,26587007,0,B,42700,100,
000055.SZ,000055,20251209,112736520,0,26587010,0,B,42700,100,
000055.SZ,000055,20251209,112736560,0,26587060,0,B,42700,100,
000055.SZ,000055,20251209,112736680,0,26587239,0,B,42800,100,
000055.SZ,000055,20251209,112741260,0,26594555,0,B,42800,2400,
000055.SZ,000055,20251209,112745630,0,26600798,0,B,42800,600,
000055.SZ,000055,20251209,112755830,0,26617324,0,B,42600,500,
000055.SZ,000055,20251209,112832580,0,26680343,0,S,42800,100,
000055.SZ,000055,20251209,112836850,0,26686695,0,B,42800,2000,
000055.SZ,000055,20251209,112836860,0,26686705,0,B,42700,500,
000055.SZ,000055,20251209,112838260,0,26689079,0,S,42500,100,
000055.SZ,000055,20251209,112845770,0,26700890,0,S,42500,100,
000055.SZ,000055,20251209,112847620,0,26703552,0,B,42700,1600,
000055.SZ,000055,20251209,112848970,0,26705501,0,S,42900,1400,
000055.SZ,000055,20251209,112910300,0,26746810,0,B,42600,2500,
000055.SZ,000055,20251209,112916620,0,26758918,0,B,42700,1000,
000055.SZ,000055,20251209,112918000,0,26761003,0,S,42700,300,
000055.SZ,000055,20251209,112918040,0,26761060,0,S,42600,2600,
000055.SZ,000055,20251209,112929690,0,26782812,0,S,42700,1200,
000055.SZ,000055,20251209,112929690,0,26782819,0,B,42800,2200,
000055.SZ,000055,20251209,112930200,0,26784350,0,S,42700,100,
000055.SZ,000055,20251209,112930210,0,26784385,0,S,42800,1100,
000055.SZ,000055,20251209,112930890,0,26786012,0,B,42800,1500,
000055.SZ,000055,20251209,112932470,0,26789720,0,S,42800,200,
000055.SZ,000055,20251209,112932470,0,26789726,0,S,42800,200,
000055.SZ,000055,20251209,112934840,0,26795037,0,S,42700,100,
000055.SZ,000055,20251209,112948220,0,26819017,0,S,42800,300,
000055.SZ,000055,20251209,112948230,0,26819041,0,S,42700,100,
000055.SZ,000055,20251209,112948240,0,26819074,0,B,42800,100,
000055.SZ,000055,20251209,112948250,0,26819079,0,B,42800,100,
000055.SZ,000055,20251209,112948280,0,26819122,0,B,42800,100,
000055.SZ,000055,20251209,112958610,0,26838435,0,B,42700,900,
000055.SZ,000055,20251209,112959380,0,26839828,0,B,43100,700,
000055.SZ,000055,20251209,130000130,0,26872268,0,S,42700,200,
000055.SZ,000055,20251209,130000160,0,26882004,0,B,42800,1200,
000055.SZ,000055,20251209,130000210,0,26898245,0,S,42900,300,
000055.SZ,000055,20251209,130000270,0,26911150,0,B,40000,1000,
000055.SZ,000055,20251209,130000300,0,26916661,0,B,42000,200,
000055.SZ,000055,20251209,130000340,0,26920958,0,S,43100,1000,
000055.SZ,000055,20251209,130000340,0,26920959,0,S,43200,1000,
000055.SZ,000055,20251209,130000340,0,26921860,0,S,42900,1000,
000055.SZ,000055,20251209,130000390,0,26927167,0,S,43000,1000,
000055.SZ,000055,20251209,130000430,0,26930164,0,B,42800,13700,
000055.SZ,000055,20251209,130000840,0,26958036,0,B,40000,2800,
000055.SZ,000055,20251209,130000870,0,26959472,0,S,43100,700,
000055.SZ,000055,20251209,130000920,0,26962325,0,B,43100,1500,
000055.SZ,000055,20251209,130000950,0,26964345,0,S,42800,300,
000055.SZ,000055,20251209,130001040,0,26968962,0,B,42800,100,
000055.SZ,000055,20251209,130001150,0,26974442,0,S,47500,2000,
000055.SZ,000055,20251209,130001400,0,26985231,0,B,42800,1200,
000055.SZ,000055,20251209,130001420,0,26985975,0,B,42300,5000,
000055.SZ,000055,20251209,130001440,0,26986770,0,S,43000,3500,
000055.SZ,000055,20251209,130001510,0,26989441,0,S,47500,2900,
000055.SZ,000055,20251209,130001650,0,26993558,0,S,42800,2000,
000055.SZ,000055,20251209,130001870,0,26999133,0,S,42800,100,
000055.SZ,000055,20251209,130002090,0,27005504,0,S,42800,15000,
000055.SZ,000055,20251209,130002720,0,27014241,0,B,42700,200,
000055.SZ,000055,20251209,130002790,0,27014862,0,B,42600,200,
000055.SZ,000055,20251209,130002850,0,27015639,0,B,42700,300,
000055.SZ,000055,20251209,130003010,0,27017925,0,S,42000,200,
000055.SZ,000055,20251209,130003050,0,27018331,0,B,42700,200,
000055.SZ,000055,20251209,130004400,0,27034897,0,B,42700,200,
000055.SZ,000055,20251209,130008420,0,27072104,0,S,42900,1100,
000055.SZ,000055,20251209,130008740,0,27076666,0,B,42700,100,
000055.SZ,000055,20251209,130009300,0,27087373,0,S,42800,700,
000055.SZ,000055,20251209,130012270,0,27110047,0,S,42800,2800,
000055.SZ,000055,20251209,130012270,0,27110061,0,S,42900,700,
000055.SZ,000055,20251209,130015240,0,27124407,0,S,42800,1300,
000055.SZ,000055,20251209,130015310,0,27124720,0,S,42800,200,
000055.SZ,000055,20251209,130017530,0,27133583,0,S,42800,3900,
000055.SZ,000055,20251209,130018320,0,27135747,0,S,42800,200,
000055.SZ,000055,20251209,130019510,0,27140127,0,B,42800,200,
000055.SZ,000055,20251209,130021200,0,27146260,0,S,42800,300,
000055.SZ,000055,20251209,130024160,0,27155613,0,S,42800,300,
000055.SZ,000055,20251209,130024280,0,27156014,0,S,42800,200,
000055.SZ,000055,20251209,130027220,0,27163144,0,S,42800,500,
000055.SZ,000055,20251209,130027220,0,27163151,0,S,42800,700,
000055.SZ,000055,20251209,130027220,0,27163152,0,S,42800,600,
000055.SZ,000055,20251209,130027220,0,27163153,0,S,42800,500,
000055.SZ,000055,20251209,130027230,0,27163158,0,S,42800,500,
000055.SZ,000055,20251209,130027230,0,27163165,0,S,42800,900,
000055.SZ,000055,20251209,130027230,0,27163166,0,S,42800,500,
000055.SZ,000055,20251209,130027230,0,27163167,0,S,42800,700,
000055.SZ,000055,20251209,130027480,0,27163870,0,S,42800,300,
000055.SZ,000055,20251209,130028380,0,27166298,0,S,42700,100,
000055.SZ,000055,20251209,130028380,0,27166303,0,S,42700,200,
000055.SZ,000055,20251209,130028380,0,27166305,0,S,42700,400,
000055.SZ,000055,20251209,130028380,0,27166310,0,S,42700,100,
000055.SZ,000055,20251209,130028380,0,27166312,0,S,42700,100,
000055.SZ,000055,20251209,130028380,0,27166314,0,S,42700,100,
000055.SZ,000055,20251209,130028380,0,27166316,0,S,42700,300,
000055.SZ,000055,20251209,130028380,0,27166318,0,S,42700,100,
000055.SZ,000055,20251209,130028380,0,27166321,0,S,42700,200,
000055.SZ,000055,20251209,130028380,0,27166326,0,S,42700,100,
000055.SZ,000055,20251209,130028380,0,27166328,0,S,42700,100,
000055.SZ,000055,20251209,130028390,0,27166330,0,S,42700,100,
000055.SZ,000055,20251209,130028390,0,27166335,0,S,42700,900,
000055.SZ,000055,20251209,130028390,0,27166338,0,S,42700,100,
000055.SZ,000055,20251209,130028390,0,27166343,0,S,42700,100,
000055.SZ,000055,20251209,130028390,0,27166345,0,S,42700,100,
000055.SZ,000055,20251209,130028390,0,27166347,0,S,42800,600,
000055.SZ,000055,20251209,130028390,0,27166349,0,S,42800,500,
000055.SZ,000055,20251209,130028390,0,27166350,0,S,42700,100,
000055.SZ,000055,20251209,130028390,0,27166352,0,S,42700,100,
000055.SZ,000055,20251209,130028390,0,27166354,0,S,42700,400,
000055.SZ,000055,20251209,130028390,0,27166356,0,S,42700,100,
000055.SZ,000055,20251209,130028390,0,27166358,0,S,42700,100,
000055.SZ,000055,20251209,130028390,0,27166366,0,S,42700,200,
000055.SZ,000055,20251209,130028390,0,27166369,0,S,42700,100,
000055.SZ,000055,20251209,130028390,0,27166371,0,S,42700,300,
000055.SZ,000055,20251209,130028390,0,27166376,0,S,42700,100,
000055.SZ,000055,20251209,130028390,0,27166378,0,S,42700,100,
000055.SZ,000055,20251209,130028390,0,27166383,0,S,42700,200,
000055.SZ,000055,20251209,130028390,0,27166385,0,S,42700,100,
000055.SZ,000055,20251209,130028400,0,27166390,0,S,42800,300,
000055.SZ,000055,20251209,130028460,0,27166488,0,S,42800,500,
000055.SZ,000055,20251209,130028480,0,27166582,0,S,42700,100,
000055.SZ,000055,20251209,130028550,0,27166969,0,B,42700,200,
000055.SZ,000055,20251209,130029360,0,27168723,0,S,42700,100,
000055.SZ,000055,20251209,130030290,0,27171153,0,S,42800,500,
000055.SZ,000055,20251209,130030300,0,27171181,0,S,42700,100,
000055.SZ,000055,20251209,130031340,0,27174628,0,S,42700,100,
000055.SZ,000055,20251209,130031340,0,27174655,0,S,42800,500,
000055.SZ,000055,20251209,130031340,0,27174656,0,S,42800,500,
000055.SZ,000055,20251209,130031340,0,27174660,0,S,42800,500,
000055.SZ,000055,20251209,130031350,0,27174701,0,S,42800,500,
000055.SZ,000055,20251209,130031490,0,27175541,0,S,42800,100,
000055.SZ,000055,20251209,130031580,0,27175985,0,S,42700,500,
000055.SZ,000055,20251209,130031580,0,27175989,0,S,42700,800,
000055.SZ,000055,20251209,130031630,0,27176128,0,S,42700,600,
000055.SZ,000055,20251209,130031640,0,27176144,0,S,42700,2000,
000055.SZ,000055,20251209,130033250,0,27181087,0,S,42800,600,
000055.SZ,000055,20251209,130033250,0,27181136,0,S,42800,500,
000055.SZ,000055,20251209,130033250,0,27181143,0,S,42700,200,
000055.SZ,000055,20251209,130033260,0,27181214,0,S,42800,500,
000055.SZ,000055,20251209,130036160,0,27188804,0,S,42800,1000,
000055.SZ,000055,20251209,130036170,0,27188826,0,S,42800,500,
000055.SZ,000055,20251209,130036170,0,27188827,0,S,42800,600,
000055.SZ,000055,20251209,130039160,0,27195429,0,S,42800,300,
000055.SZ,000055,20251209,130039170,0,27195476,0,S,42800,600,
000055.SZ,000055,20251209,130039180,0,27195486,0,S,42800,300,
000055.SZ,000055,20251209,130042190,0,27202975,0,S,42800,100,
000055.SZ,000055,20251209,130045210,0,27208922,0,S,42800,500,
000055.SZ,000055,20251209,130046400,0,27212165,0,S,42700,100,
000055.SZ,000055,20251209,130100800,0,27246409,0,S,42700,1100,
000055.SZ,000055,20251209,130100810,0,27246453,0,B,42700,100,
000055.SZ,000055,20251209,130100810,0,27246455,0,B,42700,100,
000055.SZ,000055,20251209,130100810,0,27246456,0,B,42700,100,
000055.SZ,000055,20251209,130100840,0,27246560,0,B,42700,100,
000055.SZ,000055,20251209,130103260,0,27253622,0,S,42700,400,
000055.SZ,000055,20251209,130103290,0,27253693,0,S,42700,300,
000055.SZ,000055,20251209,130109040,0,27267428,0,B,42700,100,
000055.SZ,000055,20251209,130112750,0,27276786,0,B,42700,600,
000055.SZ,000055,20251209,130136050,0,27332797,0,B,42700,100,
000055.SZ,000055,20251209,130145540,0,27354145,0,B,42700,500,
000055.SZ,000055,20251209,130145540,0,27354174,0,S,42800,100,
000055.SZ,000055,20251209,130149650,0,27362195,0,B,42700,500,
000055.SZ,000055,20251209,130152730,0,27369051,0,B,42700,400,
000055.SZ,000055,20251209,130201950,0,27389859,0,S,42700,800,
000055.SZ,000055,20251209,130235350,0,27475834,0,B,42700,20000,
000055.SZ,000055,20251209,130236170,0,27477559,0,B,42700,100,
000055.SZ,000055,20251209,130236170,0,27477563,0,B,42700,100,
000055.SZ,000055,20251209,130236880,0,27479189,0,B,42700,1700,
000055.SZ,000055,20251209,130236880,0,27479202,0,B,42700,100,
000055.SZ,000055,20251209,130236890,0,27479209,0,B,42700,100,
000055.SZ,000055,20251209,130236930,0,27479347,0,B,42700,100,
000055.SZ,000055,20251209,130259840,0,27521647,0,S,47500,1000,
000055.SZ,000055,20251209,130322800,0,27576730,0,B,42600,6000,
000055.SZ,000055,20251209,130326320,0,27582499,0,S,43400,4900,
000055.SZ,000055,20251209,130326720,0,27583421,0,B,42600,1300,
000055.SZ,000055,20251209,130327310,0,27584507,0,B,42700,1300,
000055.SZ,000055,20251209,130345530,0,27618892,0,B,42700,100000,
000055.SZ,000055,20251209,130345540,0,27618912,0,B,42700,600,
000055.SZ,000055,20251209,130354710,0,27637262,0,S,42800,300,
000055.SZ,000055,20251209,130354990,0,27637966,0,B,38900,100,
000055.SZ,000055,20251209,130354990,0,27637967,0,B,38900,100,
000055.SZ,000055,20251209,130354990,0,27637968,0,B,38900,100,
000055.SZ,000055,20251209,130354990,0,27637969,0,B,38900,100,
000055.SZ,000055,20251209,130354990,0,27637970,0,B,38900,100,
000055.SZ,000055,20251209,130354990,0,27637971,0,B,38900,100,
000055.SZ,000055,20251209,130354990,0,27637972,0,B,38900,100,
000055.SZ,000055,20251209,130354990,0,27637973,0,B,38900,100,
000055.SZ,000055,20251209,130417520,0,27693076,0,S,42800,100,
000055.SZ,000055,20251209,130423720,0,27704964,0,B,42700,1200,
000055.SZ,000055,20251209,130426060,0,27709240,0,B,42600,11500,
000055.SZ,000055,20251209,130435260,0,27726884,0,B,42300,10000,
000055.SZ,000055,20251209,130452620,0,27760146,0,S,42800,100,
000055.SZ,000055,20251209,130513730,0,27801159,0,B,42800,6500,
000055.SZ,000055,20251209,130515880,0,27805329,0,B,42700,2100,
000055.SZ,000055,20251209,130515900,0,27805356,0,S,42800,200,
000055.SZ,000055,20251209,130524820,0,27825657,0,S,42700,100,
000055.SZ,000055,20251209,130524830,0,27825703,0,S,42800,100,
000055.SZ,000055,20251209,130530030,0,27839721,0,S,42700,1100,
000055.SZ,000055,20251209,130537740,0,27857052,0,B,42800,3000,
000055.SZ,000055,20251209,130537750,0,27857063,0,S,42800,200,
000055.SZ,000055,20251209,130539700,0,27861071,0,S,42800,100,
000055.SZ,000055,20251209,130540080,0,27862290,0,B,42700,5000,
000055.SZ,000055,20251209,130542590,0,27868183,0,S,42800,200,
000055.SZ,000055,20251209,130542590,0,27868190,0,S,42800,100,
000055.SZ,000055,20251209,130545280,0,27873934,0,S,42800,200,
000055.SZ,000055,20251209,130545330,0,27874143,0,S,42800,200,
000055.SZ,000055,20251209,130547550,0,27878943,0,B,42800,24700,
000055.SZ,000055,20251209,130549580,0,27883311,0,B,42800,200,
000055.SZ,000055,20251209,130549610,0,27883383,0,B,42800,600,
000055.SZ,000055,20251209,130550040,0,27884794,0,S,42800,500,
000055.SZ,000055,20251209,130551530,0,27888091,0,S,42800,200,
000055.SZ,000055,20251209,130551620,0,27888309,0,S,42800,100,
000055.SZ,000055,20251209,130554920,0,27895408,0,S,42800,1300,
000055.SZ,000055,20251209,130554950,0,27895449,0,S,42800,1200,
000055.SZ,000055,20251209,130555070,0,27895698,0,S,42800,500,
000055.SZ,000055,20251209,130558410,0,27902887,0,S,42800,100,
000055.SZ,000055,20251209,130600920,0,27910629,0,S,42800,100,
000055.SZ,000055,20251209,130602910,0,27917666,0,S,42800,100,
000055.SZ,000055,20251209,130603640,0,27919412,0,S,42800,1000,
000055.SZ,000055,20251209,130603770,0,27919721,0,S,42800,100,
000055.SZ,000055,20251209,130604350,0,27921316,0,S,42800,1300,
000055.SZ,000055,20251209,130605230,0,27923563,0,S,42800,2000,
000055.SZ,000055,20251209,130605240,0,27923581,0,S,42800,15400,
000055.SZ,000055,20251209,130609550,0,27934929,0,B,42300,5000,
000055.SZ,000055,20251209,130612350,0,27943357,0,S,42800,3500,
000055.SZ,000055,20251209,130617650,0,27961154,0,S,42800,100,
000055.SZ,000055,20251209,130618270,0,27963048,0,S,42800,2300,
000055.SZ,000055,20251209,130618270,0,27963050,0,S,42800,900,
000055.SZ,000055,20251209,130623720,0,27982331,0,S,42800,500,
000055.SZ,000055,20251209,130624650,0,27985623,0,B,42600,1000,
000055.SZ,000055,20251209,130632160,0,28004009,0,B,42700,1300,
000055.SZ,000055,20251209,130641650,0,28025944,0,S,42800,100,
000055.SZ,000055,20251209,130645650,0,28033313,0,S,42800,100,
000055.SZ,000055,20251209,130646260,0,28034538,0,B,42800,46200,
000055.SZ,000055,20251209,130646270,0,28034603,0,S,42800,100,
000055.SZ,000055,20251209,130646270,0,28034605,0,S,42900,1500,
000055.SZ,000055,20251209,130646270,0,28034606,0,S,42900,1000,
000055.SZ,000055,20251209,130646270,0,28034614,0,B,42800,100,
000055.SZ,000055,20251209,130646270,0,28034615,0,B,42800,100,
000055.SZ,000055,20251209,130646270,0,28034616,0,B,42800,100,
000055.SZ,000055,20251209,130646270,0,28034617,0,B,42800,100,
000055.SZ,000055,20251209,130646270,0,28034618,0,S,42900,100,
000055.SZ,000055,20251209,130646270,0,28034619,0,S,42900,1800,
000055.SZ,000055,20251209,130646270,0,28034633,0,S,42900,200,
000055.SZ,000055,20251209,130646280,0,28034634,0,S,42800,100,
000055.SZ,000055,20251209,130646280,0,28034640,0,S,42800,100,
000055.SZ,000055,20251209,130646280,0,28034643,0,S,42800,100,
000055.SZ,000055,20251209,130646290,0,28034662,0,S,42900,700,
000055.SZ,000055,20251209,130646310,0,28034703,0,B,42800,100,
000055.SZ,000055,20251209,130646310,0,28034725,0,S,42900,16400,
000055.SZ,000055,20251209,130646350,0,28034811,0,S,42800,800,
000055.SZ,000055,20251209,130646350,0,28034827,0,S,42800,100,
000055.SZ,000055,20251209,130647570,0,28036841,0,S,42800,100,
000055.SZ,000055,20251209,130647650,0,28036953,0,S,42800,100800,
000055.SZ,000055,20251209,130647690,0,28037033,0,B,42700,600,
000055.SZ,000055,20251209,130649530,0,28040817,0,S,42800,5500,
000055.SZ,000055,20251209,130649930,0,28041460,0,S,42800,14600,
000055.SZ,000055,20251209,130703600,0,28069140,0,S,42800,200,
000055.SZ,000055,20251209,130709720,0,28083339,0,S,42800,8100,
000055.SZ,000055,20251209,130710350,0,28084871,0,S,42800,15500,
000055.SZ,000055,20251209,130710360,0,28084900,0,S,42800,2100,
000055.SZ,000055,20251209,130714350,0,28093819,0,S,42800,12900,
000055.SZ,000055,20251209,130714370,0,28093847,0,S,42800,200,
000055.SZ,000055,20251209,130714840,0,28094721,0,S,42800,7900,
000055.SZ,000055,20251209,130723750,0,28113955,0,S,42800,100,
000055.SZ,000055,20251209,130730530,0,28126590,0,B,42700,200,
000055.SZ,000055,20251209,130753160,0,28168923,0,B,42800,600,
000055.SZ,000055,20251209,130753170,0,28168939,0,B,42700,100,
000055.SZ,000055,20251209,130753170,0,28168940,0,B,42700,100,
000055.SZ,000055,20251209,130753220,0,28168990,0,B,42700,100,
000055.SZ,000055,20251209,130804300,0,28190758,0,S,42800,2400,
000055.SZ,000055,20251209,130804330,0,28190883,0,S,42800,100,
000055.SZ,000055,20251209,130804570,0,28191402,0,S,42800,100,
000055.SZ,000055,20251209,130804770,0,28191714,0,S,42800,700,
000055.SZ,000055,20251209,130804920,0,28192039,0,S,42800,300,
000055.SZ,000055,20251209,130804930,0,28192063,0,S,42800,7700,
000055.SZ,000055,20251209,130807270,0,28196323,0,S,42800,100,
000055.SZ,000055,20251209,130807720,0,28197139,0,S,42800,200,
000055.SZ,000055,20251209,130810760,0,28203793,0,S,42800,1600,
000055.SZ,000055,20251209,130820340,0,28222041,0,B,42800,4200,
000055.SZ,000055,20251209,130826940,0,28234458,0,B,42800,22800,
000055.SZ,000055,20251209,130829720,0,28241019,0,B,42700,800,
000055.SZ,000055,20251209,130834150,0,28250494,0,B,42800,6500,
000055.SZ,000055,20251209,130852530,0,28285488,0,S,42800,100,
000055.SZ,000055,20251209,130905700,0,28311869,0,B,42800,51200,
000055.SZ,000055,20251209,130905730,0,28311904,0,B,42800,600,
000055.SZ,000055,20251209,130907110,0,28314914,0,B,42700,800,
000055.SZ,000055,20251209,130907110,0,28314916,0,B,42700,1400,
000055.SZ,000055,20251209,130907120,0,28314975,0,B,42800,100,
000055.SZ,000055,20251209,130907120,0,28314985,0,B,42800,100,
000055.SZ,000055,20251209,130907400,0,28316002,0,S,42800,100,
000055.SZ,000055,20251209,130907570,0,28316452,0,B,42700,1500,
000055.SZ,000055,20251209,130908610,0,28318276,0,B,42800,3500,
000055.SZ,000055,20251209,130910670,0,28322182,0,B,42800,100,
000055.SZ,000055,20251209,130910690,0,28322219,0,B,42800,100,
000055.SZ,000055,20251209,130913490,0,28327924,0,S,42800,8000,
000055.SZ,000055,20251209,130919090,0,28338950,0,B,42700,1200,
000055.SZ,000055,20251209,130920190,0,28341036,0,B,42800,6500,
000055.SZ,000055,20251209,130926100,0,28351688,0,B,42800,400,
000055.SZ,000055,20251209,130933500,0,28364667,0,B,42800,6300,
000055.SZ,000055,20251209,130935660,0,28369072,0,B,42700,1000,
000055.SZ,000055,20251209,130936970,0,28371860,0,S,42800,9900,
000055.SZ,000055,20251209,130937620,0,28373525,0,B,42800,200,
000055.SZ,000055,20251209,130940640,0,28379888,0,B,42400,85300,
000055.SZ,000055,20251209,130947180,0,28391585,0,B,42800,300,
000055.SZ,000055,20251209,131001480,0,28424988,0,S,42900,2000,
000055.SZ,000055,20251209,131004370,0,28434196,0,S,42800,1300,
000055.SZ,000055,20251209,131019700,0,28483441,0,S,42800,100,
000055.SZ,000055,20251209,131043340,0,28533761,0,B,42800,38600,
000055.SZ,000055,20251209,131106900,0,28582632,0,S,42800,1300,
000055.SZ,000055,20251209,131107270,0,28583454,0,S,42800,1300,
000055.SZ,000055,20251209,131109870,0,28590299,0,S,42800,1300,
000055.SZ,000055,20251209,131111820,0,28594582,0,S,42800,1300,
000055.SZ,000055,20251209,131117470,0,28607155,0,S,42800,1300,
000055.SZ,000055,20251209,131121870,0,28615717,0,S,42800,1300,
000055.SZ,000055,20251209,131124150,0,28620049,0,S,42800,1300,
000055.SZ,000055,20251209,131132990,0,28637484,0,B,42800,3500,
000055.SZ,000055,20251209,131133870,0,28639912,0,S,42800,1300,
000055.SZ,000055,20251209,131151750,0,28677754,0,S,42800,100,
000055.SZ,000055,20251209,131152740,0,28680291,0,B,42700,100,
000055.SZ,000055,20251209,131157070,0,28688389,0,S,42800,1200,
000055.SZ,000055,20251209,131157470,0,28689130,0,S,42800,1200,
000055.SZ,000055,20251209,131158670,0,28692054,0,S,42800,1200,
000055.SZ,000055,20251209,131200870,0,28697616,0,S,42800,1200,
000055.SZ,000055,20251209,131200880,0,28697634,0,S,42800,2400,
000055.SZ,000055,20251209,131204090,0,28705087,0,S,42800,1200,
000055.SZ,000055,20251209,131204210,0,28705373,0,B,42800,6500,
000055.SZ,000055,20251209,131205070,0,28707125,0,S,42800,1200,
000055.SZ,000055,20251209,131216190,0,28729638,0,B,42800,200,
000055.SZ,000055,20251209,131232170,0,28760906,0,B,42800,700,
000055.SZ,000055,20251209,131232180,0,28760915,0,B,42700,200,
000055.SZ,000055,20251209,131234100,0,28764660,0,B,42800,29600,
000055.SZ,000055,20251209,131234150,0,28764782,0,S,42700,200,
000055.SZ,000055,20251209,131236170,0,28768850,0,B,43300,2700,
000055.SZ,000055,20251209,131236200,0,28768946,0,B,42800,300,
000055.SZ,000055,20251209,131241170,0,28780476,0,B,42800,13000,
000055.SZ,000055,20251209,131241180,0,28780494,0,S,42900,100,
000055.SZ,000055,20251209,131241180,0,28780499,0,B,42800,14800,
000055.SZ,000055,20251209,131241180,0,28780516,0,B,42800,200,
000055.SZ,000055,20251209,131241180,0,28780521,0,B,42800,4400,
000055.SZ,000055,20251209,131241220,0,28780633,0,B,42800,100,
000055.SZ,000055,20251209,131241250,0,28780722,0,B,42800,100,
000055.SZ,000055,20251209,131241270,0,28780757,0,B,42800,100,
000055.SZ,000055,20251209,131241270,0,28780768,0,S,42800,100,
000055.SZ,000055,20251209,131242150,0,28782326,0,S,42900,1500,
000055.SZ,000055,20251209,131242150,0,28782327,0,B,42800,600,
000055.SZ,000055,20251209,131242150,0,28782329,0,S,42900,3700,
000055.SZ,000055,20251209,131242170,0,28782349,0,S,42900,100,
000055.SZ,000055,20251209,131242180,0,28782375,0,B,43200,3200,
000055.SZ,000055,20251209,131242190,0,28782400,0,S,42800,300,
000055.SZ,000055,20251209,131242260,0,28782578,0,S,42800,100,
000055.SZ,000055,20251209,131242270,0,28782585,0,S,42800,100,
000055.SZ,000055,20251209,131242270,0,28782592,0,S,42800,100,
000055.SZ,000055,20251209,131242530,0,28783101,0,S,42800,100,
000055.SZ,000055,20251209,131242920,0,28783788,0,B,42800,200,
000055.SZ,000055,20251209,131243040,0,28784048,0,B,42800,300,
000055.SZ,000055,20251209,131243050,0,28784052,0,S,42900,200,
000055.SZ,000055,20251209,131243250,0,28784500,0,S,42800,100,
000055.SZ,000055,20251209,131243260,0,28784510,0,S,42800,100,
000055.SZ,000055,20251209,131243260,0,28784515,0,S,42800,100,
000055.SZ,000055,20251209,131243270,0,28784520,0,S,42800,100,
000055.SZ,000055,20251209,131243310,0,28784604,0,B,42800,100,
000055.SZ,000055,20251209,131243860,0,28786048,0,B,42800,800,
000055.SZ,000055,20251209,131244300,0,28786934,0,S,42800,300,
000055.SZ,000055,20251209,131244300,0,28786940,0,S,42800,100,
000055.SZ,000055,20251209,131244310,0,28786956,0,S,42800,300,
000055.SZ,000055,20251209,131244310,0,28786969,0,S,42800,300,
000055.SZ,000055,20251209,131245170,0,28788581,0,S,42800,1200,
000055.SZ,000055,20251209,131245170,0,28788586,0,S,42800,100,
000055.SZ,000055,20251209,131245170,0,28788593,0,B,42800,900,
000055.SZ,000055,20251209,131245180,0,28788626,0,B,42800,7000,
000055.SZ,000055,20251209,131245180,0,28788637,0,S,42800,400,
000055.SZ,000055,20251209,131245190,0,28788692,0,B,42800,13400,
000055.SZ,000055,20251209,131245280,0,28788893,0,S,42800,100,
000055.SZ,000055,20251209,131245570,0,28789382,0,B,42800,1200,
000055.SZ,000055,20251209,131246010,0,28790278,0,B,42800,400,
000055.SZ,000055,20251209,131246240,0,28791287,0,B,42800,1000,
000055.SZ,000055,20251209,131248210,0,28795373,0,B,42800,100,
000055.SZ,000055,20251209,131248220,0,28795376,0,B,42800,100,
000055.SZ,000055,20251209,131254620,0,28808041,0,B,42800,9100,
000055.SZ,000055,20251209,131254630,0,28808050,0,B,42800,100,
000055.SZ,000055,20251209,131254630,0,28808054,0,B,42800,100,
000055.SZ,000055,20251209,131254710,0,28808166,0,B,42800,32100,
000055.SZ,000055,20251209,131254720,0,28808173,0,B,42900,500,
000055.SZ,000055,20251209,131254800,0,28808361,0,B,42800,100,
000055.SZ,000055,20251209,131254900,0,28808522,0,B,42800,200,
000055.SZ,000055,20251209,131254940,0,28808599,0,B,42800,100,
000055.SZ,000055,20251209,131255920,0,28810408,0,B,42800,800,
000055.SZ,000055,20251209,131257620,0,28813887,0,B,42900,2000,
000055.SZ,000055,20251209,131258330,0,28815241,0,B,42800,600,
000055.SZ,000055,20251209,131258450,0,28815452,0,S,43000,600,
000055.SZ,000055,20251209,131301940,0,28822435,0,B,42800,700,
000055.SZ,000055,20251209,131318550,0,28855657,0,S,42900,21000,
000055.SZ,000055,20251209,131321960,0,28863367,0,B,42800,900,
000055.SZ,000055,20251209,131324200,0,28869461,0,S,42900,200,
000055.SZ,000055,20251209,131329860,0,28881995,0,B,42800,1900,
000055.SZ,000055,20251209,131333950,0,28891056,0,S,42900,23600,
000055.SZ,000055,20251209,131333980,0,28891126,0,B,42800,100,
000055.SZ,000055,20251209,131337850,0,28899520,0,S,42800,100,
000055.SZ,000055,20251209,131338380,0,28900449,0,S,42800,100,
000055.SZ,000055,20251209,131338390,0,28900455,0,S,42800,16700,
000055.SZ,000055,20251209,131338510,0,28900685,0,S,42800,100,
000055.SZ,000055,20251209,131338530,0,28900706,0,S,42800,100,
000055.SZ,000055,20251209,131338530,0,28900735,0,S,42800,500,
000055.SZ,000055,20251209,131339170,0,28902023,0,S,42800,700,
000055.SZ,000055,20251209,131339220,0,28902077,0,B,43300,2500,
000055.SZ,000055,20251209,131339230,0,28902100,0,S,42800,500,
000055.SZ,000055,20251209,131339230,0,28902107,0,S,42800,200,
000055.SZ,000055,20251209,131339250,0,28902156,0,S,42800,1900,
000055.SZ,000055,20251209,131340510,0,28904589,0,S,42800,100,
000055.SZ,000055,20251209,131340510,0,28904591,0,S,42800,800,
000055.SZ,000055,20251209,131340700,0,28904947,0,S,42800,100,
000055.SZ,000055,20251209,131343830,0,28911090,0,S,42800,100,
000055.SZ,000055,20251209,131343830,0,28911092,0,S,42800,100,
000055.SZ,000055,20251209,131343950,0,28911244,0,S,42800,100,
000055.SZ,000055,20251209,131345210,0,28913477,0,S,42800,100,
000055.SZ,000055,20251209,131349030,0,28919910,0,S,42800,21000,
000055.SZ,000055,20251209,131350250,0,28922275,0,S,42800,500,
000055.SZ,000055,20251209,131351100,0,28923650,0,S,42800,100,
000055.SZ,000055,20251209,131351160,0,28923794,0,B,43300,2600,
000055.SZ,000055,20251209,131351250,0,28924010,0,S,42800,400,
000055.SZ,000055,20251209,131353120,0,28927624,0,B,42800,3800,
000055.SZ,000055,20251209,131355110,0,28931168,0,B,42800,1400,
000055.SZ,000055,20251209,131357620,0,28935255,0,B,42800,2000,
000055.SZ,000055,20251209,131400920,0,28941747,0,B,42800,1700,
000055.SZ,000055,20251209,131402350,0,28945805,0,B,42900,13000,
000055.SZ,000055,20251209,131402360,0,28945827,0,S,42900,200,
000055.SZ,000055,20251209,131402360,0,28945828,0,B,42800,1500,
000055.SZ,000055,20251209,131402480,0,28946158,0,B,42800,100000,
000055.SZ,000055,20251209,131403180,0,28947888,0,B,43300,1400,
000055.SZ,000055,20251209,131403190,0,28947903,0,B,42800,200,
000055.SZ,000055,20251209,131403590,0,28949913,0,B,42800,1300,
000055.SZ,000055,20251209,131403590,0,28949915,0,B,42800,700,
000055.SZ,000055,20251209,131403590,0,28949918,0,B,42800,1100,
000055.SZ,000055,20251209,131403920,0,28950699,0,B,42800,2100,
000055.SZ,000055,20251209,131405460,0,28954471,0,S,43000,1100,
000055.SZ,000055,20251209,131450000,0,29044187,0,S,42900,3200,
000055.SZ,000055,20251209,131450010,0,29044222,0,S,42900,1200,
000055.SZ,000055,20251209,131459950,0,29064718,0,S,42800,500,
000055.SZ,000055,20251209,131500640,0,29067890,0,S,42800,700,
000055.SZ,000055,20251209,131510160,0,29093410,0,S,42900,1600,
000055.SZ,000055,20251209,131510160,0,29093415,0,S,42900,2100,
000055.SZ,000055,20251209,131525580,0,29128559,0,B,42800,2000,
000055.SZ,000055,20251209,131536930,0,29157785,0,B,42800,1600,
000055.SZ,000055,20251209,131538600,0,29162957,0,B,42800,1500,
000055.SZ,000055,20251209,131550930,0,29192568,0,B,42900,1600,
000055.SZ,000055,20251209,131557120,0,29208562,0,S,42800,1000,
000055.SZ,000055,20251209,131557700,0,29210367,0,B,42700,600,
000055.SZ,000055,20251209,131557700,0,29210368,0,S,42900,600,
000055.SZ,000055,20251209,131603160,0,29226152,0,S,42900,48300,
000055.SZ,000055,20251209,131617600,0,29261336,0,B,42800,3000,
000055.SZ,000055,20251209,131627920,0,29288257,0,B,42900,3800,
000055.SZ,000055,20251209,131631170,0,29295485,0,B,42700,10000,
000055.SZ,000055,20251209,131637420,0,29307316,0,B,42800,1600,
000055.SZ,000055,20251209,131638450,0,29309407,0,B,42800,1100,
000055.SZ,000055,20251209,131638750,0,29309843,0,B,42800,2200,
000055.SZ,000055,20251209,131638770,0,29309879,0,B,42800,100,
000055.SZ,000055,20251209,131646180,0,29326253,0,S,42800,900,
000055.SZ,000055,20251209,131648140,0,29329679,0,B,42800,200,
000055.SZ,000055,20251209,131648150,0,29329687,0,B,42800,500,
000055.SZ,000055,20251209,131652130,0,29337249,0,B,42800,3800,
000055.SZ,000055,20251209,131701880,0,29356698,0,B,42800,900,
000055.SZ,000055,20251209,131701920,0,29356776,0,B,42800,1700,
000055.SZ,000055,20251209,131718870,0,29388014,0,S,42900,1200,
000055.SZ,000055,20251209,131729870,0,29408168,0,S,42900,1200,
000055.SZ,000055,20251209,131730550,0,29409572,0,S,42800,300,
000055.SZ,000055,20251209,131737270,0,29422122,0,S,42800,300,
000055.SZ,000055,20251209,131739170,0,29424984,0,B,43300,1000,
000055.SZ,000055,20251209,131750070,0,29444208,0,S,42900,1200,
000055.SZ,000055,20251209,131755890,0,29454978,0,B,42700,4600,
000055.SZ,000055,20251209,131807680,0,29480356,0,S,42800,3500,
000055.SZ,000055,20251209,131807720,0,29480418,0,S,42800,100,
000055.SZ,000055,20251209,131807720,0,29480420,0,S,42800,100,
000055.SZ,000055,20251209,131821270,0,29504195,0,S,42800,1200,
000055.SZ,000055,20251209,131831760,0,29522055,0,S,43100,2000,
000055.SZ,000055,20251209,131833060,0,29524038,0,B,42900,1000,
000055.SZ,000055,20251209,131842290,0,29540642,0,S,42800,5000,
000055.SZ,000055,20251209,131857900,0,29565009,0,B,42800,1300,
000055.SZ,000055,20251209,131859670,0,29568732,0,S,42900,1200,
000055.SZ,000055,20251209,131912420,0,29595480,0,S,42800,1000,
000055.SZ,000055,20251209,131913700,0,29597993,0,S,42800,4500,
000055.SZ,000055,20251209,131913710,0,29598003,0,S,42800,100,
000055.SZ,000055,20251209,131913730,0,29598037,0,B,42900,100,
000055.SZ,000055,20251209,131918270,0,29605557,0,S,43100,1200,
000055.SZ,000055,20251209,131945670,0,29656663,0,S,43100,1200,
000055.SZ,000055,20251209,131948170,0,29661041,0,S,42900,100,
000055.SZ,000055,20251209,131953270,0,29670881,0,S,42800,200,
000055.SZ,000055,20251209,131953360,0,29671161,0,S,42800,100600,
000055.SZ,000055,20251209,131953370,0,29671182,0,S,42800,2800,
000055.SZ,000055,20251209,131953370,0,29671189,0,S,42900,2700,
000055.SZ,000055,20251209,131953370,0,29671196,0,B,42700,2700,
000055.SZ,000055,20251209,131953390,0,29671281,0,S,42800,400,
000055.SZ,000055,20251209,131953400,0,29671310,0,S,42800,100,
000055.SZ,000055,20251209,131953410,0,29671318,0,S,42800,300,
000055.SZ,000055,20251209,131953410,0,29671319,0,B,42700,100,
000055.SZ,000055,20251209,131953420,0,29671366,0,B,42700,400,
000055.SZ,000055,20251209,131953430,0,29671381,0,S,42800,600,
000055.SZ,000055,20251209,131953450,0,29671401,0,B,42800,200,
000055.SZ,000055,20251209,131953870,0,29672066,0,S,42800,1200,
000055.SZ,000055,20251209,131953880,0,29672077,0,S,42800,100,
000055.SZ,000055,20251209,131954150,0,29672481,0,S,42800,100,
000055.SZ,000055,20251209,131954150,0,29672482,0,S,42800,400,
000055.SZ,000055,20251209,131954170,0,29672524,0,B,42700,100,
000055.SZ,000055,20251209,131954170,0,29672542,0,B,42700,100,
000055.SZ,000055,20251209,131954170,0,29672543,0,B,42700,200,
000055.SZ,000055,20251209,131954180,0,29672546,0,S,42800,600,
000055.SZ,000055,20251209,131954190,0,29672579,0,B,42800,200,
000055.SZ,000055,20251209,131954200,0,29672589,0,B,42700,100,
000055.SZ,000055,20251209,131954210,0,29672607,0,B,42700,300,
000055.SZ,000055,20251209,131954620,0,29673810,0,B,42800,1700,
000055.SZ,000055,20251209,131954620,0,29673815,0,B,42800,1500,
000055.SZ,000055,20251209,131954620,0,29673821,0,B,42800,2600,
000055.SZ,000055,20251209,131954620,0,29673823,0,B,42800,4300,
000055.SZ,000055,20251209,131954630,0,29673830,0,B,42700,300,
000055.SZ,000055,20251209,131954680,0,29673916,0,S,42800,8400,
000055.SZ,000055,20251209,131954680,0,29673933,0,S,42700,1600,
000055.SZ,000055,20251209,131954690,0,29673941,0,S,42800,2400,
000055.SZ,000055,20251209,131954720,0,29674027,0,S,42800,100,
000055.SZ,000055,20251209,131954770,0,29674144,0,S,42800,1300,
000055.SZ,000055,20251209,131954810,0,29674229,0,S,42800,12100,
000055.SZ,000055,20251209,131954870,0,29674311,0,S,42800,1200,
000055.SZ,000055,20251209,131954870,0,29674312,0,S,42800,2500,
000055.SZ,000055,20251209,131954980,0,29674519,0,S,42800,500,
000055.SZ,000055,20251209,131954980,0,29674520,0,S,42800,100,
000055.SZ,000055,20251209,131954980,0,29674523,0,S,42800,400,
000055.SZ,000055,20251209,131955120,0,29674859,0,B,42800,1400,
000055.SZ,000055,20251209,131955140,0,29674990,0,B,42800,4500,
000055.SZ,000055,20251209,131955140,0,29674996,0,B,42800,2100,
000055.SZ,000055,20251209,131955140,0,29674998,0,B,42800,1400,
000055.SZ,000055,20251209,131955140,0,29675001,0,B,42800,3400,
000055.SZ,000055,20251209,131955140,0,29675004,0,B,42800,1900,
000055.SZ,000055,20251209,131958140,0,29680970,0,B,42800,2800,
000055.SZ,000055,20251209,131958140,0,29680972,0,B,42800,1200,
000055.SZ,000055,20251209,131958140,0,29680975,0,B,42800,2100,
000055.SZ,000055,20251209,131958140,0,29680978,0,B,42800,1300,
000055.SZ,000055,20251209,131958540,0,29682042,0,B,42800,100,
000055.SZ,000055,20251209,132000710,0,29687808,0,S,42800,200,
000055.SZ,000055,20251209,132007040,0,29703244,0,S,42800,800,
000055.SZ,000055,20251209,132007050,0,29703270,0,S,42800,800,
000055.SZ,000055,20251209,132009620,0,29708973,0,S,42800,5000,
000055.SZ,000055,20251209,132010020,0,29709813,0,S,42800,1000,
000055.SZ,000055,20251209,132011410,0,29713011,0,S,42800,1200,
000055.SZ,000055,20251209,132012360,0,29714734,0,S,42800,1200,
000055.SZ,000055,20251209,132012520,0,29715127,0,S,42800,1000,
000055.SZ,000055,20251209,132012620,0,29715372,0,S,42800,3000,
000055.SZ,000055,20251209,132013100,0,29716435,0,S,42800,1300,
000055.SZ,000055,20251209,132015620,0,29721044,0,S,42800,3000,
000055.SZ,000055,20251209,132018620,0,29727745,0,S,42800,2000,
000055.SZ,000055,20251209,132019110,0,29729206,0,S,42800,1300,
000055.SZ,000055,20251209,132020020,0,29731006,0,S,42800,1000,
000055.SZ,000055,20251209,132020750,0,29733219,0,S,42800,100,
000055.SZ,000055,20251209,132021550,0,29734844,0,B,42300,4600,
000055.SZ,000055,20251209,132031550,0,29758526,0,S,42800,1200,
000055.SZ,000055,20251209,132031560,0,29758545,0,S,42800,1200,
000055.SZ,000055,20251209,132036020,0,29768184,0,S,42800,1000,
000055.SZ,000055,20251209,132039630,0,29775733,0,S,42800,1000,
000055.SZ,000055,20251209,132040480,0,29777163,0,S,42800,1600,
000055.SZ,000055,20251209,132040570,0,29777304,0,B,42700,800,
000055.SZ,000055,20251209,132040620,0,29777455,0,S,42800,1000,
000055.SZ,000055,20251209,132042910,0,29781749,0,S,42800,1200,
000055.SZ,000055,20251209,132044450,0,29784428,0,B,42800,4900,
000055.SZ,000055,20251209,132045240,0,29785767,0,S,42800,1000,
000055.SZ,000055,20251209,132050410,0,29796583,0,S,42800,3200,
000055.SZ,000055,20251209,132103600,0,29825386,0,S,42800,200,
000055.SZ,000055,20251209,132104500,0,29827763,0,B,42700,20000,
000055.SZ,000055,20251209,132109220,0,29842229,0,S,42700,600,
000055.SZ,000055,20251209,132124670,0,29873810,0,S,42800,200,
000055.SZ,000055,20251209,132142190,0,29907931,0,S,42700,2600,
000055.SZ,000055,20251209,132150160,0,29923208,0,S,42800,1200,
000055.SZ,000055,20251209,132152210,0,29926502,0,B,42700,13000,
000055.SZ,000055,20251209,132158700,0,29938985,0,B,42700,1400,
000055.SZ,000055,20251209,132202720,0,29948249,0,S,42700,2300,
000055.SZ,000055,20251209,132206420,0,29955678,0,B,42800,2600,
000055.SZ,000055,20251209,132209180,0,29961294,0,B,42700,400,
000055.SZ,000055,20251209,132244950,0,30027348,0,S,43000,2900,
000055.SZ,000055,20251209,132245710,0,30028911,0,B,42700,1000,
000055.SZ,000055,20251209,132253050,0,30040998,0,S,47500,16000,
000055.SZ,000055,20251209,132253710,0,30042136,0,B,42700,100,
000055.SZ,000055,20251209,132257300,0,30048178,0,S,42700,2600,
000055.SZ,000055,20251209,132303420,0,30060994,0,S,42800,10600,
000055.SZ,000055,20251209,132317390,0,30087515,0,S,42700,2600,
000055.SZ,000055,20251209,132323270,0,30099063,0,B,42700,300,
000055.SZ,000055,20251209,132331130,0,30114822,0,S,42700,2600,
000055.SZ,000055,20251209,132333200,0,30119318,0,S,42700,100,
000055.SZ,000055,20251209,132345620,0,30142218,0,S,42700,2600,
000055.SZ,000055,20251209,132346010,0,30142907,0,B,42800,1000,
000055.SZ,000055,20251209,132359420,0,30167603,0,S,42700,2600,
000055.SZ,000055,20251209,132359450,0,30167669,0,B,42800,100,
000055.SZ,000055,20251209,132359460,0,30167702,0,S,42700,100,
000055.SZ,000055,20251209,132359470,0,30167761,0,B,42800,100,
000055.SZ,000055,20251209,132410850,0,30192412,0,B,42700,1400,
000055.SZ,000055,20251209,132416140,0,30202617,0,S,43000,1500,
000055.SZ,000055,20251209,132420670,0,30211670,0,S,42700,2600,
000055.SZ,000055,20251209,132420710,0,30211727,0,B,42800,100,
000055.SZ,000055,20251209,132436610,0,30241311,0,S,42700,2600,
000055.SZ,000055,20251209,132439170,0,30245269,0,S,42800,100,
000055.SZ,000055,20251209,132439960,0,30246529,0,S,42700,10000,
000055.SZ,000055,20251209,132439970,0,30246541,0,S,42700,100,
000055.SZ,000055,20251209,132439970,0,30246543,0,S,42700,100,
000055.SZ,000055,20251209,132509470,0,30304593,0,B,42700,5000,
000055.SZ,000055,20251209,132509500,0,30304630,0,S,42700,300,
000055.SZ,000055,20251209,132510100,0,30306127,0,S,42700,2600,
000055.SZ,000055,20251209,132511680,0,30309632,0,B,42700,4700,
000055.SZ,000055,20251209,132514940,0,30316802,0,B,42800,800,
000055.SZ,000055,20251209,132520650,0,30326864,0,S,42800,100,
000055.SZ,000055,20251209,132522880,0,30330727,0,S,42700,1200,
000055.SZ,000055,20251209,132526770,0,30337652,0,S,42700,2600,
000055.SZ,000055,20251209,132535150,0,30355211,0,B,42600,3000,
000055.SZ,000055,20251209,132535160,0,30355229,0,S,42800,1200,
000055.SZ,000055,20251209,132536160,0,30356595,0,B,42800,300,
000055.SZ,000055,20251209,132541670,0,30366157,0,S,42700,200,
000055.SZ,000055,20251209,132543110,0,30368420,0,B,42700,13000,
000055.SZ,000055,20251209,132543380,0,30369034,0,S,42700,2600,
000055.SZ,000055,20251209,132558190,0,30395070,0,B,42600,1500,
000055.SZ,000055,20251209,132600450,0,30399624,0,S,42700,2600,
000055.SZ,000055,20251209,132602760,0,30405765,0,B,42700,2700,
000055.SZ,000055,20251209,132602770,0,30405776,0,S,42800,2100,
000055.SZ,000055,20251209,132616960,0,30432128,0,S,42700,2600,
000055.SZ,000055,20251209,132629980,0,30460982,0,S,42800,3500,
000055.SZ,000055,20251209,132633270,0,30467818,0,S,42700,2600,
000055.SZ,000055,20251209,132635470,0,30472445,0,S,42700,1200,
000055.SZ,000055,20251209,132651760,0,30503065,0,S,42700,2600,
000055.SZ,000055,20251209,132656190,0,30511116,0,S,42900,200,
000055.SZ,000055,20251209,132703880,0,30525591,0,B,42600,3000,
000055.SZ,000055,20251209,132708020,0,30533938,0,S,42700,2600,
000055.SZ,000055,20251209,132710880,0,30539893,0,S,43300,4900,
000055.SZ,000055,20251209,132721600,0,30561674,0,B,42700,10000,
000055.SZ,000055,20251209,132724320,0,30567189,0,S,42700,2600,
000055.SZ,000055,20251209,132733700,0,30584933,0,B,42800,100,
000055.SZ,000055,20251209,132740670,0,30598837,0,S,42700,2600,
000055.SZ,000055,20251209,132807130,0,30656760,0,S,42800,15000,
000055.SZ,000055,20251209,132808830,0,30659989,0,S,43900,3500,
000055.SZ,000055,20251209,132816600,0,30673764,0,S,43000,5000,
000055.SZ,000055,20251209,132822490,0,30684792,0,B,42700,1300,
000055.SZ,000055,20251209,132832910,0,30702411,0,S,42900,5000,
000055.SZ,000055,20251209,132840070,0,30718720,0,S,42700,6000,
000055.SZ,000055,20251209,132840110,0,30718872,0,S,42700,100,
000055.SZ,000055,20251209,132840110,0,30718874,0,B,42800,100,
000055.SZ,000055,20251209,132840550,0,30719746,0,B,42600,600,
000055.SZ,000055,20251209,132840550,0,30719747,0,S,42800,600,
000055.SZ,000055,20251209,132849400,0,30737068,0,B,42800,200,
000055.SZ,000055,20251209,132852520,0,30742790,0,B,42300,1000,
000055.SZ,000055,20251209,132900070,0,30755209,0,B,42700,3000,
000055.SZ,000055,20251209,132900080,0,30755218,0,S,42800,1100,
000055.SZ,000055,20251209,132902690,0,30763414,0,B,42700,800,
000055.SZ,000055,20251209,132911210,0,30780951,0,S,42700,100,
000055.SZ,000055,20251209,132924660,0,30809681,0,B,42700,10000,
000055.SZ,000055,20251209,132927480,0,30815466,0,S,42500,100,
000055.SZ,000055,20251209,132933290,0,30827739,0,B,43100,1200,
000055.SZ,000055,20251209,132938800,0,30840614,0,B,42700,2000,
000055.SZ,000055,20251209,132939770,0,30842669,0,B,42800,800,
000055.SZ,000055,20251209,132957080,0,30872587,0,S,43800,1000,
000055.SZ,000055,20251209,133018320,0,30915502,0,B,42700,200,
000055.SZ,000055,20251209,133018340,0,30915566,0,S,42800,200,
000055.SZ,000055,20251209,133020660,0,30920220,0,S,42800,100,
000055.SZ,000055,20251209,133024220,0,30927007,0,B,42800,300,
000055.SZ,000055,20251209,133027240,0,30933447,0,S,42700,100,
000055.SZ,000055,20251209,133027240,0,30933481,0,S,42700,100,
000055.SZ,000055,20251209,133027260,0,30933506,0,S,42700,300,
000055.SZ,000055,20251209,133030990,0,30943117,0,S,42800,6000,
000055.SZ,000055,20251209,133039010,0,30961591,0,B,42700,5400,
000055.SZ,000055,20251209,133040050,0,30964036,0,S,42800,100,
000055.SZ,000055,20251209,133040100,0,30964231,0,S,42800,500,
000055.SZ,000055,20251209,133044490,0,30973626,0,S,43700,500,
000055.SZ,000055,20251209,133058030,0,31006947,0,B,42700,100,
000055.SZ,000055,20251209,133102630,0,31020822,0,B,42800,6500,
000055.SZ,000055,20251209,133103790,0,31023252,0,S,42700,1300,
000055.SZ,000055,20251209,133103830,0,31023340,0,B,42800,100,
000055.SZ,000055,20251209,133114550,0,31046602,0,S,42700,50000,
000055.SZ,000055,20251209,133114550,0,31046635,0,S,42800,2700,
000055.SZ,000055,20251209,133114570,0,31046685,0,B,42700,100,
000055.SZ,000055,20251209,133114580,0,31046702,0,B,42700,200,
000055.SZ,000055,20251209,133114590,0,31046711,0,B,42700,100,
000055.SZ,000055,20251209,133114620,0,31046768,0,B,42700,100,
000055.SZ,000055,20251209,133115180,0,31047890,0,B,42800,200,
000055.SZ,000055,20251209,133115880,0,31049582,0,B,42700,300,
000055.SZ,000055,20251209,133118980,0,31055768,0,B,42700,100,
000055.SZ,000055,20251209,133122060,0,31062792,0,B,42700,100,
000055.SZ,000055,20251209,133123680,0,31067311,0,B,42700,1900,
000055.SZ,000055,20251209,133132860,0,31088278,0,B,42700,35000,
000055.SZ,000055,20251209,133139930,0,31101865,0,S,44000,100,
000055.SZ,000055,20251209,133147650,0,31117110,0,B,42800,3000,
000055.SZ,000055,20251209,133200050,0,31142478,0,S,42400,100,
000055.SZ,000055,20251209,133200800,0,31145106,0,B,42700,4600,
000055.SZ,000055,20251209,133210040,0,31167506,0,B,42700,2700,
000055.SZ,000055,20251209,133219290,0,31192302,0,B,42800,9500,
000055.SZ,000055,20251209,133219290,0,31192328,0,B,42800,11600,
000055.SZ,000055,20251209,133219290,0,31192346,0,B,42800,9500,
000055.SZ,000055,20251209,133219290,0,31192354,0,B,42800,9800,
000055.SZ,000055,20251209,133219290,0,31192357,0,B,42800,3000,
000055.SZ,000055,20251209,133219300,0,31192362,0,B,42800,9600,
000055.SZ,000055,20251209,133219300,0,31192387,0,B,42700,300,
000055.SZ,000055,20251209,133219300,0,31192396,0,B,42800,12600,
000055.SZ,000055,20251209,133219300,0,31192413,0,S,42900,2700,
000055.SZ,000055,20251209,133219310,0,31192423,0,B,42800,100,
000055.SZ,000055,20251209,133219310,0,31192436,0,B,42800,4200,
000055.SZ,000055,20251209,133219310,0,31192450,0,B,42800,1200,
000055.SZ,000055,20251209,133219320,0,31192458,0,B,42800,1000,
000055.SZ,000055,20251209,133219330,0,31192481,0,B,42700,400,
000055.SZ,000055,20251209,133219600,0,31193768,0,B,42800,700,
000055.SZ,000055,20251209,133219610,0,31193781,0,B,42800,100,
000055.SZ,000055,20251209,133219990,0,31194558,0,B,42700,600,
000055.SZ,000055,20251209,133219990,0,31194560,0,S,42900,600,
000055.SZ,000055,20251209,133221210,0,31197669,0,B,42800,200,
000055.SZ,000055,20251209,133222440,0,31202078,0,B,42500,1000,
000055.SZ,000055,20251209,133224890,0,31208806,0,S,42800,100,
000055.SZ,000055,20251209,133224890,0,31208808,0,S,42800,1200,
000055.SZ,000055,20251209,133224890,0,31208820,0,S,42800,200,
000055.SZ,000055,20251209,133224890,0,31208853,0,S,42800,100,
000055.SZ,000055,20251209,133224890,0,31208856,0,S,42800,300,
000055.SZ,000055,20251209,133224890,0,31208858,0,S,42800,200,
000055.SZ,000055,20251209,133224900,0,31208861,0,S,42800,100,
000055.SZ,000055,20251209,133224900,0,31208873,0,S,42800,100,
000055.SZ,000055,20251209,133224900,0,31208876,0,S,42800,100,
000055.SZ,000055,20251209,133224900,0,31208880,0,S,42800,200,
000055.SZ,000055,20251209,133224910,0,31208883,0,S,42800,100,
000055.SZ,000055,20251209,133224910,0,31208893,0,S,42800,100,
000055.SZ,000055,20251209,133224910,0,31208899,0,S,42800,200,
000055.SZ,000055,20251209,133224920,0,31208909,0,S,42800,100,
000055.SZ,000055,20251209,133225470,0,31211073,0,S,42800,100,
000055.SZ,000055,20251209,133225480,0,31211118,0,S,42900,300,
000055.SZ,000055,20251209,133225490,0,31211140,0,S,42800,100,
000055.SZ,000055,20251209,133225500,0,31211153,0,B,42800,100,
000055.SZ,000055,20251209,133225580,0,31211393,0,S,42800,100,
000055.SZ,000055,20251209,133225620,0,31211534,0,S,42800,1100,
000055.SZ,000055,20251209,133225630,0,31211539,0,B,42800,100,
000055.SZ,000055,20251209,133225630,0,31211541,0,B,42800,100,
000055.SZ,000055,20251209,133225630,0,31211543,0,B,42800,100,
000055.SZ,000055,20251209,133225630,0,31211555,0,B,42800,1100,
000055.SZ,000055,20251209,133225920,0,31212295,0,S,42800,100,
000055.SZ,000055,20251209,133226260,0,31213029,0,B,42600,5000,
000055.SZ,000055,20251209,133226700,0,31213987,0,S,42800,200,
000055.SZ,000055,20251209,133226760,0,31214080,0,B,42800,21500,
000055.SZ,000055,20251209,133227830,0,31216742,0,B,42800,5400,
000055.SZ,000055,20251209,133228290,0,31217720,0,B,42800,100,
000055.SZ,000055,20251209,133229550,0,31220404,0,B,42800,1200,
000055.SZ,000055,20251209,133230610,0,31222495,0,B,42800,7000,
000055.SZ,000055,20251209,133230760,0,31222849,0,B,42800,1200,
000055.SZ,000055,20251209,133230800,0,31222934,0,B,42800,4600,
000055.SZ,000055,20251209,133230810,0,31222965,0,B,42800,1200,
000055.SZ,000055,20251209,133231120,0,31223989,0,B,42800,1000,
000055.SZ,000055,20251209,133233610,0,31228550,0,B,42800,5000,
000055.SZ,000055,20251209,133236610,0,31233561,0,B,42800,1000,
000055.SZ,000055,20251209,133237630,0,31235551,0,B,42700,5000,
000055.SZ,000055,20251209,133239620,0,31238736,0,B,42800,1000,
000055.SZ,000055,20251209,133241210,0,31241867,0,B,42800,1000,
000055.SZ,000055,20251209,133241770,0,31242540,0,B,42800,1600,
000055.SZ,000055,20251209,133248340,0,31254329,0,S,42900,300,
000055.SZ,000055,20251209,133257420,0,31271426,0,S,42900,200,
000055.SZ,000055,20251209,133302410,0,31282975,0,S,42900,100,
000055.SZ,000055,20251209,133303150,0,31284145,0,B,42800,500,
000055.SZ,000055,20251209,133303650,0,31285223,0,S,42900,100,
000055.SZ,000055,20251209,133304560,0,31287031,0,S,42900,100,
000055.SZ,000055,20251209,133304700,0,31287286,0,S,42900,100,
000055.SZ,000055,20251209,133304880,0,31287612,0,S,42900,100,
000055.SZ,000055,20251209,133305940,0,31289483,0,S,42900,100,
000055.SZ,000055,20251209,133306300,0,31290216,0,S,42900,100,
000055.SZ,000055,20251209,133307140,0,31292437,0,S,42900,100,
000055.SZ,000055,20251209,133307880,0,31293795,0,B,42800,100,
000055.SZ,000055,20251209,133310680,0,31299021,0,S,42900,200,
000055.SZ,000055,20251209,133311380,0,31300132,0,S,42900,100,
000055.SZ,000055,20251209,133313120,0,31303172,0,S,42900,100,
000055.SZ,000055,20251209,133313420,0,31303864,0,B,42800,100,
000055.SZ,000055,20251209,133314370,0,31305584,0,S,42900,100,
000055.SZ,000055,20251209,133314440,0,31305744,0,S,42900,100,
000055.SZ,000055,20251209,133315590,0,31307544,0,S,42900,100,
000055.SZ,000055,20251209,133324030,0,31324490,0,B,42800,1900,
000055.SZ,000055,20251209,133336150,0,31347493,0,B,42700,75700,
000055.SZ,000055,20251209,133354710,0,31385253,0,S,42800,26900,
000055.SZ,000055,20251209,133403350,0,31402789,0,B,42800,100,
000055.SZ,000055,20251209,133403610,0,31403392,0,B,42800,2000,
000055.SZ,000055,20251209,133406510,0,31408998,0,B,42800,1000,
000055.SZ,000055,20251209,133406630,0,31409166,0,B,42800,4000,
000055.SZ,000055,20251209,133407210,0,31410364,0,B,42800,1000,
000055.SZ,000055,20251209,133409620,0,31414293,0,B,42800,3000,
000055.SZ,000055,20251209,133410630,0,31416101,0,B,42800,1000,
000055.SZ,000055,20251209,133412610,0,31419411,0,B,42800,1000,
000055.SZ,000055,20251209,133412860,0,31419769,0,B,42800,300,
000055.SZ,000055,20251209,133415960,0,31424895,0,B,42800,100,
000055.SZ,000055,20251209,133416220,0,31425735,0,B,42800,1000,
000055.SZ,000055,20251209,133417010,0,31427485,0,B,42800,1000,
000055.SZ,000055,20251209,133418610,0,31430241,0,B,42800,1000,
000055.SZ,000055,20251209,133421610,0,31434661,0,B,42800,2000,
000055.SZ,000055,20251209,133432870,0,31453076,0,S,42800,5000,
000055.SZ,000055,20251209,133438420,0,31462892,0,B,42800,17400,
000055.SZ,000055,20251209,133438960,0,31463603,0,S,42800,2600,
000055.SZ,000055,20251209,133445420,0,31473567,0,S,42800,2600,
000055.SZ,000055,20251209,133447740,0,31477751,0,B,42800,1200,
000055.SZ,000055,20251209,133450920,0,31482467,0,S,42900,2100,
000055.SZ,000055,20251209,133451670,0,31483444,0,S,42800,2600,
000055.SZ,000055,20251209,133452710,0,31485472,0,B,42800,800,
000055.SZ,000055,20251209,133457870,0,31492888,0,S,42800,2600,
000055.SZ,000055,20251209,133458200,0,31493424,0,B,42800,1700,
000055.SZ,000055,20251209,133503570,0,31502524,0,B,42800,200,
000055.SZ,000055,20251209,133503950,0,31503262,0,S,42800,2600,
000055.SZ,000055,20251209,133504260,0,31503814,0,S,42800,500,
000055.SZ,000055,20251209,133511170,0,31515351,0,S,42800,2600,
000055.SZ,000055,20251209,133515530,0,31521497,0,S,42800,7300,
000055.SZ,000055,20251209,133517250,0,31524268,0,S,42800,2600,
000055.SZ,000055,20251209,133519550,0,31527948,0,S,42800,200,
000055.SZ,000055,20251209,133519550,0,31527956,0,S,42800,400,
000055.SZ,000055,20251209,133523470,0,31535241,0,S,42800,2600,
000055.SZ,000055,20251209,133523860,0,31535856,0,B,42800,1600,
000055.SZ,000055,20251209,133524550,0,31537203,0,S,42800,400,
000055.SZ,000055,20251209,133528580,0,31545264,0,S,42900,100,
000055.SZ,000055,20251209,133529660,0,31547615,0,S,42800,2600,
000055.SZ,000055,20251209,133530510,0,31549218,0,S,42800,100,
000055.SZ,000055,20251209,133532470,0,31553379,0,S,42800,300,
000055.SZ,000055,20251209,133535270,0,31558698,0,S,42800,100,
000055.SZ,000055,20251209,133535790,0,31559367,0,S,42800,2600,
000055.SZ,000055,20251209,133535800,0,31559384,0,B,42800,100,
000055.SZ,000055,20251209,133536610,0,31561009,0,S,42800,100,
000055.SZ,000055,20251209,133537530,0,31563052,0,S,42800,300,
000055.SZ,000055,20251209,133537550,0,31563100,0,S,42800,100,
000055.SZ,000055,20251209,133538470,0,31565015,0,S,42800,300,
000055.SZ,000055,20251209,133542030,0,31571497,0,S,42800,2600,
000055.SZ,000055,20251209,133543390,0,31573783,0,S,42800,300,
000055.SZ,000055,20251209,133543530,0,31574044,0,S,42900,200,
000055.SZ,000055,20251209,133544070,0,31575223,0,B,42900,5000,
000055.SZ,000055,20251209,133544070,0,31575251,0,S,42800,100,
000055.SZ,000055,20251209,133544440,0,31575772,0,S,42800,100,
000055.SZ,000055,20251209,133548330,0,31582179,0,S,42800,2600,
000055.SZ,000055,20251209,133550720,0,31586158,0,S,42800,100,
000055.SZ,000055,20251209,133553740,0,31591332,0,S,42900,100,
000055.SZ,000055,20251209,133554360,0,31592178,0,S,42800,2600,
000055.SZ,000055,20251209,133601570,0,31605937,0,S,42800,2600,
000055.SZ,000055,20251209,133601570,0,31605987,0,B,42800,100,
000055.SZ,000055,20251209,133602380,0,31607629,0,S,42800,400,
000055.SZ,000055,20251209,133603200,0,31609333,0,B,42800,100,
000055.SZ,000055,20251209,133605920,0,31613894,0,S,42900,100,
000055.SZ,000055,20251209,133606920,0,31615681,0,B,42800,1200,
000055.SZ,000055,20251209,133606930,0,31615707,0,B,42800,100,
000055.SZ,000055,20251209,133608830,0,31619288,0,S,42800,2600,
000055.SZ,000055,20251209,133609470,0,31620365,0,S,42800,100,
000055.SZ,000055,20251209,133611650,0,31624459,0,S,42900,100,
000055.SZ,000055,20251209,133612040,0,31625057,0,B,42900,900,
000055.SZ,000055,20251209,133612600,0,31625985,0,S,42900,100,
000055.SZ,000055,20251209,133616010,0,31633385,0,S,42800,2600,
000055.SZ,000055,20251209,133622230,0,31649402,0,S,42800,2600,
000055.SZ,000055,20251209,133622240,0,31649416,0,S,42900,100,
000055.SZ,000055,20251209,133622490,0,31650182,0,S,42800,100,
000055.SZ,000055,20251209,133622540,0,31650310,0,S,42800,200,
000055.SZ,000055,20251209,133622540,0,31650334,0,S,42800,100,
000055.SZ,000055,20251209,133622850,0,31651097,0,S,42800,100,
000055.SZ,000055,20251209,133622920,0,31651240,0,S,42800,100,
000055.SZ,000055,20251209,133622950,0,31651288,0,S,42800,100,
000055.SZ,000055,20251209,133623020,0,31651428,0,S,42800,300,
000055.SZ,000055,20251209,133623200,0,31651865,0,S,42800,100,
000055.SZ,000055,20251209,133623230,0,31651915,0,S,42800,400,
000055.SZ,000055,20251209,133624170,0,31653452,0,S,42800,700,
000055.SZ,000055,20251209,133624190,0,31653485,0,S,42800,200,
000055.SZ,000055,20251209,133624510,0,31654197,0,S,42800,100,
000055.SZ,000055,20251209,133624910,0,31655196,0,S,42800,100,
000055.SZ,000055,20251209,133625020,0,31655389,0,S,42800,100,
000055.SZ,000055,20251209,133625050,0,31655442,0,S,42800,300,
000055.SZ,000055,20251209,133625890,0,31657188,0,S,42800,200,
000055.SZ,000055,20251209,133626390,0,31658091,0,S,42800,100,
000055.SZ,000055,20251209,133626500,0,31658252,0,S,42800,100,
000055.SZ,000055,20251209,133628530,0,31662044,0,S,42800,2600,
000055.SZ,000055,20251209,133635650,0,31674403,0,S,42800,2600,
000055.SZ,000055,20251209,133641850,0,31684802,0,S,42800,2600,
000055.SZ,000055,20251209,133641890,0,31684876,0,S,42800,200,
000055.SZ,000055,20251209,133641910,0,31684908,0,S,42800,100,
000055.SZ,000055,20251209,133642200,0,31685252,0,B,42700,400,
000055.SZ,000055,20251209,133642510,0,31685649,0,B,42800,100,
000055.SZ,000055,20251209,133642750,0,31686056,0,S,42800,6100,
000055.SZ,000055,20251209,133642910,0,31686324,0,S,42800,400,
000055.SZ,000055,20251209,133643150,0,31686733,0,S,42800,200,
000055.SZ,000055,20251209,133643440,0,31687280,0,S,42800,200,
000055.SZ,000055,20251209,133647290,0,31693049,0,B,42800,200,
000055.SZ,000055,20251209,133654690,0,31705337,0,S,42800,1200,
000055.SZ,000055,20251209,133706770,0,31724316,0,S,42800,1600,
000055.SZ,000055,20251209,133707010,0,31724631,0,S,42800,2000,
000055.SZ,000055,20251209,133709630,0,31728373,0,S,42800,4000,
000055.SZ,000055,20251209,133709890,0,31728648,0,S,42800,100,
000055.SZ,000055,20251209,133712510,0,31732334,0,S,42800,1000,
000055.SZ,000055,20251209,133712610,0,31732427,0,S,42800,2000,
000055.SZ,000055,20251209,133713210,0,31733389,0,S,42800,1000,
000055.SZ,000055,20251209,133715610,0,31737250,0,S,42800,1000,
000055.SZ,000055,20251209,133720230,0,31744645,0,B,42800,6000,
000055.SZ,000055,20251209,133735160,0,31774980,0,S,42700,100,
000055.SZ,000055,20251209,133735180,0,31775011,0,S,42700,200,
000055.SZ,000055,20251209,133749080,0,31798767,0,S,42800,1500,
000055.SZ,000055,20251209,133805170,0,31828492,0,S,42700,100,
000055.SZ,000055,20251209,133818670,0,31853116,0,B,42800,5400,
000055.SZ,000055,20251209,133818680,0,31853127,0,B,42800,7800,
000055.SZ,000055,20251209,133818680,0,31853134,0,B,42800,3200,
000055.SZ,000055,20251209,133818710,0,31853184,0,B,42800,9200,
000055.SZ,000055,20251209,133820050,0,31855426,0,B,42800,700,
000055.SZ,000055,20251209,133821540,0,31858606,0,B,42800,1300,
000055.SZ,000055,20251209,133828700,0,31869545,0,B,42700,6000,
000055.SZ,000055,20251209,133844910,0,31895982,0,S,42800,17000,
000055.SZ,000055,20251209,133844920,0,31895993,0,B,42800,4200,
000055.SZ,000055,20251209,133844920,0,31896000,0,B,42800,1600,
000055.SZ,000055,20251209,133844920,0,31896002,0,B,42800,500,
000055.SZ,000055,20251209,133844920,0,31896003,0,B,42800,500,
000055.SZ,000055,20251209,133844920,0,31896005,0,B,42800,1400,
000055.SZ,000055,20251209,133844940,0,31896024,0,B,42900,3300,
000055.SZ,000055,20251209,133844960,0,31896048,0,B,42800,100,
000055.SZ,000055,20251209,133844970,0,31896090,0,B,42800,300,
000055.SZ,000055,20251209,133844980,0,31896091,0,B,42800,100,
000055.SZ,000055,20251209,133844980,0,31896100,0,B,42800,100,
000055.SZ,000055,20251209,133844980,0,31896101,0,B,42800,200,
000055.SZ,000055,20251209,133844990,0,31896126,0,B,42800,200,
000055.SZ,000055,20251209,133845020,0,31896245,0,B,42800,100,
000055.SZ,000055,20251209,133845150,0,31896447,0,B,42800,100,
000055.SZ,000055,20251209,133845170,0,31896477,0,S,42800,300,
000055.SZ,000055,20251209,133845180,0,31896501,0,S,42800,100,
000055.SZ,000055,20251209,133845880,0,31898541,0,S,42800,800,
000055.SZ,000055,20251209,133846190,0,31900040,0,B,43000,200,
000055.SZ,000055,20251209,133846580,0,31900969,0,B,42800,100,
000055.SZ,000055,20251209,133846820,0,31902152,0,B,42700,2300,
000055.SZ,000055,20251209,133848920,0,31908486,0,B,42800,1200,
000055.SZ,000055,20251209,133848920,0,31908502,0,B,42800,1200,
000055.SZ,000055,20251209,133849180,0,31909002,0,B,43000,100,
000055.SZ,000055,20251209,133854540,0,31919994,0,B,42800,1000,
000055.SZ,000055,20251209,133854610,0,31920187,0,B,42800,1000,
000055.SZ,000055,20251209,133855490,0,31921596,0,B,42800,1300,
000055.SZ,000055,20251209,133857620,0,31924998,0,B,42800,3000,
000055.SZ,000055,20251209,133900520,0,31929502,0,B,42800,1000,
000055.SZ,000055,20251209,133900810,0,31930253,0,B,42800,3000,
000055.SZ,000055,20251209,133903610,0,31935413,0,B,42800,1000,
000055.SZ,000055,20251209,133903950,0,31936044,0,B,42800,1200,
000055.SZ,000055,20251209,133906620,0,31940906,0,B,42800,1000,
000055.SZ,000055,20251209,133909510,0,31945740,0,B,42800,1000,
000055.SZ,000055,20251209,133909610,0,31945866,0,B,42800,1000,
000055.SZ,000055,20251209,133909760,0,31946104,0,B,42800,100,
000055.SZ,000055,20251209,133930890,0,31978335,0,B,42800,1300,
000055.SZ,000055,20251209,133930910,0,31978360,0,B,42800,1200,
000055.SZ,000055,20251209,133933950,0,31984301,0,B,42800,1200,
000055.SZ,000055,20251209,133951210,0,32021284,0,B,42800,6500,
000055.SZ,000055,20251209,133951210,0,32021286,0,S,42900,100,
000055.SZ,000055,20251209,133956200,0,32031246,0,S,42800,2000,
000055.SZ,000055,20251209,134002540,0,32043004,0,S,43400,30000,
000055.SZ,000055,20251209,134003900,0,32045463,0,B,42800,1300,
000055.SZ,000055,20251209,134012910,0,32063161,0,S,42900,100,
000055.SZ,000055,20251209,134018950,0,32075407,0,B,42800,1200,
000055.SZ,000055,20251209,134033440,0,32107625,0,B,42500,10000,
000055.SZ,000055,20251209,134043350,0,32125546,0,B,42800,1000,
000055.SZ,000055,20251209,134101780,0,32173499,0,B,42600,5000,
000055.SZ,000055,20251209,134103160,0,32176819,0,S,42900,100,
000055.SZ,000055,20251209,134103210,0,32177203,0,B,42800,400,
000055.SZ,000055,20251209,134117640,0,32206298,0,S,42800,2600,
000055.SZ,000055,20251209,134130550,0,32231219,0,S,42800,2600,
000055.SZ,000055,20251209,134134180,0,32237695,0,B,43000,100,
000055.SZ,000055,20251209,134136840,0,32242483,0,S,42800,2600,
000055.SZ,000055,20251209,134145950,0,32259937,0,S,42800,2600,
000055.SZ,000055,20251209,134152240,0,32271488,0,S,42800,2600,
000055.SZ,000055,20251209,134155190,0,32277213,0,B,43000,100,
000055.SZ,000055,20251209,134158430,0,32283310,0,S,42800,2600,
000055.SZ,000055,20251209,134158690,0,32283712,0,S,42800,100,
000055.SZ,000055,20251209,134158750,0,32283788,0,S,42800,100,
000055.SZ,000055,20251209,134158950,0,32284132,0,S,42800,100,
000055.SZ,000055,20251209,134159160,0,32284522,0,S,42800,100,
000055.SZ,000055,20251209,134204610,0,32296697,0,S,42800,2600,
000055.SZ,000055,20251209,134207190,0,32301361,0,B,43000,100,
000055.SZ,000055,20251209,134207710,0,32302443,0,B,42800,200,
000055.SZ,000055,20251209,134208260,0,32303197,0,B,43800,100,
000055.SZ,000055,20251209,134210790,0,32307407,0,S,42800,2600,
000055.SZ,000055,20251209,134216930,0,32318042,0,S,42800,2600,
000055.SZ,000055,20251209,134223110,0,32328969,0,S,42800,2600,
000055.SZ,000055,20251209,134223120,0,32328989,0,B,42800,100,
000055.SZ,000055,20251209,134223140,0,32329026,0,B,42800,100,
000055.SZ,000055,20251209,134224790,0,32332327,0,S,42800,100,
000055.SZ,000055,20251209,134225170,0,32333327,0,B,43000,100,
000055.SZ,000055,20251209,134229310,0,32345366,0,S,42800,2600,
000055.SZ,000055,20251209,134233620,0,32357236,0,B,42800,1000,
000055.SZ,000055,20251209,134234210,0,32360615,0,B,42800,1000,
000055.SZ,000055,20251209,134235440,0,32366664,0,S,42800,2600,
000055.SZ,000055,20251209,134235760,0,32367213,0,B,42800,1300,
000055.SZ,000055,20251209,134237170,0,32370884,0,B,43000,100,
000055.SZ,000055,20251209,134239500,0,32374877,0,B,42800,400,
000055.SZ,000055,20251209,134240960,0,32377792,0,B,42800,1600,
000055.SZ,000055,20251209,134241640,0,32378864,0,S,42800,2600,
000055.SZ,000055,20251209,134247880,0,32391090,0,S,42800,2600,
000055.SZ,000055,20251209,134250380,0,32396885,0,B,40000,4000,
000055.SZ,000055,20251209,134254060,0,32404144,0,S,42800,2600,
000055.SZ,000055,20251209,134254080,0,32404203,0,B,42700,300,
000055.SZ,000055,20251209,134254100,0,32404240,0,S,42800,200,
000055.SZ,000055,20251209,134254110,0,32404257,0,S,42800,200,
000055.SZ,000055,20251209,134254130,0,32404272,0,B,42700,1600,
000055.SZ,000055,20251209,134254220,0,32404516,0,B,42800,2800,
000055.SZ,000055,20251209,134254220,0,32404520,0,B,42800,2800,
000055.SZ,000055,20251209,134254220,0,32404523,0,B,42800,200,
000055.SZ,000055,20251209,134254260,0,32404579,0,B,42800,100,
000055.SZ,000055,20251209,134254420,0,32404925,0,S,42800,100,
000055.SZ,000055,20251209,134254530,0,32405195,0,S,42800,100,
000055.SZ,000055,20251209,134254530,0,32405197,0,S,42800,3200,
000055.SZ,000055,20251209,134254570,0,32405286,0,B,42700,100,
000055.SZ,000055,20251209,134254570,0,32405289,0,B,42700,100,
000055.SZ,000055,20251209,134254570,0,32405291,0,B,42700,100,
000055.SZ,000055,20251209,134254570,0,32405292,0,B,42700,100,
000055.SZ,000055,20251209,134255700,0,32407216,0,S,42800,200,
000055.SZ,000055,20251209,134257480,0,32410610,0,S,42800,3500,
000055.SZ,000055,20251209,134258190,0,32411982,0,B,42900,100,
000055.SZ,000055,20251209,134258690,0,32413059,0,B,42800,200,
000055.SZ,000055,20251209,134259160,0,32413927,0,B,42800,100,
000055.SZ,000055,20251209,134259250,0,32414118,0,B,42800,400,
000055.SZ,000055,20251209,134300150,0,32415442,0,B,42700,300,
000055.SZ,000055,20251209,134300350,0,32415975,0,S,42700,2600,
000055.SZ,000055,20251209,134300550,0,32417125,0,B,42800,600,
000055.SZ,000055,20251209,134301040,0,32418337,0,B,42800,2600,
000055.SZ,000055,20251209,134301990,0,32420641,0,S,43300,800,
000055.SZ,000055,20251209,134303290,0,32424084,0,S,42800,100,
000055.SZ,000055,20251209,134304290,0,32428135,0,B,43000,100,
000055.SZ,000055,20251209,134304520,0,32429058,0,B,42700,600,
000055.SZ,000055,20251209,134304520,0,32429059,0,B,42700,500,
000055.SZ,000055,20251209,134304520,0,32429060,0,B,42700,600,
000055.SZ,000055,20251209,134304520,0,32429061,0,B,42700,500,
000055.SZ,000055,20251209,134304520,0,32429070,0,B,42700,600,
000055.SZ,000055,20251209,134304520,0,32429072,0,B,42700,600,
000055.SZ,000055,20251209,134304550,0,32429219,0,B,42700,600,
000055.SZ,000055,20251209,134304550,0,32429222,0,B,42700,500,
000055.SZ,000055,20251209,134304550,0,32429241,0,B,42700,600,
000055.SZ,000055,20251209,134304560,0,32429269,0,B,42700,600,
000055.SZ,000055,20251209,134304560,0,32429272,0,B,42700,600,
000055.SZ,000055,20251209,134304560,0,32429273,0,B,42700,600,
000055.SZ,000055,20251209,134304560,0,32429274,0,B,42700,600,
000055.SZ,000055,20251209,134306530,0,32436376,0,S,42700,2600,
000055.SZ,000055,20251209,134306900,0,32438374,0,B,42800,100,
000055.SZ,000055,20251209,134307560,0,32441290,0,B,42800,500,
000055.SZ,000055,20251209,134307560,0,32441291,0,B,42800,600,
000055.SZ,000055,20251209,134307560,0,32441292,0,B,42800,500,
000055.SZ,000055,20251209,134307560,0,32441317,0,B,42800,600,
000055.SZ,000055,20251209,134307560,0,32441320,0,B,42800,600,
000055.SZ,000055,20251209,134307560,0,32441322,0,B,42800,500,
000055.SZ,000055,20251209,134307560,0,32441327,0,B,42800,600,
000055.SZ,000055,20251209,134307560,0,32441337,0,B,42800,600,
000055.SZ,000055,20251209,134307560,0,32441338,0,B,42800,600,
000055.SZ,000055,20251209,134307580,0,32441401,0,B,42800,600,
000055.SZ,000055,20251209,134307580,0,32441404,0,B,42800,600,
000055.SZ,000055,20251209,134307580,0,32441408,0,B,42800,600,
000055.SZ,000055,20251209,134307580,0,32441409,0,S,42800,100,
000055.SZ,000055,20251209,134307580,0,32441411,0,B,42800,600,
000055.SZ,000055,20251209,134318400,0,32467152,0,S,42800,2600,
000055.SZ,000055,20251209,134318410,0,32467190,0,S,42800,300,
000055.SZ,000055,20251209,134322180,0,32474058,0,B,43000,100,
000055.SZ,000055,20251209,134330620,0,32488789,0,B,42800,1000,
000055.SZ,000055,20251209,134336140,0,32498894,0,S,42800,2600,
000055.SZ,000055,20251209,134345740,0,32513760,0,B,42800,800,
000055.SZ,000055,20251209,134346590,0,32515775,0,S,42900,2300,
000055.SZ,000055,20251209,134351110,0,32523880,0,B,42800,20000,
000055.SZ,000055,20251209,134353890,0,32529077,0,S,42800,2600,
000055.SZ,000055,20251209,134355180,0,32531429,0,B,43000,200,
000055.SZ,000055,20251209,134404450,0,32550115,0,B,42800,2600,
000055.SZ,000055,20251209,134404450,0,32550130,0,S,42900,2100,
000055.SZ,000055,20251209,134407740,0,32556996,0,B,42800,4700,
000055.SZ,000055,20251209,134414070,0,32569854,0,S,42800,2600,
000055.SZ,000055,20251209,134414460,0,32570565,0,S,43500,10000,
000055.SZ,000055,20251209,134416240,0,32573802,0,B,43000,200,
000055.SZ,000055,20251209,134428940,0,32595253,0,S,42900,3000,
000055.SZ,000055,20251209,134432070,0,32602524,0,S,42800,2600,
000055.SZ,000055,20251209,134434180,0,32607331,0,B,43000,300,
000055.SZ,000055,20251209,134449800,0,32646053,0,S,44200,200,
000055.SZ,000055,20251209,134449900,0,32646331,0,S,42800,2600,
000055.SZ,000055,20251209,134452180,0,32651382,0,B,43000,200,
000055.SZ,000055,20251209,134458360,0,32663816,0,B,42800,8200,
000055.SZ,000055,20251209,134459510,0,32666364,0,B,42800,100,
000055.SZ,000055,20251209,134507450,0,32687418,0,S,42800,2600,
000055.SZ,000055,20251209,134507880,0,32688415,0,B,42800,100,
000055.SZ,000055,20251209,134510220,0,32693036,0,B,43000,300,
000055.SZ,000055,20251209,134521090,0,32715227,0,S,42900,1200,
000055.SZ,000055,20251209,134525700,0,32724278,0,S,42800,2600,
000055.SZ,000055,20251209,134528200,0,32728543,0,B,43000,200,
000055.SZ,000055,20251209,134529860,0,32732296,0,B,42800,500,
000055.SZ,000055,20251209,134559470,0,32795156,0,B,42900,800,
000055.SZ,000055,20251209,134559480,0,32795163,0,B,42800,100,
000055.SZ,000055,20251209,134559480,0,32795164,0,B,42800,200,
000055.SZ,000055,20251209,134559520,0,32795224,0,B,42800,100,
000055.SZ,000055,20251209,134601280,0,32798790,0,B,43000,100,
000055.SZ,000055,20251209,134605350,0,32808010,0,S,42800,2600,
000055.SZ,000055,20251209,134607280,0,32812254,0,B,43000,200,
000055.SZ,000055,20251209,134610210,0,32817577,0,B,43000,100,
000055.SZ,000055,20251209,134622870,0,32839447,0,S,42800,2600,
000055.SZ,000055,20251209,134625180,0,32843292,0,B,43000,200,
000055.SZ,000055,20251209,134639990,0,32867891,0,S,42800,2600,
000055.SZ,000055,20251209,134643280,0,32873451,0,B,43000,200,
000055.SZ,000055,20251209,134651120,0,32885204,0,S,42800,2600,
000055.SZ,000055,20251209,134651300,0,32885477,0,S,42900,100,
000055.SZ,000055,20251209,134652260,0,32887487,0,B,43000,300,
000055.SZ,000055,20251209,134707860,0,32918074,0,S,42800,2600,
000055.SZ,000055,20251209,134709240,0,32919822,0,S,42300,100,
000055.SZ,000055,20251209,134709250,0,32919837,0,S,42900,800,
000055.SZ,000055,20251209,134710260,0,32922025,0,B,43000,200,
000055.SZ,000055,20251209,134710270,0,32922045,0,S,42800,100,
000055.SZ,000055,20251209,134713280,0,32927183,0,B,43000,100,
000055.SZ,000055,20251209,134713290,0,32927189,0,S,42800,100,
000055.SZ,000055,20251209,134713650,0,32927939,0,S,42800,400,
000055.SZ,000055,20251209,134713650,0,32927941,0,S,42800,100,
000055.SZ,000055,20251209,134713650,0,32927945,0,S,42800,100,
000055.SZ,000055,20251209,134713950,0,32928444,0,S,42800,100,
000055.SZ,000055,20251209,134721620,0,32942880,0,B,42800,1000,
000055.SZ,000055,20251209,134722000,0,32943617,0,B,42800,1000,
000055.SZ,000055,20251209,134724180,0,32948195,0,S,42300,100,
000055.SZ,000055,20251209,134724400,0,32948531,0,S,42800,2600,
000055.SZ,000055,20251209,134724750,0,32949469,0,B,42700,800,
000055.SZ,000055,20251209,134727190,0,32953319,0,S,42300,100,
000055.SZ,000055,20251209,134728190,0,32955175,0,B,43000,300,
000055.SZ,000055,20251209,134735580,0,32966735,0,B,42300,1000,
000055.SZ,000055,20251209,134736780,0,32968671,0,B,42800,1300,
000055.SZ,000055,20251209,134741560,0,32976599,0,S,42800,6000,
000055.SZ,000055,20251209,134741590,0,32976632,0,B,42800,300,
000055.SZ,000055,20251209,134741590,0,32976633,0,B,42800,100,
000055.SZ,000055,20251209,134741600,0,32976647,0,B,42800,200,
000055.SZ,000055,20251209,134741620,0,32976672,0,B,42800,200,
000055.SZ,000055,20251209,134741630,0,32976676,0,S,42800,2600,
000055.SZ,000055,20251209,134741630,0,32976685,0,B,42800,300,
000055.SZ,000055,20251209,134742200,0,32977433,0,S,42300,100,
000055.SZ,000055,20251209,134743210,0,32978915,0,B,43000,800,
000055.SZ,000055,20251209,134745210,0,32981844,0,S,42300,600,
000055.SZ,000055,20251209,134748260,0,32986705,0,S,42300,100,
000055.SZ,000055,20251209,134749260,0,32988794,0,B,43000,100,
000055.SZ,000055,20251209,134749400,0,32989160,0,B,42800,1000,
000055.SZ,000055,20251209,134758040,0,33003294,0,S,42800,2600,
000055.SZ,000055,20251209,134800180,0,33006487,0,S,42300,100,
000055.SZ,000055,20251209,134801170,0,33008865,0,B,43000,200,
000055.SZ,000055,20251209,134803760,0,33013777,0,B,42800,1300,
000055.SZ,000055,20251209,134806770,0,33019034,0,B,42800,200,
000055.SZ,000055,20251209,134807970,0,33020871,0,S,42900,300,
000055.SZ,000055,20251209,134814440,0,33031475,0,S,42800,2600,
000055.SZ,000055,20251209,134816270,0,33034508,0,B,43000,300,
000055.SZ,000055,20251209,134818620,0,33038361,0,B,42700,8000,
000055.SZ,000055,20251209,134827330,0,33053743,0,B,42800,2000,
000055.SZ,000055,20251209,134830960,0,33059628,0,S,42900,5000,
000055.SZ,000055,20251209,134846790,0,33089269,0,S,42800,2600,
000055.SZ,000055,20251209,134846800,0,33089291,0,B,42800,7000,
000055.SZ,000055,20251209,134846800,0,33089296,0,B,42800,10600,
000055.SZ,000055,20251209,134846810,0,33089304,0,S,42800,200,
000055.SZ,000055,20251209,134846810,0,33089316,0,S,42800,200,
000055.SZ,000055,20251209,134849170,0,33092869,0,B,43000,300,
000055.SZ,000055,20251209,134854830,0,33103173,0,B,42800,200,
000055.SZ,000055,20251209,134903180,0,33120342,0,S,42800,2600,
000055.SZ,000055,20251209,134903190,0,33120395,0,B,42800,10300,
000055.SZ,000055,20251209,134903200,0,33120405,0,B,42800,7000,
000055.SZ,000055,20251209,134909100,0,33132966,0,B,42800,1000,
000055.SZ,000055,20251209,134919950,0,33155190,0,S,42800,2600,
000055.SZ,000055,20251209,134919970,0,33155225,0,B,42700,400,
000055.SZ,000055,20251209,134921170,0,33157377,0,B,42800,100,
000055.SZ,000055,20251209,134921280,0,33157773,0,B,42700,200,
000055.SZ,000055,20251209,134921310,0,33157875,0,B,42800,100,
000055.SZ,000055,20251209,134921700,0,33158857,0,S,42800,2300,
000055.SZ,000055,20251209,134921800,0,33159068,0,S,42800,100,
000055.SZ,000055,20251209,134921830,0,33159123,0,B,42800,3800,
000055.SZ,000055,20251209,134921860,0,33159165,0,B,42800,100,
000055.SZ,000055,20251209,134921860,0,33159166,0,B,42800,5100,
000055.SZ,000055,20251209,134922960,0,33161131,0,B,42700,2800,
000055.SZ,000055,20251209,134923230,0,33161651,0,B,42700,800,
000055.SZ,000055,20251209,134925180,0,33164778,0,B,43000,100,
000055.SZ,000055,20251209,134925510,0,33165262,0,B,42700,3100,
000055.SZ,000055,20251209,134930110,0,33172733,0,S,42900,300,
000055.SZ,000055,20251209,134939240,0,33187907,0,B,42800,200,
000055.SZ,000055,20251209,134940310,0,33190002,0,S,42800,2600,
000055.SZ,000055,20251209,134944830,0,33199466,0,B,42800,7000,
000055.SZ,000055,20251209,134944840,0,33199469,0,B,42800,12000,
000055.SZ,000055,20251209,134946240,0,33204647,0,B,43000,100,
000055.SZ,000055,20251209,134952930,0,33222522,0,B,42800,2600,
000055.SZ,000055,20251209,134952930,0,33222523,0,B,42800,1300,
000055.SZ,000055,20251209,134954740,0,33225973,0,S,42800,1500,
000055.SZ,000055,20251209,134956800,0,33229987,0,S,42800,2600,
000055.SZ,000055,20251209,134956800,0,33229996,0,B,42800,200,
000055.SZ,000055,20251209,134956820,0,33230018,0,B,42800,9800,
000055.SZ,000055,20251209,134956820,0,33230021,0,B,42800,7000,
000055.SZ,000055,20251209,134958280,0,33233427,0,B,43000,100,
000055.SZ,000055,20251209,135001520,0,33245539,0,B,42900,2000,
000055.SZ,000055,20251209,135006160,0,33257732,0,S,42800,4600,
000055.SZ,000055,20251209,135010290,0,33266956,0,B,42800,7000,
000055.SZ,000055,20251209,135010310,0,33266992,0,B,42800,100,
000055.SZ,000055,20251209,135012320,0,33272090,0,S,42800,200,
000055.SZ,000055,20251209,135012330,0,33272109,0,S,42800,100,
000055.SZ,000055,20251209,135013120,0,33274211,0,S,42800,2600,
000055.SZ,000055,20251209,135013140,0,33274253,0,B,42800,14000,
000055.SZ,000055,20251209,135013140,0,33274261,0,B,42800,7000,
000055.SZ,000055,20251209,135013260,0,33274669,0,B,43000,100,
000055.SZ,000055,20251209,135016190,0,33281669,0,B,43000,100,
000055.SZ,000055,20251209,135016430,0,33282356,0,B,42800,5000,
000055.SZ,000055,20251209,135021830,0,33298371,0,B,42800,200,
000055.SZ,000055,20251209,135027240,0,33310698,0,B,42800,100,
000055.SZ,000055,20251209,135029640,0,33317723,0,S,42800,2600,
000055.SZ,000055,20251209,135043020,0,33346878,0,S,42800,100,
000055.SZ,000055,20251209,135045910,0,33352327,0,S,42800,2600,
000055.SZ,000055,20251209,135045940,0,33352428,0,B,42800,700,
000055.SZ,000055,20251209,135045980,0,33352519,0,S,42800,300,
000055.SZ,000055,20251209,135045990,0,33352546,0,S,42800,2300,
000055.SZ,000055,20251209,135046000,0,33352558,0,B,42700,300,
000055.SZ,000055,20251209,135048890,0,33358768,0,B,42800,5000,
000055.SZ,000055,20251209,135048900,0,33358781,0,S,42800,1100,
000055.SZ,000055,20251209,135048900,0,33358790,0,S,42800,2000,
000055.SZ,000055,20251209,135048940,0,33358854,0,S,42800,1100,
000055.SZ,000055,20251209,135049270,0,33359498,0,B,42900,100,
000055.SZ,000055,20251209,135052190,0,33365760,0,B,42900,100,
000055.SZ,000055,20251209,135052210,0,33365801,0,B,42800,7000,
000055.SZ,000055,20251209,135052210,0,33365804,0,B,42800,16800,
000055.SZ,000055,20251209,135052220,0,33365815,0,B,42800,100,
000055.SZ,000055,20251209,135102300,0,33389006,0,S,42800,2600,
000055.SZ,000055,20251209,135107920,0,33403038,0,S,42800,2200,
000055.SZ,000055,20251209,135108210,0,33403569,0,S,42700,2500,
000055.SZ,000055,20251209,135108520,0,33404142,0,B,42900,2400,
000055.SZ,000055,20251209,135109800,0,33407130,0,S,42700,1000,
000055.SZ,000055,20251209,135109930,0,33407330,0,S,42800,100,
000055.SZ,000055,20251209,135110280,0,33407971,0,B,43000,100,
000055.SZ,000055,20251209,135112740,0,33412776,0,B,42800,3200,
000055.SZ,000055,20251209,135112740,0,33412784,0,S,42800,3200,
000055.SZ,000055,20251209,135112790,0,33412865,0,S,42800,700,
000055.SZ,000055,20251209,135112820,0,33412887,0,S,42800,100,
000055.SZ,000055,20251209,135112860,0,33412934,0,S,42800,100,
000055.SZ,000055,20251209,135113230,0,33413722,0,B,43000,100,
000055.SZ,000055,20251209,135118290,0,33424145,0,B,42700,1000,
000055.SZ,000055,20251209,135118690,0,33425018,0,S,42700,2600,
000055.SZ,000055,20251209,135121760,0,33432022,0,S,42800,100,
000055.SZ,000055,20251209,135121770,0,33432051,0,B,42800,900,
000055.SZ,000055,20251209,135121840,0,33432187,0,S,42800,700,
000055.SZ,000055,20251209,135122200,0,33433169,0,B,42900,100,
000055.SZ,000055,20251209,135130710,0,33449838,0,S,42800,200,
000055.SZ,000055,20251209,135132990,0,33454262,0,B,42800,20000,
000055.SZ,000055,20251209,135134930,0,33458843,0,S,42800,2600,
000055.SZ,000055,20251209,135137170,0,33463880,0,B,43000,100,
000055.SZ,000055,20251209,135142790,0,33475846,0,S,42900,200,
000055.SZ,000055,20251209,135149690,0,33495204,0,B,42800,100,
000055.SZ,000055,20251209,135151410,0,33500540,0,S,42800,2600,
000055.SZ,000055,20251209,135159310,0,33521861,0,B,42800,5000,
000055.SZ,000055,20251209,135200600,0,33525050,0,B,42800,2100,
000055.SZ,000055,20251209,135204950,0,33536769,0,B,42800,2000,
000055.SZ,000055,20251209,135207790,0,33543157,0,S,42800,2600,
000055.SZ,000055,20251209,135210200,0,33547466,0,B,43000,100,
000055.SZ,000055,20251209,135212190,0,33551985,0,B,42800,600,
000055.SZ,000055,20251209,135217490,0,33563444,0,S,43000,1100,
000055.SZ,000055,20251209,135217500,0,33563461,0,S,42900,2100,
000055.SZ,000055,20251209,135222250,0,33572199,0,S,43500,2000,
000055.SZ,000055,20251209,135224160,0,33576044,0,S,42800,2600,
000055.SZ,000055,20251209,135227090,0,33581257,0,B,42900,900,
000055.SZ,000055,20251209,135228260,0,33583574,0,B,43000,100,
000055.SZ,000055,20251209,135230340,0,33587057,0,S,42800,13000,
000055.SZ,000055,20251209,135234280,0,33594446,0,B,43000,300,
000055.SZ,000055,20251209,135241380,0,33607818,0,S,42800,2600,
000055.SZ,000055,20251209,135250150,0,33622312,0,B,42700,3200,
000055.SZ,000055,20251209,135253980,0,33627713,0,B,42800,400,
000055.SZ,000055,20251209,135257730,0,33634163,0,S,42800,2600,
000055.SZ,000055,20251209,135301180,0,33640720,0,B,43000,100,
000055.SZ,000055,20251209,135307490,0,33652017,0,B,42800,13000,
000055.SZ,000055,20251209,135314170,0,33663634,0,S,42800,2600,
000055.SZ,000055,20251209,135316550,0,33666674,0,B,42900,16000,
000055.SZ,000055,20251209,135319180,0,33671514,0,B,43000,400,
000055.SZ,000055,20251209,135323560,0,33677918,0,S,42800,1500,
000055.SZ,000055,20251209,135329160,0,33686135,0,B,42800,100,
000055.SZ,000055,20251209,135330620,0,33687842,0,S,42800,2600,
000055.SZ,000055,20251209,135332330,0,33690315,0,B,42800,100,
000055.SZ,000055,20251209,135334200,0,33693127,0,B,43000,100,
000055.SZ,000055,20251209,135343460,0,33707144,0,B,42800,30000,
000055.SZ,000055,20251209,135347870,0,33714309,0,S,42800,2600,
000055.SZ,000055,20251209,135355700,0,33728067,0,B,42800,4200,
000055.SZ,000055,20251209,135405550,0,33745324,0,B,42800,10000,
000055.SZ,000055,20251209,135417140,0,33764200,0,S,42800,2600,
000055.SZ,000055,20251209,135418300,0,33766120,0,S,42900,200,
000055.SZ,000055,20251209,135424210,0,33775900,0,S,42800,2600,
000055.SZ,000055,20251209,135430480,0,33784808,0,S,42800,2600,
000055.SZ,000055,20251209,135434500,0,33792554,0,S,42800,300,
000055.SZ,000055,20251209,135436130,0,33794932,0,B,42800,1800,
000055.SZ,000055,20251209,135436290,0,33795192,0,B,42900,300,
000055.SZ,000055,20251209,135437460,0,33797154,0,S,42800,2600,
000055.SZ,000055,20251209,135443670,0,33806637,0,S,42800,2600,
000055.SZ,000055,20251209,135449300,0,33814911,0,B,42800,100,
000055.SZ,000055,20251209,135449910,0,33815859,0,S,42800,2600,
000055.SZ,000055,20251209,135456060,0,33825388,0,S,42800,2600,
000055.SZ,000055,20251209,135502280,0,33834931,0,S,42800,2600,
000055.SZ,000055,20251209,135503590,0,33837111,0,B,42800,200,
000055.SZ,000055,20251209,135503630,0,33837162,0,B,42800,100,
000055.SZ,000055,20251209,135508380,0,33845365,0,S,42800,2600,
000055.SZ,000055,20251209,135508720,0,33846026,0,B,42800,2100,
000055.SZ,000055,20251209,135515600,0,33856604,0,S,42800,2600,
000055.SZ,000055,20251209,135534950,0,33889915,0,S,42800,2600,
000055.SZ,000055,20251209,135541230,0,33901032,0,S,42800,2600,
000055.SZ,000055,20251209,135547400,0,33910031,0,S,42800,2600,
000055.SZ,000055,20251209,135600250,0,33929095,0,S,42800,5000,
000055.SZ,000055,20251209,135607100,0,33941819,0,B,42800,100,
000055.SZ,000055,20251209,135607260,0,33942089,0,S,43200,8000,
000055.SZ,000055,20251209,135616610,0,33956265,0,S,42800,2600,
000055.SZ,000055,20251209,135634550,0,33983595,0,S,42800,2600,
000055.SZ,000055,20251209,135651930,0,34007094,0,S,42800,2600,
000055.SZ,000055,20251209,135654190,0,34010510,0,S,42800,4000,
000055.SZ,000055,20251209,135654880,0,34011367,0,B,42800,100,
000055.SZ,000055,20251209,135654880,0,34011377,0,S,42800,100,
000055.SZ,000055,20251209,135654890,0,34011380,0,S,42800,100,
000055.SZ,000055,20251209,135658800,0,34017409,0,S,42800,100,
000055.SZ,000055,20251209,135701910,0,34023003,0,B,42700,10000,
000055.SZ,000055,20251209,135703300,0,34025399,0,B,42900,100,
000055.SZ,000055,20251209,135703620,0,34025825,0,B,42800,100,
000055.SZ,000055,20251209,135709350,0,34035089,0,S,42800,2600,
000055.SZ,000055,20251209,135709360,0,34035115,0,B,42800,100,
000055.SZ,000055,20251209,135709380,0,34035182,0,B,42700,6900,
000055.SZ,000055,20251209,135709380,0,34035195,0,B,42700,400,
000055.SZ,000055,20251209,135709390,0,34035203,0,S,42800,200,
000055.SZ,000055,20251209,135709390,0,34035209,0,B,42700,2000,
000055.SZ,000055,20251209,135709400,0,34035224,0,S,42800,200,
000055.SZ,000055,20251209,135709470,0,34035358,0,B,42800,100,
000055.SZ,000055,20251209,135709500,0,34035394,0,B,42800,100,
000055.SZ,000055,20251209,135712350,0,34039772,0,S,42800,200,
000055.SZ,000055,20251209,135712360,0,34039783,0,B,42800,100,
000055.SZ,000055,20251209,135712500,0,34039998,0,S,42800,2100,
000055.SZ,000055,20251209,135712540,0,34040030,0,B,42800,2000,
000055.SZ,000055,20251209,135712660,0,34040374,0,B,42800,100,
000055.SZ,000055,20251209,135712990,0,34040781,0,B,42800,100,
000055.SZ,000055,20251209,135713730,0,34042042,0,B,42800,100,
000055.SZ,000055,20251209,135713740,0,34042051,0,B,42800,100,
000055.SZ,000055,20251209,135714930,0,34043599,0,B,42700,800,
000055.SZ,000055,20251209,135720050,0,34051651,0,S,42800,100,
000055.SZ,000055,20251209,135721290,0,34053526,0,B,42800,1200,
000055.SZ,000055,20251209,135724260,0,34057947,0,B,42800,800,
000055.SZ,000055,20251209,135726660,0,34061914,0,S,42800,2600,
000055.SZ,000055,20251209,135727200,0,34062773,0,B,42800,1000,
000055.SZ,000055,20251209,135727210,0,34062787,0,B,42700,300,
000055.SZ,000055,20251209,135727210,0,34062809,0,B,42700,300,
000055.SZ,000055,20251209,135730160,0,34067152,0,B,42800,6100,
000055.SZ,000055,20251209,135742210,0,34085558,0,B,42800,300,
000055.SZ,000055,20251209,135742210,0,34085559,0,B,42800,3900,
000055.SZ,000055,20251209,135742210,0,34085567,0,B,42800,1300,
000055.SZ,000055,20251209,135744030,0,34088353,0,S,42800,2600,
000055.SZ,000055,20251209,135744600,0,34089136,0,B,42800,500,
000055.SZ,000055,20251209,135751500,0,34101129,0,S,43000,1800,
000055.SZ,000055,20251209,135801610,0,34120681,0,S,42800,2600,
000055.SZ,000055,20251209,135852490,0,34206321,0,B,42700,1100,
000055.SZ,000055,20251209,135911360,0,34238022,0,S,42500,100,
000055.SZ,000055,20251209,135911710,0,34238583,0,S,42500,100,
000055.SZ,000055,20251209,135917910,0,34250513,0,S,42500,100,
000055.SZ,000055,20251209,135921390,0,34257215,0,S,42500,100,
000055.SZ,000055,20251209,135921660,0,34257692,0,S,42500,100,
000055.SZ,000055,20251209,135923480,0,34261074,0,S,42400,100,
000055.SZ,000055,20251209,135927920,0,34268281,0,S,42900,100,
000055.SZ,000055,20251209,135930390,0,34272327,0,S,42400,100,
000055.SZ,000055,20251209,135931320,0,34274887,0,S,42700,100,
000055.SZ,000055,20251209,135931340,0,34274920,0,B,42700,3100,
000055.SZ,000055,20251209,135931490,0,34275389,0,S,42400,100,
000055.SZ,000055,20251209,135931820,0,34276052,0,S,42400,100,
000055.SZ,000055,20251209,135936370,0,34286017,0,S,42400,300,
000055.SZ,000055,20251209,135936460,0,34286231,0,S,42400,100,
000055.SZ,000055,20251209,135936590,0,34286503,0,S,42400,100,
000055.SZ,000055,20251209,135936940,0,34287319,0,S,42400,100,
000055.SZ,000055,20251209,135937150,0,34287987,0,S,42400,100,
000055.SZ,000055,20251209,135939140,0,34292126,0,S,42900,1300,
000055.SZ,000055,20251209,135941420,0,34296422,0,S,42400,100,
000055.SZ,000055,20251209,135941440,0,34296446,0,S,42700,100,
000055.SZ,000055,20251209,135941520,0,34296553,0,S,42400,200,
000055.SZ,000055,20251209,135941590,0,34296662,0,S,42400,100,
000055.SZ,000055,20251209,135941670,0,34296763,0,S,42400,200,
000055.SZ,000055,20251209,135942510,0,34297978,0,S,42400,100,
000055.SZ,000055,20251209,135942780,0,34298438,0,S,42900,100,
000055.SZ,000055,20251209,135943550,0,34299703,0,S,42400,100,
000055.SZ,000055,20251209,135946530,0,34304388,0,S,42400,100,
000055.SZ,000055,20251209,135952570,0,34313221,0,S,42900,2700,
000055.SZ,000055,20251209,135954480,0,34315398,0,S,42700,2600,
000055.SZ,000055,20251209,140013570,0,34348246,0,S,42700,2600,
000055.SZ,000055,20251209,140024620,0,34371246,0,S,42700,900,
000055.SZ,000055,20251209,140029980,0,34381482,0,S,42700,2600,
000055.SZ,000055,20251209,140029990,0,34381509,0,B,42800,100,
000055.SZ,000055,20251209,140030030,0,34381597,0,B,42800,5700,
000055.SZ,000055,20251209,140030120,0,34381741,0,S,42900,700,
000055.SZ,000055,20251209,140030130,0,34381758,0,S,42800,100,
000055.SZ,000055,20251209,140030140,0,34381800,0,S,42800,100,
000055.SZ,000055,20251209,140030160,0,34381834,0,S,42800,800,
000055.SZ,000055,20251209,140030170,0,34381843,0,S,42800,3600,
000055.SZ,000055,20251209,140030190,0,34381871,0,S,42800,100,
000055.SZ,000055,20251209,140030310,0,34382149,0,S,42800,100,
000055.SZ,000055,20251209,140030890,0,34383490,0,S,42800,1700,
000055.SZ,000055,20251209,140030890,0,34383503,0,B,42800,700,
000055.SZ,000055,20251209,140030940,0,34383556,0,B,42800,200,
000055.SZ,000055,20251209,140042210,0,34409977,0,B,42800,600,
000055.SZ,000055,20251209,140045810,0,34419128,0,S,43100,3800,
000055.SZ,000055,20251209,140046220,0,34419936,0,S,42800,2600,
000055.SZ,000055,20251209,140046270,0,34420041,0,B,42800,900,
000055.SZ,000055,20251209,140046570,0,34420631,0,B,42700,1600,
000055.SZ,000055,20251209,140048550,0,34425471,0,S,42800,100,
000055.SZ,000055,20251209,140048840,0,34425966,0,S,42800,2000,
000055.SZ,000055,20251209,140051150,0,34431374,0,S,42800,400,
000055.SZ,000055,20251209,140051150,0,34431379,0,S,42800,100,
000055.SZ,000055,20251209,140051320,0,34431847,0,B,42800,3500,
000055.SZ,000055,20251209,140051610,0,34432837,0,S,42800,7000,
000055.SZ,000055,20251209,140051990,0,34433716,0,S,42800,1000,
000055.SZ,000055,20251209,140052100,0,34434026,0,S,42800,1200,
000055.SZ,000055,20251209,140052600,0,34435359,0,S,42800,1000,
000055.SZ,000055,20251209,140054610,0,34440151,0,S,42800,6000,
000055.SZ,000055,20251209,140055100,0,34441218,0,S,42800,1000,
000055.SZ,000055,20251209,140055110,0,34441244,0,S,42800,1300,
000055.SZ,000055,20251209,140057610,0,34445837,0,S,42800,3000,
000055.SZ,000055,20251209,140057950,0,34446627,0,S,42800,1200,
000055.SZ,000055,20251209,140058100,0,34447097,0,S,42800,1000,
000055.SZ,000055,20251209,140058590,0,34448285,0,S,42800,1000,
000055.SZ,000055,20251209,140100510,0,34451744,0,S,42800,1000,
000055.SZ,000055,20251209,140102050,0,34455350,0,B,42700,100,
000055.SZ,000055,20251209,140103590,0,34458110,0,S,42800,2000,
000055.SZ,000055,20251209,140103600,0,34458123,0,S,42700,2600,
000055.SZ,000055,20251209,140103700,0,34458453,0,B,42700,1700,
000055.SZ,000055,20251209,140105990,0,34462889,0,S,43000,600,
000055.SZ,000055,20251209,140109230,0,34470414,0,S,42800,100,
000055.SZ,000055,20251209,140112790,0,34477346,0,B,42700,2300,
000055.SZ,000055,20251209,140115590,0,34482304,0,B,42700,100,
000055.SZ,000055,20251209,140118380,0,34488164,0,S,43200,6400,
000055.SZ,000055,20251209,140118550,0,34488528,0,S,43000,4900,
000055.SZ,000055,20251209,140120860,0,34493597,0,S,42700,2600,
000055.SZ,000055,20251209,140126640,0,34510620,0,B,42700,30000,
000055.SZ,000055,20251209,140128430,0,34516744,0,S,42900,3000,
000055.SZ,000055,20251209,140137560,0,34546491,0,S,42700,2600,
000055.SZ,000055,20251209,140148680,0,34587931,0,S,42700,1200,
000055.SZ,000055,20251209,140154000,0,34599181,0,B,42500,1100,
000055.SZ,000055,20251209,140159640,0,34610737,0,S,42700,2600,
000055.SZ,000055,20251209,140159660,0,34610769,0,B,42700,300,
000055.SZ,000055,20251209,140206510,0,34627174,0,S,42900,9800,
000055.SZ,000055,20251209,140212050,0,34645735,0,B,42700,100,
000055.SZ,000055,20251209,140216270,0,34657310,0,S,42700,2600,
000055.SZ,000055,20251209,140216280,0,34657340,0,B,42700,300,
000055.SZ,000055,20251209,140218790,0,34663521,0,B,42700,4700,
000055.SZ,000055,20251209,140232930,0,34689135,0,S,42500,1500,
000055.SZ,000055,20251209,140235640,0,34693503,0,S,42700,2600,
000055.SZ,000055,20251209,140252080,0,34733618,0,S,42700,2600,
000055.SZ,000055,20251209,140311460,0,34786923,0,S,42900,4900,
000055.SZ,000055,20251209,140314170,0,34808144,0,S,42700,2600,
000055.SZ,000055,20251209,140314390,0,34809173,0,B,42800,100,
000055.SZ,000055,20251209,140326090,0,34842047,0,B,42800,3300,
000055.SZ,000055,20251209,140330820,0,34851100,0,B,42800,900,
000055.SZ,000055,20251209,140333790,0,34856533,0,S,42800,100,
000055.SZ,000055,20251209,140336640,0,34861506,0,B,42600,600,
000055.SZ,000055,20251209,140336670,0,34861543,0,S,42700,2600,
000055.SZ,000055,20251209,140336950,0,34862039,0,S,42800,1200,
000055.SZ,000055,20251209,140339360,0,34866155,0,B,42700,300,
000055.SZ,000055,20251209,140341400,0,34869217,0,S,43000,600,
000055.SZ,000055,20251209,140342300,0,34870675,0,S,42800,100,
000055.SZ,000055,20251209,140342590,0,34871167,0,S,42800,3000,
000055.SZ,000055,20251209,140342760,0,34871437,0,S,42800,1300,
000055.SZ,000055,20251209,140345890,0,34876921,0,S,42800,1300,
000055.SZ,000055,20251209,140345910,0,34876950,0,S,42800,1200,
000055.SZ,000055,20251209,140346900,0,34878753,0,B,42700,200,
000055.SZ,000055,20251209,140347040,0,34878999,0,S,43000,4900,
000055.SZ,000055,20251209,140348190,0,34881297,0,S,42800,1000,
000055.SZ,000055,20251209,140353980,0,34891874,0,S,42700,2600,
000055.SZ,000055,20251209,140406830,0,34913794,0,B,42800,100,
000055.SZ,000055,20251209,140409150,0,34918551,0,B,42700,500,
000055.SZ,000055,20251209,140410710,0,34922031,0,S,42700,2600,
000055.SZ,000055,20251209,140415410,0,34930571,0,B,42700,100,
000055.SZ,000055,20251209,140416160,0,34932059,0,B,42800,10000,
000055.SZ,000055,20251209,140421840,0,34942082,0,S,42900,1000,
000055.SZ,000055,20251209,140421850,0,34942091,0,B,42800,100,
000055.SZ,000055,20251209,140430600,0,34956122,0,S,42800,2100,
000055.SZ,000055,20251209,140430760,0,34956397,0,S,42800,1300,
000055.SZ,000055,20251209,140431100,0,34956940,0,S,42700,2600,
000055.SZ,000055,20251209,140431130,0,34957027,0,S,42700,300,
000055.SZ,000055,20251209,140431150,0,34957056,0,S,42700,300,
000055.SZ,000055,20251209,140431800,0,34958178,0,B,42700,800,
000055.SZ,000055,20251209,140433700,0,34960744,0,B,42700,100,
000055.SZ,000055,20251209,140436900,0,34965696,0,S,42800,1300,
000055.SZ,000055,20251209,140436950,0,34965757,0,S,42800,1200,
000055.SZ,000055,20251209,140437760,0,34967236,0,S,42800,1500,
000055.SZ,000055,20251209,140445190,0,34978136,0,S,42800,100,
000055.SZ,000055,20251209,140448090,0,34982419,0,S,42700,2600,
000055.SZ,000055,20251209,140504740,0,35007296,0,S,42700,2600,
000055.SZ,000055,20251209,140505900,0,35009565,0,B,42800,1700,
000055.SZ,000055,20251209,140512010,0,35019101,0,B,42800,1100,
000055.SZ,000055,20251209,140521210,0,35036745,0,S,42700,2600,
000055.SZ,000055,20251209,140521220,0,35036765,0,S,42800,100,
000055.SZ,000055,20251209,140542350,0,35082492,0,S,42700,2600,
000055.SZ,000055,20251209,140544880,0,35087833,0,B,42600,1700,
000055.SZ,000055,20251209,140545420,0,35088939,0,B,42700,500,
000055.SZ,000055,20251209,140548170,0,35094396,0,B,42700,2300,
000055.SZ,000055,20251209,140551780,0,35102044,0,B,42700,4000,
000055.SZ,000055,20251209,140551830,0,35102219,0,B,42800,600,
000055.SZ,000055,20251209,140558320,0,35114041,0,B,42700,100,
000055.SZ,000055,20251209,140559090,0,35115323,0,S,42700,2600,
000055.SZ,000055,20251209,140559520,0,35115910,0,S,42800,2700,
000055.SZ,000055,20251209,140559710,0,35116177,0,B,42600,600,
000055.SZ,000055,20251209,140559710,0,35116178,0,S,42800,600,
000055.SZ,000055,20251209,140616510,0,35151291,0,S,42700,2600,
000055.SZ,000055,20251209,140618260,0,35154194,0,B,42700,2300,
000055.SZ,000055,20251209,140621210,0,35159556,0,S,42800,100,
000055.SZ,000055,20251209,140621230,0,35159567,0,B,42800,200,
000055.SZ,000055,20251209,140626980,0,35176437,0,S,42800,5000,
000055.SZ,000055,20251209,140633510,0,35189035,0,B,42700,3000,
000055.SZ,000055,20251209,140634770,0,35191491,0,S,42700,2600,
000055.SZ,000055,20251209,140636020,0,35193632,0,B,42700,100,
000055.SZ,000055,20251209,140642860,0,35205161,0,S,42700,100,
000055.SZ,000055,20251209,140642860,0,35205163,0,S,42700,100,
000055.SZ,000055,20251209,140642860,0,35205165,0,S,42700,200,
000055.SZ,000055,20251209,140642870,0,35205169,0,S,42700,200,
000055.SZ,000055,20251209,140642870,0,35205171,0,S,42700,1500,
000055.SZ,000055,20251209,140642870,0,35205173,0,S,42700,2000,
000055.SZ,000055,20251209,140642870,0,35205175,0,S,42700,200,
000055.SZ,000055,20251209,140642870,0,35205177,0,S,42700,300,
000055.SZ,000055,20251209,140642880,0,35205181,0,S,42700,300,
000055.SZ,000055,20251209,140651190,0,35217217,0,S,42700,2600,
000055.SZ,000055,20251209,140700410,0,35231270,0,B,42700,100,
000055.SZ,000055,20251209,140700590,0,35231757,0,S,42700,4200,
000055.SZ,000055,20251209,140702630,0,35235763,0,B,42700,300,
000055.SZ,000055,20251209,140703320,0,35236883,0,B,42700,1000,
000055.SZ,000055,20251209,140703610,0,35237398,0,B,42700,100,
000055.SZ,000055,20251209,140708240,0,35245384,0,B,42800,100,
000055.SZ,000055,20251209,140708240,0,35245393,0,S,42700,2600,
000055.SZ,000055,20251209,140711910,0,35250712,0,B,42700,300,
000055.SZ,000055,20251209,140713940,0,35253740,0,S,42900,2400,
000055.SZ,000055,20251209,140714500,0,35254496,0,S,42900,4900,
000055.SZ,000055,20251209,140720780,0,35264521,0,B,42700,5000,
000055.SZ,000055,20251209,140725080,0,35272771,0,S,42700,2600,
000055.SZ,000055,20251209,140725080,0,35272781,0,S,42800,300,
000055.SZ,000055,20251209,140732400,0,35284740,0,B,42800,200,
000055.SZ,000055,20251209,140747100,0,35308777,0,S,42700,100,
000055.SZ,000055,20251209,140747120,0,35308807,0,B,42700,100,
000055.SZ,000055,20251209,140748790,0,35311039,0,B,42600,4400,
000055.SZ,000055,20251209,140759630,0,35330978,0,B,42700,5300,
000055.SZ,000055,20251209,140800530,0,35332807,0,B,42700,300,
000055.SZ,000055,20251209,140801370,0,35334388,0,B,42700,100,
000055.SZ,000055,20251209,140801450,0,35334496,0,B,42700,100,
000055.SZ,000055,20251209,140807250,0,35344400,0,B,42700,100,
000055.SZ,000055,20251209,140815160,0,35357429,0,B,42700,100,
000055.SZ,000055,20251209,140815430,0,35357971,0,B,42700,100,
000055.SZ,000055,20251209,140817390,0,35362204,0,B,42700,100,
000055.SZ,000055,20251209,140820940,0,35368533,0,B,42700,300,
000055.SZ,000055,20251209,140821510,0,35369664,0,S,44500,600,
000055.SZ,000055,20251209,140825150,0,35375310,0,S,42700,500,
000055.SZ,000055,20251209,140828610,0,35381704,0,S,43400,3000,
000055.SZ,000055,20251209,140907850,0,35435000,0,B,42700,200,
000055.SZ,000055,20251209,140907860,0,35435011,0,S,42800,2100,
000055.SZ,000055,20251209,140915430,0,35445062,0,S,42700,2600,
000055.SZ,000055,20251209,140923740,0,35456822,0,B,42800,100,
000055.SZ,000055,20251209,140923770,0,35456865,0,B,42800,100,
000055.SZ,000055,20251209,140923790,0,35456888,0,B,42800,100,
000055.SZ,000055,20251209,140931520,0,35470328,0,S,42700,2600,
000055.SZ,000055,20251209,140931630,0,35470555,0,B,42800,600,
000055.SZ,000055,20251209,140931760,0,35470766,0,B,42700,100,
000055.SZ,000055,20251209,140931810,0,35470853,0,B,42800,600,
000055.SZ,000055,20251209,140932600,0,35472325,0,B,42700,100,
000055.SZ,000055,20251209,140937100,0,35480612,0,B,42700,200,
000055.SZ,000055,20251209,140937500,0,35481350,0,B,42800,300,
000055.SZ,000055,20251209,140937740,0,35481911,0,B,42800,300,
000055.SZ,000055,20251209,140939200,0,35484160,0,B,42700,200,
000055.SZ,000055,20251209,140939210,0,35484186,0,B,42800,100,
000055.SZ,000055,20251209,140939220,0,35484197,0,S,42700,100,
000055.SZ,000055,20251209,140940180,0,35485770,0,S,42800,5600,
000055.SZ,000055,20251209,140940250,0,35485857,0,B,42800,500,
000055.SZ,000055,20251209,140947490,0,35496997,0,S,42700,2600,
000055.SZ,000055,20251209,140949330,0,35499980,0,B,42800,100,
000055.SZ,000055,20251209,141003810,0,35520258,0,S,42700,2600,
000055.SZ,000055,20251209,141003820,0,35520277,0,S,42700,100,
000055.SZ,000055,20251209,141011280,0,35533892,0,B,42800,200,
000055.SZ,000055,20251209,141020600,0,35553957,0,S,42700,2600,
000055.SZ,000055,20251209,141024190,0,35562551,0,B,42700,400,
000055.SZ,000055,20251209,141024190,0,35562560,0,S,42800,100,
000055.SZ,000055,20251209,141036930,0,35585906,0,S,42700,2600,
000055.SZ,000055,20251209,141039180,0,35589462,0,B,42700,2300,
000055.SZ,000055,20251209,141044490,0,35598172,0,S,42800,6000,
000055.SZ,000055,20251209,141044580,0,35598267,0,S,42800,700,
000055.SZ,000055,20251209,141055900,0,35617768,0,S,42700,2600,
000055.SZ,000055,20251209,141056780,0,35618944,0,S,42700,2200,
000055.SZ,000055,20251209,141100460,0,35624930,0,B,42700,100,
000055.SZ,000055,20251209,141111970,0,35644239,0,S,42700,1000,
000055.SZ,000055,20251209,141112780,0,35645625,0,S,42700,2600,
000055.SZ,000055,20251209,141126580,0,35664970,0,S,42800,5200,
000055.SZ,000055,20251209,141127150,0,35665982,0,S,42800,100,
000055.SZ,000055,20251209,141128850,0,35668396,0,S,42700,2600,
000055.SZ,000055,20251209,141136410,0,35682762,0,S,42700,100,
000055.SZ,000055,20251209,141140410,0,35690318,0,S,42700,700,
000055.SZ,000055,20251209,141140820,0,35690985,0,S,42700,100,
000055.SZ,000055,20251209,141144940,0,35697279,0,S,42700,2600,
000055.SZ,000055,20251209,141144940,0,35697286,0,S,42700,100,
000055.SZ,000055,20251209,141201310,0,35744671,0,S,42700,2600,
000055.SZ,000055,20251209,141202030,0,35748560,0,B,42800,100,
000055.SZ,000055,20251209,141203760,0,35756834,0,S,42700,100,
000055.SZ,000055,20251209,141209330,0,35776895,0,S,42800,2700,
000055.SZ,000055,20251209,141211480,0,35781549,0,S,42700,1000,
000055.SZ,000055,20251209,141212410,0,35783152,0,S,43100,4100,
000055.SZ,000055,20251209,141212420,0,35783161,0,S,42800,15000,
000055.SZ,000055,20251209,141215910,0,35789859,0,S,42700,200,
000055.SZ,000055,20251209,141216670,0,35791417,0,S,42500,4100,
000055.SZ,000055,20251209,141222640,0,35803210,0,S,42700,2600,
000055.SZ,000055,20251209,141227900,0,35812382,0,B,42700,200,
000055.SZ,000055,20251209,141231680,0,35818405,0,B,42900,1000,
000055.SZ,000055,20251209,141231700,0,35818449,0,B,42700,300,
000055.SZ,000055,20251209,141238780,0,35831421,0,S,42700,2600,
000055.SZ,000055,20251209,141253960,0,35857766,0,B,42800,100,
000055.SZ,000055,20251209,141255870,0,35861444,0,S,42700,2600,
000055.SZ,000055,20251209,141255900,0,35861500,0,B,42800,100,
000055.SZ,000055,20251209,141255900,0,35861504,0,S,42700,100,
000055.SZ,000055,20251209,141304590,0,35878231,0,B,42700,5300,
000055.SZ,000055,20251209,141312210,0,35894487,0,S,42700,2600,
000055.SZ,000055,20251209,141315620,0,35900053,0,B,42700,100,
000055.SZ,000055,20251209,141328510,0,35920254,0,S,42700,2600,
000055.SZ,000055,20251209,141344610,0,35945646,0,S,42700,2600,
000055.SZ,000055,20251209,141400860,0,35971440,0,S,42700,2600,
000055.SZ,000055,20251209,141405500,0,35981288,0,S,42700,14300,
000055.SZ,000055,20251209,141405510,0,35981301,0,S,42700,100,
000055.SZ,000055,20251209,141406150,0,35982275,0,S,42800,200,
000055.SZ,000055,20251209,141412130,0,35994584,0,S,42800,2400,
000055.SZ,000055,20251209,141415200,0,36000608,0,B,42700,16000,
000055.SZ,000055,20251209,141416960,0,36004989,0,S,42700,2600,
000055.SZ,000055,20251209,141420530,0,36013649,0,S,42700,21700,
000055.SZ,000055,20251209,141420560,0,36013830,0,S,42700,400,
000055.SZ,000055,20251209,141420560,0,36013837,0,S,42700,700,
000055.SZ,000055,20251209,141420570,0,36013864,0,S,42700,100,
000055.SZ,000055,20251209,141420570,0,36013869,0,S,42700,300,
000055.SZ,000055,20251209,141420570,0,36013890,0,S,42700,100,
000055.SZ,000055,20251209,141420570,0,36013893,0,S,42700,100,
000055.SZ,000055,20251209,141420570,0,36013899,0,S,42700,500,
000055.SZ,000055,20251209,141420570,0,36013901,0,S,42700,600,
000055.SZ,000055,20251209,141420570,0,36013907,0,S,42700,200,
000055.SZ,000055,20251209,141420580,0,36013913,0,S,42700,200,
000055.SZ,000055,20251209,141420580,0,36013915,0,S,42700,100,
000055.SZ,000055,20251209,141420580,0,36013918,0,S,42700,100,
000055.SZ,000055,20251209,141420580,0,36013920,0,S,42700,300,
000055.SZ,000055,20251209,141420580,0,36013924,0,S,42700,200,
000055.SZ,000055,20251209,141420580,0,36013926,0,S,42700,200,
000055.SZ,000055,20251209,141420580,0,36013928,0,S,42700,300,
000055.SZ,000055,20251209,141420580,0,36013930,0,S,42700,100,
000055.SZ,000055,20251209,141420580,0,36013932,0,S,42700,100,
000055.SZ,000055,20251209,141420580,0,36013935,0,S,42700,100,
000055.SZ,000055,20251209,141420580,0,36013938,0,S,42700,500,
000055.SZ,000055,20251209,141420580,0,36013941,0,S,42700,200,
000055.SZ,000055,20251209,141420580,0,36013943,0,S,42700,100,
000055.SZ,000055,20251209,141420580,0,36013946,0,S,42700,100,
000055.SZ,000055,20251209,141420580,0,36013949,0,S,42700,200,
000055.SZ,000055,20251209,141420590,0,36013952,0,S,42700,300,
000055.SZ,000055,20251209,141420590,0,36013954,0,S,42700,500,
000055.SZ,000055,20251209,141420590,0,36013956,0,S,42700,100,
000055.SZ,000055,20251209,141420590,0,36013959,0,S,42700,400,
000055.SZ,000055,20251209,141420590,0,36013973,0,S,42700,100,
000055.SZ,000055,20251209,141420590,0,36013976,0,S,42700,200,
000055.SZ,000055,20251209,141420590,0,36013978,0,S,42700,200,
000055.SZ,000055,20251209,141420590,0,36013986,0,S,42700,200,
000055.SZ,000055,20251209,141420590,0,36013990,0,S,42700,100,
000055.SZ,000055,20251209,141420590,0,36013994,0,S,42700,300,
000055.SZ,000055,20251209,141420600,0,36014016,0,S,42700,300,
000055.SZ,000055,20251209,141420600,0,36014027,0,S,42700,100,
000055.SZ,000055,20251209,141425620,0,36027635,0,B,42600,2000,
000055.SZ,000055,20251209,141432820,0,36041316,0,B,42700,1400,
000055.SZ,000055,20251209,141433010,0,36041632,0,B,42500,500,
000055.SZ,000055,20251209,141434300,0,36044079,0,S,42700,2600,
000055.SZ,000055,20251209,141450470,0,36071203,0,S,42800,1300,
000055.SZ,000055,20251209,141450470,0,36071206,0,S,42700,2600,
000055.SZ,000055,20251209,141500130,0,36087615,0,S,42800,11700,
000055.SZ,000055,20251209,141500230,0,36087792,0,S,42800,500,
000055.SZ,000055,20251209,141503240,0,36094591,0,B,42700,600,
000055.SZ,000055,20251209,141507250,0,36102915,0,S,42800,1000,
000055.SZ,000055,20251209,141508920,0,36105938,0,S,42700,2600,
000055.SZ,000055,20251209,141523520,0,36132548,0,B,42700,100,
000055.SZ,000055,20251209,141526830,0,36138837,0,S,42700,2600,
000055.SZ,000055,20251209,141527690,0,36140580,0,S,42700,100,
000055.SZ,000055,20251209,141527700,0,36140596,0,S,42700,100,
000055.SZ,000055,20251209,141527810,0,36140903,0,S,42700,100,
000055.SZ,000055,20251209,141535130,0,36158038,0,S,42800,800,
000055.SZ,000055,20251209,141535140,0,36158049,0,S,42700,2900,
000055.SZ,000055,20251209,141535140,0,36158071,0,B,42700,100,
000055.SZ,000055,20251209,141535170,0,36158175,0,S,42700,600,
000055.SZ,000055,20251209,141535480,0,36158939,0,S,42900,100,
000055.SZ,000055,20251209,141536090,0,36160170,0,S,42700,100,
000055.SZ,000055,20251209,141539260,0,36172313,0,S,42700,1100,
000055.SZ,000055,20251209,141539770,0,36174177,0,S,42700,300,
000055.SZ,000055,20251209,141540060,0,36175549,0,S,42700,48000,
000055.SZ,000055,20251209,141540060,0,36175630,0,S,42700,100,
000055.SZ,000055,20251209,141540090,0,36175879,0,S,42700,200,
000055.SZ,000055,20251209,141540090,0,36175894,0,S,42700,500,
000055.SZ,000055,20251209,141542480,0,36185041,0,S,42800,100,
000055.SZ,000055,20251209,141542590,0,36185600,0,S,42700,2900,
000055.SZ,000055,20251209,141543810,0,36191448,0,S,42700,100,
000055.SZ,000055,20251209,141544200,0,36193141,0,S,42700,5600,
000055.SZ,000055,20251209,141547910,0,36206657,0,S,42600,2600,
000055.SZ,000055,20251209,141548880,0,36210136,0,B,42700,800,
000055.SZ,000055,20251209,141550280,0,36214108,0,B,42700,800,
000055.SZ,000055,20251209,141550280,0,36214120,0,B,42600,200,
000055.SZ,000055,20251209,141550360,0,36214318,0,B,42600,200,
000055.SZ,000055,20251209,141551210,0,36216092,0,B,42600,200,
000055.SZ,000055,20251209,141551220,0,36216106,0,B,42600,300,
000055.SZ,000055,20251209,141551250,0,36216175,0,B,42600,200,
000055.SZ,000055,20251209,141556870,0,36228007,0,B,42700,1600,
000055.SZ,000055,20251209,141603900,0,36244836,0,S,42700,1200,
000055.SZ,000055,20251209,141607400,0,36252939,0,S,42700,3200,
000055.SZ,000055,20251209,141609070,0,36256117,0,S,42600,2600,
000055.SZ,000055,20251209,141610000,0,36257874,0,S,43400,2400,
000055.SZ,000055,20251209,141618530,0,36272340,0,B,42200,5000,
000055.SZ,000055,20251209,141621150,0,36276222,0,B,42600,1900,
000055.SZ,000055,20251209,141621160,0,36276229,0,B,42600,2300,
000055.SZ,000055,20251209,141625880,0,36283478,0,S,42600,2600,
000055.SZ,000055,20251209,141627350,0,36285833,0,B,42600,39400,
000055.SZ,000055,20251209,141627970,0,36286779,0,S,42700,100,
000055.SZ,000055,20251209,141629270,0,36288853,0,S,42800,200,
000055.SZ,000055,20251209,141637490,0,36302096,0,S,42900,6000,
000055.SZ,000055,20251209,141642840,0,36310114,0,S,42600,2600,
000055.SZ,000055,20251209,141643550,0,36311358,0,S,42700,100,
000055.SZ,000055,20251209,141648140,0,36318218,0,B,42600,7000,
000055.SZ,000055,20251209,141658910,0,36335886,0,S,42600,2600,
000055.SZ,000055,20251209,141659780,0,36337223,0,B,41900,1000,
000055.SZ,000055,20251209,141701980,0,36342147,0,S,42800,4900,
000055.SZ,000055,20251209,141715350,0,36365902,0,S,42600,2600,
000055.SZ,000055,20251209,141719520,0,36372962,0,S,42700,200,
000055.SZ,000055,20251209,141723410,0,36378581,0,S,42800,5000,
000055.SZ,000055,20251209,141730140,0,36388640,0,B,42600,3000,
000055.SZ,000055,20251209,141731560,0,36390955,0,S,42600,2600,
000055.SZ,000055,20251209,141748630,0,36420283,0,S,42600,2600,
000055.SZ,000055,20251209,141804980,0,36450024,0,S,42600,2600,
000055.SZ,000055,20251209,141805590,0,36451148,0,S,42700,6000,
000055.SZ,000055,20251209,141807610,0,36454540,0,S,42600,31700,
000055.SZ,000055,20251209,141809150,0,36456785,0,S,42700,200,
000055.SZ,000055,20251209,141809230,0,36456905,0,S,42600,100,
000055.SZ,000055,20251209,141809500,0,36457365,0,S,42700,100,
000055.SZ,000055,20251209,141810860,0,36459294,0,B,42500,10000,
000055.SZ,000055,20251209,141814110,0,36464626,0,S,43100,100,
000055.SZ,000055,20251209,141814120,0,36464641,0,S,42700,2100,
000055.SZ,000055,20251209,141815760,0,36467092,0,B,42600,100,
000055.SZ,000055,20251209,141817480,0,36469794,0,B,42700,4200,
000055.SZ,000055,20251209,141823400,0,36485068,0,S,42600,2600,
000055.SZ,000055,20251209,141841840,0,36515664,0,B,42600,4700,
000055.SZ,000055,20251209,141926920,0,36593588,0,B,42200,200,
000055.SZ,000055,20251209,141929800,0,36598157,0,S,42700,2400,
000055.SZ,000055,20251209,141930510,0,36599367,0,B,42700,300,
000055.SZ,000055,20251209,141932390,0,36602864,0,B,42500,300,
000055.SZ,000055,20251209,141944370,0,36621479,0,B,42600,1000,
000055.SZ,000055,20251209,141951410,0,36632416,0,B,42600,100,
000055.SZ,000055,20251209,142000150,0,36646978,0,S,42700,7000,
000055.SZ,000055,20251209,142007700,0,36664210,0,S,42700,100,
000055.SZ,000055,20251209,142008940,0,36666080,0,B,42700,2700,
000055.SZ,000055,20251209,142015120,0,36676764,0,S,42600,200,
000055.SZ,000055,20251209,142019890,0,36687478,0,S,42600,400,
000055.SZ,000055,20251209,142023080,0,36692913,0,B,42700,100,
000055.SZ,000055,20251209,142027420,0,36701794,0,B,42700,17000,
000055.SZ,000055,20251209,142027430,0,36701815,0,B,42700,4900,
000055.SZ,000055,20251209,142027430,0,36701818,0,B,42700,4900,
000055.SZ,000055,20251209,142027460,0,36701874,0,S,42700,4900,
000055.SZ,000055,20251209,142027480,0,36701935,0,S,42700,600,
000055.SZ,000055,20251209,142030160,0,36707092,0,B,42700,200,
000055.SZ,000055,20251209,142030160,0,36707098,0,B,42700,100,
000055.SZ,000055,20251209,142030160,0,36707102,0,B,42700,100,
000055.SZ,000055,20251209,142030160,0,36707108,0,B,42700,100,
000055.SZ,000055,20251209,142030190,0,36707215,0,B,42600,400,
000055.SZ,000055,20251209,142030190,0,36707217,0,B,42700,100,
000055.SZ,000055,20251209,142030190,0,36707232,0,B,42600,200,
000055.SZ,000055,20251209,142030220,0,36707277,0,B,42700,400,
000055.SZ,000055,20251209,142031150,0,36709400,0,S,42700,1800,
000055.SZ,000055,20251209,142031160,0,36709417,0,B,42600,300,
000055.SZ,000055,20251209,142031190,0,36709548,0,S,42700,100,
000055.SZ,000055,20251209,142031200,0,36709555,0,S,42700,100,
000055.SZ,000055,20251209,142031640,0,36710661,0,B,42600,100,
000055.SZ,000055,20251209,142034250,0,36715652,0,B,42700,14400,
000055.SZ,000055,20251209,142034250,0,36715666,0,S,42800,1700,
000055.SZ,000055,20251209,142034260,0,36715673,0,S,42700,9800,
000055.SZ,000055,20251209,142034260,0,36715702,0,S,42700,3000,
000055.SZ,000055,20251209,142034260,0,36715710,0,S,42700,3000,
000055.SZ,000055,20251209,142034260,0,36715714,0,S,42700,100,
000055.SZ,000055,20251209,142034270,0,36715726,0,S,42700,7300,
000055.SZ,000055,20251209,142034350,0,36715922,0,S,42800,700,
000055.SZ,000055,20251209,142040800,0,36726690,0,S,43000,100,
000055.SZ,000055,20251209,142043360,0,36730642,0,S,43700,300,
000055.SZ,000055,20251209,142044500,0,36732471,0,B,42700,300,
000055.SZ,000055,20251209,142051890,0,36745214,0,S,42600,4400,
000055.SZ,000055,20251209,142058600,0,36757351,0,S,42700,100,
000055.SZ,000055,20251209,142112820,0,36791669,0,B,42600,100,
000055.SZ,000055,20251209,142114400,0,36794216,0,B,43000,700,
000055.SZ,000055,20251209,142115290,0,36795557,0,B,42700,800,
000055.SZ,000055,20251209,142115740,0,36796331,0,S,42700,8000,
000055.SZ,000055,20251209,142115750,0,36796350,0,B,42700,100,
000055.SZ,000055,20251209,142122170,0,36807246,0,B,42700,5400,
000055.SZ,000055,20251209,142124700,0,36811348,0,B,42700,2000,
000055.SZ,000055,20251209,142124890,0,36811633,0,B,42700,100,
000055.SZ,000055,20251209,142125040,0,36811940,0,B,42700,200,
000055.SZ,000055,20251209,142125300,0,36812482,0,B,42700,100,
000055.SZ,000055,20251209,142126640,0,36814684,0,B,42700,100,
000055.SZ,000055,20251209,142130510,0,36821550,0,B,42700,400,
000055.SZ,000055,20251209,142132620,0,36825245,0,S,42800,1000,
000055.SZ,000055,20251209,142133250,0,36826153,0,B,42700,100,
000055.SZ,000055,20251209,142133260,0,36826162,0,B,42700,100,
000055.SZ,000055,20251209,142133260,0,36826164,0,B,42700,100,
000055.SZ,000055,20251209,142140280,0,36839190,0,B,42600,5000,
000055.SZ,000055,20251209,142146880,0,36852725,0,S,42700,9000,
000055.SZ,000055,20251209,142151400,0,36861336,0,B,42700,3300,
000055.SZ,000055,20251209,142212910,0,36904200,0,S,42700,200,
000055.SZ,000055,20251209,142215810,0,36910023,0,B,42600,4600,
000055.SZ,000055,20251209,142217820,0,36913982,0,S,42700,100,
000055.SZ,000055,20251209,142227170,0,36929341,0,B,42600,1500,
000055.SZ,000055,20251209,142227430,0,36929811,0,B,42600,100,
000055.SZ,000055,20251209,142227690,0,36930248,0,B,42500,5000,
000055.SZ,000055,20251209,142241510,0,36953787,0,S,42800,1100,
000055.SZ,000055,20251209,142245460,0,36960992,0,B,42700,23200,
000055.SZ,000055,20251209,142245570,0,36961277,0,S,42800,700,
000055.SZ,000055,20251209,142245580,0,36961284,0,S,42700,100,
000055.SZ,000055,20251209,142247240,0,36964214,0,S,42600,500,
000055.SZ,000055,20251209,142252260,0,36972646,0,S,42600,10900,
000055.SZ,000055,20251209,142252280,0,36972711,0,B,42700,200,
000055.SZ,000055,20251209,142252330,0,36972810,0,S,42700,900,
000055.SZ,000055,20251209,142252360,0,36972864,0,S,42700,11000,
000055.SZ,000055,20251209,142252400,0,36972920,0,B,42700,700,
000055.SZ,000055,20251209,142253900,0,36975241,0,B,42500,500,
000055.SZ,000055,20251209,142254120,0,36975577,0,B,42700,10000,
000055.SZ,000055,20251209,142254130,0,36975588,0,B,42700,100,
000055.SZ,000055,20251209,142254130,0,36975594,0,B,42700,100,
000055.SZ,000055,20251209,142254790,0,36976784,0,S,42700,1700,
000055.SZ,000055,20251209,142254820,0,36976838,0,B,42600,100,
000055.SZ,000055,20251209,142254850,0,36976880,0,B,42700,700,
000055.SZ,000055,20251209,142258490,0,36982711,0,B,42700,100,
000055.SZ,000055,20251209,142313120,0,37010452,0,B,42700,1400,
000055.SZ,000055,20251209,142313120,0,37010454,0,B,42700,700,
000055.SZ,000055,20251209,142313210,0,37010637,0,S,42800,700,
000055.SZ,000055,20251209,142315560,0,37014354,0,B,42700,300,
000055.SZ,000055,20251209,142315590,0,37014411,0,S,42700,1400,
000055.SZ,000055,20251209,142315640,0,37014476,0,S,42800,100,
000055.SZ,000055,20251209,142315980,0,37015097,0,B,42700,100,
000055.SZ,000055,20251209,142315980,0,37015103,0,S,42700,100,
000055.SZ,000055,20251209,142315980,0,37015105,0,S,42700,100,
000055.SZ,000055,20251209,142324710,0,37029657,0,B,42600,5000,
000055.SZ,000055,20251209,142328680,0,37036076,0,B,42700,500,
000055.SZ,000055,20251209,142328680,0,37036082,0,S,42700,100,
000055.SZ,000055,20251209,142328810,0,37036277,0,S,42800,700,
000055.SZ,000055,20251209,142331160,0,37039825,0,S,42800,900,
000055.SZ,000055,20251209,142337160,0,37050659,0,S,42800,800,
000055.SZ,000055,20251209,142353580,0,37080932,0,B,42700,13300,
000055.SZ,000055,20251209,142354010,0,37081441,0,B,42700,400,
000055.SZ,000055,20251209,142411700,0,37122674,0,B,42700,2500,
000055.SZ,000055,20251209,142411710,0,37122681,0,S,42800,100,
000055.SZ,000055,20251209,142411710,0,37122682,0,S,42800,100,
000055.SZ,000055,20251209,142411710,0,37122683,0,S,42800,100,
000055.SZ,000055,20251209,142411710,0,37122684,0,S,42800,100,
000055.SZ,000055,20251209,142411710,0,37122685,0,S,42800,200,
000055.SZ,000055,20251209,142411710,0,37122687,0,S,42800,100,
000055.SZ,000055,20251209,142411710,0,37122694,0,S,42800,1000,
000055.SZ,000055,20251209,142415540,0,37129107,0,S,42800,100,
000055.SZ,000055,20251209,142418190,0,37133812,0,S,42800,100,
000055.SZ,000055,20251209,142418190,0,37133819,0,S,42800,100,
000055.SZ,000055,20251209,142421270,0,37138847,0,S,42800,100,
000055.SZ,000055,20251209,142422410,0,37140847,0,B,42800,100000,
000055.SZ,000055,20251209,142422410,0,37140901,0,S,42800,5100,
000055.SZ,000055,20251209,142422410,0,37140903,0,S,42800,6600,
000055.SZ,000055,20251209,142422410,0,37140906,0,S,42800,1900,
000055.SZ,000055,20251209,142422410,0,37140915,0,S,42900,900,
000055.SZ,000055,20251209,142422420,0,37140931,0,S,42800,3300,
000055.SZ,000055,20251209,142422420,0,37140935,0,S,42800,100,
000055.SZ,000055,20251209,142422420,0,37140944,0,B,42700,400,
000055.SZ,000055,20251209,142422460,0,37141006,0,B,42800,400,
000055.SZ,000055,20251209,142423000,0,37141926,0,B,42700,600,
000055.SZ,000055,20251209,142423000,0,37141927,0,S,42900,600,
000055.SZ,000055,20251209,142423910,0,37143103,0,B,42600,200,
000055.SZ,000055,20251209,142425670,0,37146413,0,B,42700,100,
000055.SZ,000055,20251209,142425700,0,37146456,0,B,42800,200,
000055.SZ,000055,20251209,142429350,0,37152044,0,B,42700,600,
000055.SZ,000055,20251209,142434690,0,37163342,0,S,42800,2400,
000055.SZ,000055,20251209,142454940,0,37201370,0,B,42700,5000,
000055.SZ,000055,20251209,142455200,0,37201809,0,S,43000,100,
000055.SZ,000055,20251209,142500160,0,37209189,0,S,42800,6400,
000055.SZ,000055,20251209,142507460,0,37222449,0,S,42800,100,
000055.SZ,000055,20251209,142509300,0,37225258,0,S,42800,400,
000055.SZ,000055,20251209,142522670,0,37249174,0,S,42800,100,
000055.SZ,000055,20251209,142545160,0,37289343,0,S,42800,800,
000055.SZ,000055,20251209,142545170,0,37289371,0,B,42700,100,
000055.SZ,000055,20251209,142545170,0,37289372,0,S,42800,1200,
000055.SZ,000055,20251209,142545180,0,37289486,0,B,42700,100,
000055.SZ,000055,20251209,142546470,0,37291810,0,S,42800,200,
000055.SZ,000055,20251209,142548140,0,37294694,0,S,42800,300,
000055.SZ,000055,20251209,142548150,0,37294715,0,S,42800,100,
000055.SZ,000055,20251209,142548150,0,37294716,0,S,42800,100,
000055.SZ,000055,20251209,142548150,0,37294717,0,S,42800,100,
000055.SZ,000055,20251209,142548150,0,37294718,0,S,42800,300,
000055.SZ,000055,20251209,142548150,0,37294719,0,S,42800,200,
000055.SZ,000055,20251209,142548150,0,37294721,0,S,42800,200,
000055.SZ,000055,20251209,142548150,0,37294724,0,S,42800,900,
000055.SZ,000055,20251209,142548150,0,37294725,0,S,42800,500,
000055.SZ,000055,20251209,142548170,0,37294756,0,S,42800,1300,
000055.SZ,000055,20251209,142548240,0,37294845,0,S,42800,900,
000055.SZ,000055,20251209,142548250,0,37294854,0,S,42800,300,
000055.SZ,000055,20251209,142548280,0,37294903,0,S,42800,200,
000055.SZ,000055,20251209,142548340,0,37295004,0,S,42800,600,
000055.SZ,000055,20251209,142550530,0,37298873,0,S,42900,1100,
000055.SZ,000055,20251209,142550530,0,37298879,0,S,42800,100,
000055.SZ,000055,20251209,142553880,0,37304319,0,B,42700,100,
000055.SZ,000055,20251209,142556090,0,37308162,0,B,42700,19900,
000055.SZ,000055,20251209,142557190,0,37310029,0,B,42700,1900,
000055.SZ,000055,20251209,142557190,0,37310030,0,B,42700,3800,
000055.SZ,000055,20251209,142607710,0,37330418,0,S,42800,100,
000055.SZ,000055,20251209,142607720,0,37330441,0,S,42800,100,
000055.SZ,000055,20251209,142615950,0,37343898,0,B,42800,2000,
000055.SZ,000055,20251209,142618190,0,37347378,0,B,42700,2300,
000055.SZ,000055,20251209,142720890,0,37470783,0,B,42700,5800,
000055.SZ,000055,20251209,142721170,0,37471190,0,B,42700,100,
000055.SZ,000055,20251209,142725110,0,37479606,0,B,42600,2000,
000055.SZ,000055,20251209,142728690,0,37486167,0,B,42700,2000,
000055.SZ,000055,20251209,142745270,0,37524255,0,S,42800,11000,
000055.SZ,000055,20251209,142745280,0,37524263,0,S,42800,300,
000055.SZ,000055,20251209,142745280,0,37524264,0,S,42800,200,
000055.SZ,000055,20251209,142745280,0,37524266,0,S,42800,200,
000055.SZ,000055,20251209,142745280,0,37524267,0,S,42800,200,
000055.SZ,000055,20251209,142745280,0,37524296,0,S,42800,2200,
000055.SZ,000055,20251209,142745650,0,37525067,0,S,42800,9400,
000055.SZ,000055,20251209,142748580,0,37531898,0,S,42900,100,
000055.SZ,000055,20251209,142748790,0,37532256,0,S,42800,6400,
000055.SZ,000055,20251209,142749030,0,37532660,0,S,42800,200,
000055.SZ,000055,20251209,142750470,0,37535915,0,B,42800,100,
000055.SZ,000055,20251209,142751500,0,37537589,0,B,42700,100,
000055.SZ,000055,20251209,142759990,0,37550454,0,S,42800,3000,
000055.SZ,000055,20251209,142800150,0,37550959,0,B,42800,2200,
000055.SZ,000055,20251209,142800150,0,37550963,0,B,42800,900,
000055.SZ,000055,20251209,142800150,0,37550966,0,B,42800,2100,
000055.SZ,000055,20251209,142806140,0,37562859,0,S,43100,2000,
000055.SZ,000055,20251209,142807150,0,37564963,0,S,42800,100,
000055.SZ,000055,20251209,142809750,0,37569252,0,S,42800,12900,
000055.SZ,000055,20251209,142809750,0,37569254,0,S,42800,12800,
000055.SZ,000055,20251209,142813140,0,37575144,0,S,42900,5000,
000055.SZ,000055,20251209,142827750,0,37604835,0,S,42800,16600,
000055.SZ,000055,20251209,142830320,0,37609216,0,B,42800,2300,
000055.SZ,000055,20251209,142834120,0,37615753,0,S,42800,2500,
000055.SZ,000055,20251209,142842700,0,37629735,0,B,42700,8000,
000055.SZ,000055,20251209,142843170,0,37630601,0,B,42700,1000,
000055.SZ,000055,20251209,142847460,0,37639142,0,S,42400,100,
000055.SZ,000055,20251209,142851720,0,37648272,0,B,42100,10000,
000055.SZ,000055,20251209,142933010,0,37721836,0,S,42700,100,
000055.SZ,000055,20251209,142933030,0,37721874,0,B,42900,100,
000055.SZ,000055,20251209,142933060,0,37721892,0,B,42900,1700,
000055.SZ,000055,20251209,142933220,0,37722260,0,B,42800,100,
000055.SZ,000055,20251209,142933410,0,37722718,0,B,42800,100,
000055.SZ,000055,20251209,142934160,0,37724381,0,B,42800,100,
000055.SZ,000055,20251209,142935080,0,37726294,0,B,42800,100,
000055.SZ,000055,20251209,142935440,0,37727130,0,B,43100,400,
000055.SZ,000055,20251209,142937790,0,37732500,0,S,42800,100,
000055.SZ,000055,20251209,142958780,0,37764408,0,B,42800,1200,
000055.SZ,000055,20251209,142958780,0,37764421,0,S,42800,300,
000055.SZ,000055,20251209,143000170,0,37766326,0,S,42800,9700,
000055.SZ,000055,20251209,143007810,0,37783981,0,B,42700,100,
000055.SZ,000055,20251209,143007820,0,37783993,0,S,42800,100,
000055.SZ,000055,20251209,143007820,0,37783994,0,S,42800,100,
000055.SZ,000055,20251209,143007820,0,37783996,0,S,42800,100,
000055.SZ,000055,20251209,143007820,0,37783997,0,S,42800,100,
000055.SZ,000055,20251209,143007840,0,37784044,0,S,42700,100,
000055.SZ,000055,20251209,143018090,0,37805212,0,S,42800,1400,
000055.SZ,000055,20251209,143018090,0,37805214,0,S,42800,400,
000055.SZ,000055,20251209,143018100,0,37805221,0,S,42800,700,
000055.SZ,000055,20251209,143018100,0,37805222,0,S,42800,100,
000055.SZ,000055,20251209,143018100,0,37805230,0,S,42800,500,
000055.SZ,000055,20251209,143018100,0,37805231,0,S,42800,700,
000055.SZ,000055,20251209,143018110,0,37805257,0,S,42800,600,
000055.SZ,000055,20251209,143018110,0,37805265,0,S,42800,1100,
000055.SZ,000055,20251209,143018120,0,37805291,0,B,42800,200,
000055.SZ,000055,20251209,143018190,0,37805407,0,S,42800,500,
000055.SZ,000055,20251209,143022660,0,37815474,0,S,42800,100,
000055.SZ,000055,20251209,143033760,0,37840421,0,B,42700,100,
000055.SZ,000055,20251209,143033760,0,37840433,0,S,42800,500,
000055.SZ,000055,20251209,143033760,0,37840434,0,S,42800,500,
000055.SZ,000055,20251209,143033760,0,37840435,0,S,42800,700,
000055.SZ,000055,20251209,143033760,0,37840436,0,S,42800,700,
000055.SZ,000055,20251209,143033760,0,37840437,0,S,42800,1900,
000055.SZ,000055,20251209,143033760,0,37840438,0,S,42800,1000,
000055.SZ,000055,20251209,143033760,0,37840439,0,S,42800,700,
000055.SZ,000055,20251209,143033760,0,37840440,0,S,42800,600,
000055.SZ,000055,20251209,143033760,0,37840441,0,S,42800,600,
000055.SZ,000055,20251209,143033760,0,37840442,0,S,42800,600,
000055.SZ,000055,20251209,143033760,0,37840443,0,S,42800,700,
000055.SZ,000055,20251209,143033760,0,37840444,0,S,42800,800,
000055.SZ,000055,20251209,143033760,0,37840446,0,S,42800,500,
000055.SZ,000055,20251209,143033760,0,37840447,0,S,42800,600,
000055.SZ,000055,20251209,143033760,0,37840448,0,S,42800,600,
000055.SZ,000055,20251209,143033760,0,37840449,0,S,42800,300,
000055.SZ,000055,20251209,143033760,0,37840450,0,S,42800,500,
000055.SZ,000055,20251209,143033760,0,37840451,0,S,42800,300,
000055.SZ,000055,20251209,143033760,0,37840452,0,S,42800,300,
000055.SZ,000055,20251209,143033770,0,37840472,0,S,42800,600,
000055.SZ,000055,20251209,143033770,0,37840474,0,S,42800,600,
000055.SZ,000055,20251209,143033770,0,37840486,0,S,42800,500,
000055.SZ,000055,20251209,143033770,0,37840488,0,S,42800,600,
000055.SZ,000055,20251209,143033790,0,37840561,0,S,42800,800,
000055.SZ,000055,20251209,143033800,0,37840603,0,S,42800,600,
000055.SZ,000055,20251209,143033810,0,37840626,0,S,42800,100,
000055.SZ,000055,20251209,143033850,0,37840723,0,S,42800,800,
000055.SZ,000055,20251209,143034040,0,37841217,0,S,42800,500,
000055.SZ,000055,20251209,143034040,0,37841218,0,S,42800,400,
000055.SZ,000055,20251209,143034040,0,37841235,0,S,42800,700,
000055.SZ,000055,20251209,143036160,0,37845947,0,S,42800,600,
000055.SZ,000055,20251209,143036160,0,37845958,0,S,42800,600,
000055.SZ,000055,20251209,143036170,0,37845986,0,S,42800,600,
000055.SZ,000055,20251209,143036300,0,37846331,0,S,42800,200,
000055.SZ,000055,20251209,143039190,0,37855177,0,S,42800,600,
000055.SZ,000055,20251209,143039190,0,37855192,0,S,42800,500,
000055.SZ,000055,20251209,143039240,0,37855365,0,S,42800,600,
000055.SZ,000055,20251209,143039240,0,37855366,0,S,42800,2600,
000055.SZ,000055,20251209,143039390,0,37855748,0,S,42800,600,
000055.SZ,000055,20251209,143042150,0,37865378,0,S,42800,500,
000055.SZ,000055,20251209,143042150,0,37865379,0,S,42800,500,
000055.SZ,000055,20251209,143042150,0,37865382,0,S,42800,600,
000055.SZ,000055,20251209,143042170,0,37865506,0,S,42800,600,
000055.SZ,000055,20251209,143045150,0,37874870,0,S,42800,400,
000055.SZ,000055,20251209,143048160,0,37881423,0,S,42800,500,
000055.SZ,000055,20251209,143048170,0,37881477,0,B,42700,100,
000055.SZ,000055,20251209,143048180,0,37881543,0,B,42700,100,
000055.SZ,000055,20251209,143051160,0,37888593,0,S,42800,500,
000055.SZ,000055,20251209,143051160,0,37888609,0,S,42800,500,
000055.SZ,000055,20251209,143104510,0,37921349,0,B,42700,1200,
000055.SZ,000055,20251209,143120750,0,37998087,0,S,42700,41600,
000055.SZ,000055,20251209,143120760,0,37998102,0,S,42700,200,
000055.SZ,000055,20251209,143120760,0,37998104,0,S,42700,300,
000055.SZ,000055,20251209,143120760,0,37998106,0,S,42700,300,
000055.SZ,000055,20251209,143120760,0,37998108,0,S,42700,300,
000055.SZ,000055,20251209,143120760,0,37998110,0,S,42700,300,
000055.SZ,000055,20251209,143120760,0,37998113,0,S,42700,400,
000055.SZ,000055,20251209,143120760,0,37998115,0,S,42700,200,
000055.SZ,000055,20251209,143120760,0,37998118,0,S,42700,300,
000055.SZ,000055,20251209,143120760,0,37998120,0,S,42700,400,
000055.SZ,000055,20251209,143120760,0,37998124,0,S,42700,7600,
000055.SZ,000055,20251209,143120760,0,37998129,0,S,42700,200,
000055.SZ,000055,20251209,143120760,0,37998131,0,S,42700,3000,
000055.SZ,000055,20251209,143120760,0,37998133,0,S,42700,2400,
000055.SZ,000055,20251209,143120760,0,37998137,0,S,42700,3000,
000055.SZ,000055,20251209,143120760,0,37998141,0,S,42700,3400,
000055.SZ,000055,20251209,143120760,0,37998143,0,S,42700,4200,
000055.SZ,000055,20251209,143120760,0,37998164,0,S,42700,100,
000055.SZ,000055,20251209,143120760,0,37998166,0,S,42700,100,
000055.SZ,000055,20251209,143120760,0,37998171,0,S,42700,2800,
000055.SZ,000055,20251209,143120760,0,37998173,0,S,42700,1400,
000055.SZ,000055,20251209,143120790,0,37998255,0,B,42600,1600,
000055.SZ,000055,20251209,143120800,0,37998271,0,S,42700,400,
000055.SZ,000055,20251209,143120800,0,37998282,0,S,42600,14700,
000055.SZ,000055,20251209,143120800,0,37998314,0,B,42700,500,
000055.SZ,000055,20251209,143120810,0,37998324,0,B,42700,100,
000055.SZ,000055,20251209,143120820,0,37998405,0,S,42700,100,
000055.SZ,000055,20251209,143120990,0,37998847,0,S,42700,200,
000055.SZ,000055,20251209,143121150,0,37999701,0,B,42600,2300,
000055.SZ,000055,20251209,143121150,0,37999702,0,B,42600,2300,
000055.SZ,000055,20251209,143121560,0,38001420,0,B,42600,600,
000055.SZ,000055,20251209,143121560,0,38001421,0,S,42800,600,
000055.SZ,000055,20251209,143121890,0,38002783,0,S,42700,100,
000055.SZ,000055,20251209,143121910,0,38002849,0,S,42700,1300,
000055.SZ,000055,20251209,143122010,0,38003133,0,S,42700,2200,
000055.SZ,000055,20251209,143122120,0,38003526,0,S,42700,18100,
000055.SZ,000055,20251209,143122290,0,38004046,0,S,42700,1200,
000055.SZ,000055,20251209,143122520,0,38005143,0,S,42700,1200,
000055.SZ,000055,20251209,143122760,0,38005809,0,S,42700,12800,
000055.SZ,000055,20251209,143122760,0,38005810,0,S,42700,12900,
000055.SZ,000055,20251209,143122760,0,38005811,0,S,42700,16600,
000055.SZ,000055,20251209,143123050,0,38006453,0,S,42700,200,
000055.SZ,000055,20251209,143125680,0,38013249,0,S,42700,100,
000055.SZ,000055,20251209,143125910,0,38013825,0,B,42700,900,
000055.SZ,000055,20251209,143130590,0,38024867,0,B,42700,55500,
000055.SZ,000055,20251209,143131420,0,38027038,0,B,42700,100,
000055.SZ,000055,20251209,143131440,0,38027070,0,B,42700,14300,
000055.SZ,000055,20251209,143131440,0,38027081,0,S,42800,2100,
000055.SZ,000055,20251209,143131440,0,38027086,0,B,42700,7000,
000055.SZ,000055,20251209,143131490,0,38027236,0,S,42700,7400,
000055.SZ,000055,20251209,143131550,0,38027441,0,S,42700,800,
000055.SZ,000055,20251209,143132910,0,38030964,0,S,42800,200,
000055.SZ,000055,20251209,143132910,0,38030985,0,S,42800,600,
000055.SZ,000055,20251209,143132910,0,38030986,0,S,42800,500,
000055.SZ,000055,20251209,143132910,0,38030987,0,S,42800,1000,
000055.SZ,000055,20251209,143132910,0,38030988,0,S,42800,600,
000055.SZ,000055,20251209,143132910,0,38030989,0,S,42800,700,
000055.SZ,000055,20251209,143132910,0,38030990,0,S,42800,600,
000055.SZ,000055,20251209,143132910,0,38030991,0,S,42800,500,
000055.SZ,000055,20251209,143132910,0,38030992,0,S,42800,600,
000055.SZ,000055,20251209,143132910,0,38030993,0,S,42800,300,
000055.SZ,000055,20251209,143132910,0,38030994,0,S,42800,700,
000055.SZ,000055,20251209,143132910,0,38030995,0,S,42800,300,
000055.SZ,000055,20251209,143132910,0,38030996,0,S,42800,500,
000055.SZ,000055,20251209,143132910,0,38030997,0,S,42800,500,
000055.SZ,000055,20251209,143132910,0,38030998,0,S,42800,600,
000055.SZ,000055,20251209,143132910,0,38030999,0,S,42800,600,
000055.SZ,000055,20251209,143132910,0,38031000,0,S,42800,300,
000055.SZ,000055,20251209,143132910,0,38031001,0,S,42800,1900,
000055.SZ,000055,20251209,143132910,0,38031002,0,S,42800,700,
000055.SZ,000055,20251209,143132910,0,38031003,0,S,42800,600,
000055.SZ,000055,20251209,143132920,0,38031004,0,S,42800,700,
000055.SZ,000055,20251209,143132920,0,38031005,0,S,42800,500,
000055.SZ,000055,20251209,143132920,0,38031006,0,S,42800,500,
000055.SZ,000055,20251209,143132920,0,38031007,0,S,42800,500,
000055.SZ,000055,20251209,143132920,0,38031008,0,S,42800,1100,
000055.SZ,000055,20251209,143132920,0,38031009,0,S,42800,700,
000055.SZ,000055,20251209,143132920,0,38031012,0,S,42800,600,
000055.SZ,000055,20251209,143132920,0,38031013,0,S,42800,600,
000055.SZ,000055,20251209,143132920,0,38031014,0,S,42800,500,
000055.SZ,000055,20251209,143132920,0,38031035,0,S,42800,500,
000055.SZ,000055,20251209,143132920,0,38031036,0,S,42800,800,
000055.SZ,000055,20251209,143132920,0,38031037,0,S,42800,600,
000055.SZ,000055,20251209,143132920,0,38031038,0,S,42800,600,
000055.SZ,000055,20251209,143132920,0,38031039,0,S,42800,500,
000055.SZ,000055,20251209,143132920,0,38031041,0,S,42800,600,
000055.SZ,000055,20251209,143132940,0,38031069,0,S,42800,800,
000055.SZ,000055,20251209,143132950,0,38031088,0,S,42800,600,
000055.SZ,000055,20251209,143132950,0,38031089,0,S,42800,500,
000055.SZ,000055,20251209,143132950,0,38031093,0,S,42800,600,
000055.SZ,000055,20251209,143132970,0,38031151,0,S,42800,100,
000055.SZ,000055,20251209,143133010,0,38031203,0,S,42700,2400,
000055.SZ,000055,20251209,143133010,0,38031230,0,S,42800,600,
000055.SZ,000055,20251209,143133010,0,38031237,0,S,42800,800,
000055.SZ,000055,20251209,143133070,0,38031387,0,S,42800,200,
000055.SZ,000055,20251209,143133110,0,38031453,0,S,42700,11700,
000055.SZ,000055,20251209,143133160,0,38031563,0,S,42600,18400,
000055.SZ,000055,20251209,143133160,0,38031567,0,B,42600,500,
000055.SZ,000055,20251209,143133160,0,38031570,0,B,42600,100,
000055.SZ,000055,20251209,143133360,0,38032074,0,S,42800,500,
000055.SZ,000055,20251209,143133360,0,38032075,0,S,42800,400,
000055.SZ,000055,20251209,143133500,0,38032478,0,S,42700,1200,
000055.SZ,000055,20251209,143133500,0,38032491,0,S,42700,4800,
000055.SZ,000055,20251209,143133920,0,38033656,0,S,42700,2400,
000055.SZ,000055,20251209,143134500,0,38036040,0,S,42700,1300,
000055.SZ,000055,20251209,143136000,0,38042756,0,S,42700,9300,
000055.SZ,000055,20251209,143136480,0,38045942,0,S,43100,100,
000055.SZ,000055,20251209,143137120,0,38048786,0,S,42700,2400,
000055.SZ,000055,20251209,143137130,0,38048803,0,S,42700,300,
000055.SZ,000055,20251209,143137130,0,38048804,0,S,42700,200,
000055.SZ,000055,20251209,143137130,0,38048806,0,S,42700,100,
000055.SZ,000055,20251209,143137130,0,38048809,0,S,42700,200,
000055.SZ,000055,20251209,143137530,0,38050498,0,S,42700,2400,
000055.SZ,000055,20251209,143139160,0,38056799,0,S,42700,200,
000055.SZ,000055,20251209,143139160,0,38056801,0,S,42700,1100,
000055.SZ,000055,20251209,143139180,0,38056881,0,B,42500,20000,
000055.SZ,000055,20251209,143142150,0,38067777,0,S,42700,300,
000055.SZ,000055,20251209,143145150,0,38075586,0,S,42700,800,
000055.SZ,000055,20251209,143145500,0,38076375,0,S,42700,1200,
000055.SZ,000055,20251209,143145510,0,38076385,0,S,42700,4900,
000055.SZ,000055,20251209,143146910,0,38079561,0,S,42700,1200,
000055.SZ,000055,20251209,143146920,0,38079566,0,S,42700,500,
000055.SZ,000055,20251209,143146920,0,38079567,0,S,42700,300,
000055.SZ,000055,20251209,143146920,0,38079568,0,S,42700,2100,
000055.SZ,000055,20251209,143147080,0,38079844,0,S,42700,300,
000055.SZ,000055,20251209,143148500,0,38082685,0,S,42700,1200,
000055.SZ,000055,20251209,143154690,0,38096254,0,B,42600,100,
000055.SZ,000055,20251209,143209770,0,38130160,0,B,42600,1500,
000055.SZ,000055,20251209,143210020,0,38130603,0,B,42600,8000,
000055.SZ,000055,20251209,143210690,0,38131807,0,B,42700,200,
000055.SZ,000055,20251209,143215900,0,38141082,0,S,42700,28500,
000055.SZ,000055,20251209,143215930,0,38141151,0,S,42700,24300,
000055.SZ,000055,20251209,143218540,0,38146300,0,S,43000,100,
000055.SZ,000055,20251209,143218870,0,38146991,0,S,42700,16500,
000055.SZ,000055,20251209,143221460,0,38151536,0,S,43000,2000,
000055.SZ,000055,20251209,143223060,0,38154679,0,S,42700,500,
000055.SZ,000055,20251209,143227100,0,38162184,0,S,42700,600,
000055.SZ,000055,20251209,143227100,0,38162186,0,S,42700,1000,
000055.SZ,000055,20251209,143227100,0,38162187,0,S,42700,600,
000055.SZ,000055,20251209,143227100,0,38162188,0,S,42700,700,
000055.SZ,000055,20251209,143227100,0,38162189,0,S,42700,500,
000055.SZ,000055,20251209,143227100,0,38162190,0,S,42700,700,
000055.SZ,000055,20251209,143227100,0,38162191,0,S,42700,300,
000055.SZ,000055,20251209,143227100,0,38162192,0,S,42700,600,
000055.SZ,000055,20251209,143227100,0,38162195,0,S,42700,500,
000055.SZ,000055,20251209,143227100,0,38162196,0,S,42700,600,
000055.SZ,000055,20251209,143227100,0,38162199,0,S,42700,600,
000055.SZ,000055,20251209,143227100,0,38162202,0,S,42700,1900,
000055.SZ,000055,20251209,143227100,0,38162203,0,S,42700,700,
000055.SZ,000055,20251209,143227100,0,38162204,0,S,42700,500,
000055.SZ,000055,20251209,143227100,0,38162205,0,S,42700,500,
000055.SZ,000055,20251209,143227100,0,38162206,0,S,42700,700,
000055.SZ,000055,20251209,143227100,0,38162207,0,S,42700,300,
000055.SZ,000055,20251209,143227100,0,38162208,0,S,42700,500,
000055.SZ,000055,20251209,143227100,0,38162209,0,S,42700,500,
000055.SZ,000055,20251209,143227100,0,38162210,0,S,42700,600,
000055.SZ,000055,20251209,143227100,0,38162211,0,S,42700,600,
000055.SZ,000055,20251209,143227100,0,38162212,0,S,42700,600,
000055.SZ,000055,20251209,143227110,0,38162216,0,S,42700,700,
000055.SZ,000055,20251209,143227110,0,38162217,0,S,42700,600,
000055.SZ,000055,20251209,143227110,0,38162219,0,S,42700,600,
000055.SZ,000055,20251209,143227120,0,38162225,0,S,42700,500,
000055.SZ,000055,20251209,143227120,0,38162226,0,S,42700,500,
000055.SZ,000055,20251209,143227120,0,38162228,0,S,42700,600,
000055.SZ,000055,20251209,143227120,0,38162234,0,S,42700,500,
000055.SZ,000055,20251209,143227120,0,38162235,0,S,42700,600,
000055.SZ,000055,20251209,143227160,0,38162283,0,S,42700,100,
000055.SZ,000055,20251209,143227730,0,38163417,0,B,42600,1000,
000055.SZ,000055,20251209,143228880,0,38165736,0,B,42600,4700,
000055.SZ,000055,20251209,143228910,0,38165782,0,S,42700,4100,
000055.SZ,000055,20251209,143229010,0,38165957,0,S,42700,200,
000055.SZ,000055,20251209,143229010,0,38165975,0,S,42700,600,
000055.SZ,000055,20251209,143229010,0,38165977,0,S,42700,800,
000055.SZ,000055,20251209,143229010,0,38165980,0,S,42700,600,
000055.SZ,000055,20251209,143229020,0,38165981,0,S,42700,600,
000055.SZ,000055,20251209,143229020,0,38165988,0,S,42700,300,
000055.SZ,000055,20251209,143229020,0,38165994,0,S,42700,500,
000055.SZ,000055,20251209,143229040,0,38166034,0,S,42700,800,
000055.SZ,000055,20251209,143229100,0,38166130,0,S,42700,200,
000055.SZ,000055,20251209,143229100,0,38166136,0,S,42700,800,
000055.SZ,000055,20251209,143229100,0,38166144,0,S,42700,500,
000055.SZ,000055,20251209,143229100,0,38166145,0,S,42700,400,
000055.SZ,000055,20251209,143233820,0,38175530,0,S,42700,100,
000055.SZ,000055,20251209,143245200,0,38194844,0,B,42600,3000,
000055.SZ,000055,20251209,143247320,0,38198437,0,B,42700,1000,
000055.SZ,000055,20251209,143259760,0,38221100,0,B,42600,200,
000055.SZ,000055,20251209,143306160,0,38247543,0,S,42600,100,
000055.SZ,000055,20251209,143309280,0,38262495,0,S,42700,500,
000055.SZ,000055,20251209,143309280,0,38262497,0,S,42700,700,
000055.SZ,000055,20251209,143309280,0,38262573,0,S,42700,600,
000055.SZ,000055,20251209,143309340,0,38262789,0,S,42700,500,
000055.SZ,000055,20251209,143312150,0,38270651,0,S,42700,400,
000055.SZ,000055,20251209,143315570,0,38277804,0,S,42700,100,
000055.SZ,000055,20251209,143316200,0,38279203,0,S,42700,200,
000055.SZ,000055,20251209,143320370,0,38287653,0,S,42700,200,
000055.SZ,000055,20251209,143320530,0,38287867,0,S,42700,200,
000055.SZ,000055,20251209,143321190,0,38288879,0,S,42700,9700,
000055.SZ,000055,20251209,143324180,0,38294967,0,B,42600,900,
000055.SZ,000055,20251209,143324550,0,38295700,0,S,42900,100,
000055.SZ,000055,20251209,143329650,0,38306085,0,S,42700,100,
000055.SZ,000055,20251209,143329700,0,38306168,0,S,42700,400,
000055.SZ,000055,20251209,143329700,0,38306170,0,S,42700,1400,
000055.SZ,000055,20251209,143329710,0,38306186,0,S,42700,700,
000055.SZ,000055,20251209,143330240,0,38307112,0,S,42700,100,
000055.SZ,000055,20251209,143331780,0,38309886,0,S,42700,100,
000055.SZ,000055,20251209,143333890,0,38313238,0,B,42600,4700,
000055.SZ,000055,20251209,143335940,0,38316646,0,B,42600,200,
000055.SZ,000055,20251209,143337520,0,38319374,0,S,42700,100,
000055.SZ,000055,20251209,143337520,0,38319375,0,S,42700,100,
000055.SZ,000055,20251209,143337690,0,38319710,0,S,42700,100,
000055.SZ,000055,20251209,143341720,0,38326927,0,S,42600,9700,
000055.SZ,000055,20251209,143345580,0,38333764,0,B,42500,1000,
000055.SZ,000055,20251209,143346960,0,38336379,0,S,42700,200,
000055.SZ,000055,20251209,143354970,0,38350066,0,S,42600,400,
000055.SZ,000055,20251209,143357380,0,38354475,0,B,42600,2400,
000055.SZ,000055,20251209,143406200,0,38372944,0,B,42600,100,
000055.SZ,000055,20251209,143406240,0,38373012,0,S,42600,100,
000055.SZ,000055,20251209,143415890,0,38412053,0,B,42600,1300,
000055.SZ,000055,20251209,143424230,0,38431727,0,S,42700,600,
000055.SZ,000055,20251209,143424230,0,38431728,0,S,42700,2600,
000055.SZ,000055,20251209,143432830,0,38447886,0,B,42600,1000,
000055.SZ,000055,20251209,143434740,0,38451436,0,B,42600,800,
000055.SZ,000055,20251209,143454180,0,38486403,0,S,42700,1000,
000055.SZ,000055,20251209,143454180,0,38486404,0,B,42600,2300,
000055.SZ,000055,20251209,143455380,0,38488695,0,S,42700,800,
000055.SZ,000055,20251209,143456290,0,38489979,0,B,42600,1000,
000055.SZ,000055,20251209,143458370,0,38493782,0,S,42800,3000,
000055.SZ,000055,20251209,143505270,0,38506769,0,B,42600,1800,
000055.SZ,000055,20251209,143505270,0,38506776,0,S,42700,100,
000055.SZ,000055,20251209,143505340,0,38506891,0,S,42600,200,
000055.SZ,000055,20251209,143505890,0,38507911,0,B,42600,900,
000055.SZ,000055,20251209,143507290,0,38510836,0,B,42700,100,
000055.SZ,000055,20251209,143515350,0,38525562,0,B,42600,1700,
000055.SZ,000055,20251209,143530580,0,38557943,0,B,42600,6000,
000055.SZ,000055,20251209,143530580,0,38557954,0,S,42700,100,
000055.SZ,000055,20251209,143530600,0,38557993,0,S,42700,100,
000055.SZ,000055,20251209,143533150,0,38563094,0,S,42700,1200,
000055.SZ,000055,20251209,143535260,0,38568384,0,B,42700,3000,
000055.SZ,000055,20251209,143536150,0,38570507,0,B,42600,200,
000055.SZ,000055,20251209,143538280,0,38577430,0,S,42700,4600,
000055.SZ,000055,20251209,143540200,0,38581825,0,B,42600,1000,
000055.SZ,000055,20251209,143540800,0,38583196,0,S,42800,100,
000055.SZ,000055,20251209,143543280,0,38588890,0,S,42600,8100,
000055.SZ,000055,20251209,143543300,0,38588929,0,B,42700,300,
000055.SZ,000055,20251209,143543340,0,38588982,0,B,42700,200,
000055.SZ,000055,20251209,143543350,0,38589022,0,B,42600,200,
000055.SZ,000055,20251209,143548160,0,38598517,0,S,42700,200,
000055.SZ,000055,20251209,143555740,0,38615985,0,B,42700,1000,
000055.SZ,000055,20251209,143600230,0,38626078,0,S,42600,100,
000055.SZ,000055,20251209,143607360,0,38644254,0,B,42700,800,
000055.SZ,000055,20251209,143609410,0,38649043,0,S,42700,200,
000055.SZ,000055,20251209,143613970,0,38664011,0,B,42700,1800,
000055.SZ,000055,20251209,143615750,0,38671835,0,B,42600,2500,
000055.SZ,000055,20251209,143616990,0,38678764,0,B,42700,200000,
000055.SZ,000055,20251209,143617000,0,38678878,0,B,42800,2100,
000055.SZ,000055,20251209,143617000,0,38678884,0,S,42700,24600,
000055.SZ,000055,20251209,143617000,0,38678886,0,B,42800,500,
000055.SZ,000055,20251209,143617000,0,38678893,0,S,42800,500,
000055.SZ,000055,20251209,143617000,0,38678899,0,S,42800,200,
000055.SZ,000055,20251209,143617000,0,38678900,0,S,42800,300,
000055.SZ,000055,20251209,143617000,0,38678901,0,S,42800,200,
000055.SZ,000055,20251209,143617000,0,38678905,0,S,42800,200,
000055.SZ,000055,20251209,143617000,0,38678907,0,S,42800,300,
000055.SZ,000055,20251209,143617000,0,38678921,0,B,42700,100,
000055.SZ,000055,20251209,143617000,0,38678924,0,S,42800,300,
000055.SZ,000055,20251209,143617000,0,38678925,0,S,42800,300,
000055.SZ,000055,20251209,143617000,0,38678926,0,S,42700,100,
000055.SZ,000055,20251209,143617000,0,38678940,0,S,42900,100,
000055.SZ,000055,20251209,143617000,0,38678941,0,S,42900,1300,
000055.SZ,000055,20251209,143617080,0,38679532,0,B,42700,300,
000055.SZ,000055,20251209,143618690,0,38686428,0,S,42800,100,
000055.SZ,000055,20251209,143618800,0,38686842,0,S,42800,20000,
000055.SZ,000055,20251209,143618960,0,38687529,0,B,42700,800,
000055.SZ,000055,20251209,143618960,0,38687530,0,B,42700,800,
000055.SZ,000055,20251209,143619070,0,38687928,0,S,42800,100,
000055.SZ,000055,20251209,143619070,0,38687930,0,S,42800,200,
000055.SZ,000055,20251209,143619080,0,38688017,0,S,42800,200,
000055.SZ,000055,20251209,143619290,0,38689014,0,S,42800,100,
000055.SZ,000055,20251209,143619790,0,38692294,0,B,42700,1500,
000055.SZ,000055,20251209,143619890,0,38692786,0,B,42700,1300,
000055.SZ,000055,20251209,143619890,0,38692791,0,B,42700,5000,
000055.SZ,000055,20251209,143619890,0,38692792,0,B,42700,900,
000055.SZ,000055,20251209,143619970,0,38693388,0,B,42700,100,
000055.SZ,000055,20251209,143620410,0,38696139,0,S,42800,100,
000055.SZ,000055,20251209,143620730,0,38697745,0,S,42800,100,
000055.SZ,000055,20251209,143620970,0,38698763,0,S,42800,100,
000055.SZ,000055,20251209,143621000,0,38698935,0,S,42800,3800,
000055.SZ,000055,20251209,143621170,0,38700301,0,S,42700,11700,
000055.SZ,000055,20251209,143621260,0,38701697,0,S,42700,1300,
000055.SZ,000055,20251209,143621260,0,38701699,0,S,42700,3200,
000055.SZ,000055,20251209,143621260,0,38701701,0,S,42700,2200,
000055.SZ,000055,20251209,143621260,0,38701708,0,S,42700,3000,
000055.SZ,000055,20251209,143621260,0,38701712,0,S,42700,600,
000055.SZ,000055,20251209,143621260,0,38701720,0,S,42700,15400,
000055.SZ,000055,20251209,143621270,0,38701823,0,S,42700,5100,
000055.SZ,000055,20251209,143621800,0,38704224,0,B,42700,900,
000055.SZ,000055,20251209,143621960,0,38705219,0,B,42700,800,
000055.SZ,000055,20251209,143622140,0,38706895,0,S,42700,4800,
000055.SZ,000055,20251209,143622880,0,38710561,0,S,43000,100,
000055.SZ,000055,20251209,143623110,0,38711470,0,S,42700,1200,
000055.SZ,000055,20251209,143623900,0,38713755,0,S,42700,1200,
000055.SZ,000055,20251209,143624010,0,38713896,0,S,42700,9300,
000055.SZ,000055,20251209,143624910,0,38716647,0,S,42700,4800,
000055.SZ,000055,20251209,143624910,0,38716655,0,S,42700,1200,
000055.SZ,000055,20251209,143625190,0,38717643,0,S,42700,200,
000055.SZ,000055,20251209,143625500,0,38718593,0,S,42700,1200,
000055.SZ,000055,20251209,143625510,0,38718609,0,S,42700,3600,
000055.SZ,000055,20251209,143625520,0,38718631,0,S,42800,2900,
000055.SZ,000055,20251209,143626160,0,38720052,0,S,42700,100,
000055.SZ,000055,20251209,143626280,0,38720290,0,S,42700,200,
000055.SZ,000055,20251209,143627800,0,38723639,0,B,42600,200,
000055.SZ,000055,20251209,143627890,0,38723872,0,S,42700,100,
000055.SZ,000055,20251209,143627910,0,38723916,0,S,42700,3700,
000055.SZ,000055,20251209,143628410,0,38725278,0,S,42700,100,
000055.SZ,000055,20251209,143628500,0,38725427,0,S,42700,1200,
000055.SZ,000055,20251209,143628510,0,38725446,0,S,42700,4900,
000055.SZ,000055,20251209,143628920,0,38726367,0,S,42700,1200,
000055.SZ,000055,20251209,143629510,0,38727258,0,S,42700,1200,
000055.SZ,000055,20251209,143629510,0,38727264,0,S,42700,200,
000055.SZ,000055,20251209,143629510,0,38727268,0,S,42700,200,
000055.SZ,000055,20251209,143630150,0,38728314,0,S,42700,200,
000055.SZ,000055,20251209,143630910,0,38730113,0,S,42700,1200,
000055.SZ,000055,20251209,143633190,0,38734302,0,S,42700,300,
000055.SZ,000055,20251209,143633190,0,38734303,0,S,42700,300,
000055.SZ,000055,20251209,143635560,0,38739153,0,B,42700,1000,
000055.SZ,000055,20251209,143635580,0,38739187,0,B,42600,300,
000055.SZ,000055,20251209,143636150,0,38740229,0,S,42700,300,
000055.SZ,000055,20251209,143636310,0,38740850,0,S,42700,400,
000055.SZ,000055,20251209,143639580,0,38747759,0,S,42700,100,
000055.SZ,000055,20251209,143643290,0,38755185,0,B,42700,800,
000055.SZ,000055,20251209,143643690,0,38755989,0,B,42600,700,
000055.SZ,000055,20251209,143649240,0,38765342,0,B,42600,500,
000055.SZ,000055,20251209,143703580,0,38793336,0,S,42700,200,
000055.SZ,000055,20251209,143703870,0,38794020,0,S,42700,200,
000055.SZ,000055,20251209,143703940,0,38794139,0,S,42700,100,
000055.SZ,000055,20251209,143706150,0,38798044,0,S,42700,300,
000055.SZ,000055,20251209,143706200,0,38798107,0,S,42600,300,
000055.SZ,000055,20251209,143706860,0,38799320,0,S,42700,100,
000055.SZ,000055,20251209,143706930,0,38799468,0,B,42600,2800,
000055.SZ,000055,20251209,143707100,0,38799822,0,B,42600,100,
000055.SZ,000055,20251209,143707100,0,38799830,0,S,42700,8300,
000055.SZ,000055,20251209,143707350,0,38800478,0,S,42700,100,
000055.SZ,000055,20251209,143708450,0,38802279,0,B,42700,6500,
000055.SZ,000055,20251209,143709270,0,38803466,0,S,42700,500,
000055.SZ,000055,20251209,143709270,0,38803484,0,S,42700,800,
000055.SZ,000055,20251209,143722440,0,38827122,0,B,42600,100,
000055.SZ,000055,20251209,143724030,0,38829613,0,S,42700,4100,
000055.SZ,000055,20251209,143737500,0,38856356,0,B,42700,14300,
000055.SZ,000055,20251209,143737500,0,38856373,0,S,42700,100,
000055.SZ,000055,20251209,143737500,0,38856379,0,S,42700,100,
000055.SZ,000055,20251209,143753160,0,38886151,0,S,42600,100,
000055.SZ,000055,20251209,143753170,0,38886165,0,S,42700,1000,
000055.SZ,000055,20251209,143753190,0,38886221,0,S,42600,600,
000055.SZ,000055,20251209,143753200,0,38886228,0,S,42600,1000,
000055.SZ,000055,20251209,143754260,0,38887868,0,B,42600,1200,
000055.SZ,000055,20251209,143811650,0,38926805,0,B,42700,50000,
000055.SZ,000055,20251209,143811650,0,38926854,0,S,42700,100,
000055.SZ,000055,20251209,143811650,0,38926855,0,S,42700,100,
000055.SZ,000055,20251209,143811650,0,38926856,0,S,42700,100,
000055.SZ,000055,20251209,143811680,0,38926883,0,B,42600,400,
000055.SZ,000055,20251209,143812470,0,38928430,0,S,42700,100,
000055.SZ,000055,20251209,143812800,0,38929042,0,S,42700,100,
000055.SZ,000055,20251209,143812800,0,38929047,0,S,42700,100,
000055.SZ,000055,20251209,143812860,0,38929124,0,S,42700,200,
000055.SZ,000055,20251209,143812900,0,38929157,0,S,42700,2400,
000055.SZ,000055,20251209,143813600,0,38930642,0,S,42700,300,
000055.SZ,000055,20251209,143814500,0,38932266,0,S,42700,1200,
000055.SZ,000055,20251209,143815520,0,38934181,0,S,42700,3600,
000055.SZ,000055,20251209,143816100,0,38935320,0,S,42700,3600,
000055.SZ,000055,20251209,143816100,0,38935330,0,S,42700,1200,
000055.SZ,000055,20251209,143816100,0,38935331,0,S,42700,2100,
000055.SZ,000055,20251209,143816120,0,38935413,0,S,42700,200,
000055.SZ,000055,20251209,143817090,0,38937190,0,S,42700,300,
000055.SZ,000055,20251209,143818210,0,38939185,0,S,43100,100,
000055.SZ,000055,20251209,143818890,0,38940454,0,S,42700,300,
000055.SZ,000055,20251209,143823020,0,38948613,0,B,42700,100,
000055.SZ,000055,20251209,143823020,0,38948629,0,S,42700,200,
000055.SZ,000055,20251209,143823520,0,38949432,0,B,42600,2500,
000055.SZ,000055,20251209,143824940,0,38951825,0,B,42700,13000,
000055.SZ,000055,20251209,143827150,0,38956162,0,B,42600,1800,
000055.SZ,000055,20251209,143833880,0,38968736,0,B,42700,1300,
000055.SZ,000055,20251209,143838800,0,38977713,0,B,42700,5400,
000055.SZ,000055,20251209,143838810,0,38977722,0,S,42700,100,
000055.SZ,000055,20251209,143838810,0,38977724,0,S,42700,300,
000055.SZ,000055,20251209,143838810,0,38977726,0,S,42700,300,
000055.SZ,000055,20251209,143838810,0,38977728,0,S,42700,300,
000055.SZ,000055,20251209,143838810,0,38977730,0,S,42700,400,
000055.SZ,000055,20251209,143838810,0,38977732,0,S,42700,1000,
000055.SZ,000055,20251209,143838810,0,38977734,0,S,42700,400,
000055.SZ,000055,20251209,143838810,0,38977736,0,S,42700,300,
000055.SZ,000055,20251209,143838810,0,38977738,0,S,42700,300,
000055.SZ,000055,20251209,143838810,0,38977740,0,S,42700,300,
000055.SZ,000055,20251209,143838810,0,38977741,0,S,42700,300,
000055.SZ,000055,20251209,143838810,0,38977742,0,S,42700,300,
000055.SZ,000055,20251209,143838810,0,38977743,0,S,42700,300,
000055.SZ,000055,20251209,143838810,0,38977745,0,S,42800,400,
000055.SZ,000055,20251209,143838810,0,38977748,0,S,42800,100,
000055.SZ,000055,20251209,143838810,0,38977749,0,S,42800,300,
000055.SZ,000055,20251209,143838810,0,38977750,0,S,42800,200,
000055.SZ,000055,20251209,143838810,0,38977751,0,S,42800,300,
000055.SZ,000055,20251209,143838810,0,38977752,0,S,42800,200,
000055.SZ,000055,20251209,143838810,0,38977753,0,S,42700,100,
000055.SZ,000055,20251209,143838810,0,38977754,0,S,42800,300,
000055.SZ,000055,20251209,143838810,0,38977755,0,S,42800,200,
000055.SZ,000055,20251209,143838830,0,38977773,0,B,42700,200,
000055.SZ,000055,20251209,143839880,0,38979814,0,B,42700,300,
000055.SZ,000055,20251209,143840500,0,38981006,0,B,42600,13000,
000055.SZ,000055,20251209,143844820,0,38989134,0,B,42700,500,
000055.SZ,000055,20251209,143844830,0,38989140,0,S,42700,100,
000055.SZ,000055,20251209,143844840,0,38989149,0,S,42700,100,
000055.SZ,000055,20251209,143844870,0,38989215,0,S,42800,300,
000055.SZ,000055,20251209,143844880,0,38989231,0,S,42800,15500,
000055.SZ,000055,20251209,143844900,0,38989284,0,S,42700,9300,
000055.SZ,000055,20251209,143845000,0,38989420,0,S,42700,3800,
000055.SZ,000055,20251209,143847080,0,38993845,0,B,42700,1000,
000055.SZ,000055,20251209,143852100,0,39004235,0,B,42700,13000,
000055.SZ,000055,20251209,143852100,0,39004245,0,S,42700,100,
000055.SZ,000055,20251209,143852100,0,39004247,0,S,42700,300,
000055.SZ,000055,20251209,143852100,0,39004249,0,S,42700,300,
000055.SZ,000055,20251209,143852100,0,39004251,0,S,42700,300,
000055.SZ,000055,20251209,143852100,0,39004255,0,S,42800,300,
000055.SZ,000055,20251209,143852110,0,39004267,0,S,42700,100,
000055.SZ,000055,20251209,143852150,0,39004368,0,S,42700,300,
000055.SZ,000055,20251209,143852160,0,39004377,0,S,42700,15500,
000055.SZ,000055,20251209,143859160,0,39017138,0,B,42700,5000,
000055.SZ,000055,20251209,143905330,0,39033328,0,S,42800,5000,
000055.SZ,000055,20251209,143905370,0,39033409,0,S,42600,100,
000055.SZ,000055,20251209,143906460,0,39035475,0,S,42800,100,
000055.SZ,000055,20251209,143908670,0,39039875,0,B,42700,5000,
000055.SZ,000055,20251209,143908670,0,39039883,0,S,42800,300,
000055.SZ,000055,20251209,143908670,0,39039884,0,S,42800,200,
000055.SZ,000055,20251209,143908680,0,39039887,0,S,42700,200,
000055.SZ,000055,20251209,143908680,0,39039908,0,S,42800,200,
000055.SZ,000055,20251209,143908680,0,39039909,0,S,42800,200,
000055.SZ,000055,20251209,143908860,0,39040176,0,B,42700,13000,
000055.SZ,000055,20251209,143909160,0,39040740,0,S,42800,300,
000055.SZ,000055,20251209,143910450,0,39043266,0,B,42700,100,
000055.SZ,000055,20251209,143910450,0,39043272,0,S,42800,800,
000055.SZ,000055,20251209,143910790,0,39043866,0,B,42700,200,
000055.SZ,000055,20251209,143910900,0,39044023,0,B,42700,6700,
000055.SZ,000055,20251209,143913260,0,39048395,0,B,42700,500,
000055.SZ,000055,20251209,143915250,0,39052453,0,S,42800,300,
000055.SZ,000055,20251209,143917700,0,39060620,0,B,42600,30000,
000055.SZ,000055,20251209,143924010,0,39088562,0,S,42700,9300,
000055.SZ,000055,20251209,143924020,0,39088620,0,S,42700,600,
000055.SZ,000055,20251209,143924500,0,39090170,0,S,43000,100,
000055.SZ,000055,20251209,143925860,0,39095397,0,S,42900,12300,
000055.SZ,000055,20251209,143925860,0,39095408,0,S,42700,600,
000055.SZ,000055,20251209,143926680,0,39098310,0,B,42700,400,
000055.SZ,000055,20251209,143926870,0,39098766,0,S,42700,100,
000055.SZ,000055,20251209,143926870,0,39098768,0,S,42700,1000,
000055.SZ,000055,20251209,143926980,0,39099098,0,S,42700,200,
000055.SZ,000055,20251209,143927020,0,39099277,0,S,42700,6700,
000055.SZ,000055,20251209,143927260,0,39100175,0,S,42700,500,
000055.SZ,000055,20251209,143927530,0,39101071,0,S,42700,100,
000055.SZ,000055,20251209,143934040,0,39122797,0,S,42700,400,
000055.SZ,000055,20251209,143934040,0,39122799,0,S,42700,1800,
000055.SZ,000055,20251209,143934480,0,39124032,0,S,42700,100,
000055.SZ,000055,20251209,143934500,0,39124091,0,B,42700,5700,
000055.SZ,000055,20251209,143934670,0,39124373,0,S,42700,200,
000055.SZ,000055,20251209,143934670,0,39124375,0,S,42700,200,
000055.SZ,000055,20251209,143934770,0,39124604,0,S,42700,300,
000055.SZ,000055,20251209,143934810,0,39124682,0,S,42700,2400,
000055.SZ,000055,20251209,143934810,0,39124684,0,S,42700,500,
000055.SZ,000055,20251209,143936670,0,39130105,0,S,42700,100,
000055.SZ,000055,20251209,143936810,0,39130453,0,S,42700,400,
000055.SZ,000055,20251209,143936910,0,39130771,0,S,42700,100,
000055.SZ,000055,20251209,143939370,0,39136604,0,B,42700,13000,
000055.SZ,000055,20251209,143943400,0,39146229,0,S,42800,200,
000055.SZ,000055,20251209,143946230,0,39152346,0,S,42700,1200,
000055.SZ,000055,20251209,144000040,0,39181850,0,S,42700,100,
000055.SZ,000055,20251209,144001300,0,39187643,0,S,42800,1300,
000055.SZ,000055,20251209,144003360,0,39193324,0,S,42700,69900,
000055.SZ,000055,20251209,144003370,0,39193359,0,B,42600,200,
000055.SZ,000055,20251209,144003430,0,39193521,0,B,42700,300,
000055.SZ,000055,20251209,144003470,0,39193627,0,S,43100,8600,
000055.SZ,000055,20251209,144004790,0,39197804,0,B,42700,10000,
000055.SZ,000055,20251209,144006040,0,39200439,0,B,42700,35000,
000055.SZ,000055,20251209,144006050,0,39200452,0,S,42700,200,
000055.SZ,000055,20251209,144006060,0,39200477,0,S,42700,200,
000055.SZ,000055,20251209,144006090,0,39200567,0,S,42600,300,
000055.SZ,000055,20251209,144007710,0,39206301,0,S,42800,800,
000055.SZ,000055,20251209,144007720,0,39206312,0,B,42700,200,
000055.SZ,000055,20251209,144007720,0,39206319,0,B,42700,200,
000055.SZ,000055,20251209,144007720,0,39206325,0,S,42700,300,
000055.SZ,000055,20251209,144010670,0,39214970,0,B,42700,2000,
000055.SZ,000055,20251209,144010670,0,39214979,0,S,42700,200,
000055.SZ,000055,20251209,144010780,0,39215231,0,B,42700,100,
000055.SZ,000055,20251209,144010780,0,39215233,0,B,42700,100,
000055.SZ,000055,20251209,144010810,0,39215281,0,B,42700,1700,
000055.SZ,000055,20251209,144010820,0,39215295,0,B,42600,200,
000055.SZ,000055,20251209,144010960,0,39215539,0,B,42700,3400,
000055.SZ,000055,20251209,144011090,0,39215882,0,B,42700,300,
000055.SZ,000055,20251209,144011110,0,39215943,0,B,42700,100,
000055.SZ,000055,20251209,144011700,0,39217246,0,S,42700,100,
000055.SZ,000055,20251209,144011710,0,39217248,0,B,42600,700,
000055.SZ,000055,20251209,144011730,0,39217303,0,S,42600,100,
000055.SZ,000055,20251209,144011740,0,39217306,0,S,42600,200,
000055.SZ,000055,20251209,144012910,0,39220177,0,B,42700,100,
000055.SZ,000055,20251209,144012910,0,39220195,0,S,42600,100,
000055.SZ,000055,20251209,144014070,0,39223442,0,S,42700,500,
000055.SZ,000055,20251209,144014070,0,39223467,0,S,42700,500,
000055.SZ,000055,20251209,144014070,0,39223539,0,B,42700,2900,
000055.SZ,000055,20251209,144014070,0,39223556,0,S,42700,300,
000055.SZ,000055,20251209,144014950,0,39225484,0,B,42600,2800,
000055.SZ,000055,20251209,144015090,0,39226937,0,B,42600,100,
000055.SZ,000055,20251209,144015100,0,39226947,0,S,42800,100,
000055.SZ,000055,20251209,144015100,0,39226950,0,S,42800,300,
000055.SZ,000055,20251209,144015100,0,39226952,0,S,42800,2100,
000055.SZ,000055,20251209,144015100,0,39226953,0,S,42800,200,
000055.SZ,000055,20251209,144015100,0,39226975,0,S,42600,1600,
000055.SZ,000055,20251209,144021070,0,39248826,0,S,42800,3700,
000055.SZ,000055,20251209,144021070,0,39248827,0,S,42800,6200,
000055.SZ,000055,20251209,144021080,0,39248866,0,S,42800,1300,
000055.SZ,000055,20251209,144031610,0,39278254,0,B,42800,600,
000055.SZ,000055,20251209,144031610,0,39278264,0,S,42700,100,
000055.SZ,000055,20251209,144031630,0,39278310,0,S,42800,100,
000055.SZ,000055,20251209,144032030,0,39279422,0,S,42700,700,
000055.SZ,000055,20251209,144032040,0,39279449,0,S,42700,100,
000055.SZ,000055,20251209,144032040,0,39279454,0,S,42700,300,
000055.SZ,000055,20251209,144032040,0,39279455,0,S,42700,300,
000055.SZ,000055,20251209,144032040,0,39279456,0,S,42700,200,
000055.SZ,000055,20251209,144032040,0,39279476,0,S,42700,100,
000055.SZ,000055,20251209,144032050,0,39279492,0,S,42700,200,
000055.SZ,000055,20251209,144032570,0,39280701,0,S,42800,5000,
000055.SZ,000055,20251209,144033160,0,39282057,0,S,42700,200,
000055.SZ,000055,20251209,144033880,0,39284174,0,S,42700,400,
000055.SZ,000055,20251209,144035210,0,39287690,0,S,42700,4400,
000055.SZ,000055,20251209,144035220,0,39287709,0,S,42700,300,
000055.SZ,000055,20251209,144036170,0,39290014,0,S,42700,300,
000055.SZ,000055,20251209,144036710,0,39291626,0,S,42700,200,
000055.SZ,000055,20251209,144043830,0,39309913,0,S,42800,1000,
000055.SZ,000055,20251209,144050650,0,39325037,0,B,42800,700,
000055.SZ,000055,20251209,144050660,0,39325047,0,S,42700,500,
000055.SZ,000055,20251209,144053350,0,39331623,0,B,42700,100,
000055.SZ,000055,20251209,144053450,0,39331760,0,B,42700,1700,
000055.SZ,000055,20251209,144054150,0,39333255,0,S,42700,300,
000055.SZ,000055,20251209,144054150,0,39333256,0,S,42700,200,
000055.SZ,000055,20251209,144054150,0,39333260,0,S,42700,200,
000055.SZ,000055,20251209,144054150,0,39333261,0,S,42700,200,
000055.SZ,000055,20251209,144056240,0,39338313,0,S,42600,2800,
000055.SZ,000055,20251209,144056250,0,39338350,0,S,42700,200,
000055.SZ,000055,20251209,144056250,0,39338352,0,S,42600,33200,
000055.SZ,000055,20251209,144056310,0,39338629,0,B,42700,1200,
000055.SZ,000055,20251209,144059290,0,39345616,0,B,42700,1300,
000055.SZ,000055,20251209,144059300,0,39345664,0,S,42700,400,
000055.SZ,000055,20251209,144059980,0,39347239,0,S,42700,100,
000055.SZ,000055,20251209,144101570,0,39352624,0,S,42900,100,
000055.SZ,000055,20251209,144105060,0,39363396,0,S,42700,500,
000055.SZ,000055,20251209,144105070,0,39363428,0,S,42700,800,
000055.SZ,000055,20251209,144105110,0,39363639,0,S,42600,100,
000055.SZ,000055,20251209,144110240,0,39381446,0,S,42600,300,
000055.SZ,000055,20251209,144110240,0,39381468,0,S,42700,2100,
000055.SZ,000055,20251209,144110450,0,39382087,0,B,42100,40000,
000055.SZ,000055,20251209,144116510,0,39399298,0,B,42700,2400,
000055.SZ,000055,20251209,144116520,0,39399321,0,S,42700,300,
000055.SZ,000055,20251209,144119340,0,39407309,0,B,42700,5000,
000055.SZ,000055,20251209,144119340,0,39407335,0,S,42700,500,
000055.SZ,000055,20251209,144119350,0,39407345,0,S,42700,300,
000055.SZ,000055,20251209,144119350,0,39407347,0,S,42700,200,
000055.SZ,000055,20251209,144121150,0,39412559,0,S,42700,200,
000055.SZ,000055,20251209,144121150,0,39412561,0,S,42700,300,
000055.SZ,000055,20251209,144121150,0,39412562,0,S,42700,200,
000055.SZ,000055,20251209,144124150,0,39420740,0,S,42700,100,
000055.SZ,000055,20251209,144124150,0,39420742,0,S,42700,100,
000055.SZ,000055,20251209,144127030,0,39427124,0,B,42700,200,
000055.SZ,000055,20251209,144127650,0,39428673,0,B,42700,13000,
000055.SZ,000055,20251209,144127650,0,39428693,0,B,42700,200,
000055.SZ,000055,20251209,144127650,0,39428694,0,B,42700,200,
000055.SZ,000055,20251209,144127650,0,39428695,0,B,42700,100,
000055.SZ,000055,20251209,144127650,0,39428696,0,B,42700,100,
000055.SZ,000055,20251209,144127660,0,39428704,0,S,42700,2300,
000055.SZ,000055,20251209,144127660,0,39428722,0,S,42600,800,
000055.SZ,000055,20251209,144127670,0,39428771,0,S,42700,700,
000055.SZ,000055,20251209,144127700,0,39428858,0,S,42700,700,
000055.SZ,000055,20251209,144127710,0,39428886,0,S,42700,200,
000055.SZ,000055,20251209,144127730,0,39429102,0,S,42700,100,
000055.SZ,000055,20251209,144128180,0,39430166,0,S,42700,100,
000055.SZ,000055,20251209,144128190,0,39430174,0,S,42800,200,
000055.SZ,000055,20251209,144128190,0,39430175,0,S,42800,200,
000055.SZ,000055,20251209,144128190,0,39430176,0,S,42800,200,
000055.SZ,000055,20251209,144128190,0,39430177,0,S,42700,500,
000055.SZ,000055,20251209,144128190,0,39430179,0,S,42800,100,
000055.SZ,000055,20251209,144128190,0,39430180,0,S,42700,200,
000055.SZ,000055,20251209,144128750,0,39431394,0,S,42700,100,
000055.SZ,000055,20251209,144128980,0,39431810,0,S,42700,100,
000055.SZ,000055,20251209,144129100,0,39432078,0,S,42700,200,
000055.SZ,000055,20251209,144129160,0,39432184,0,S,42700,200,
000055.SZ,000055,20251209,144129400,0,39432593,0,S,42700,100,
000055.SZ,000055,20251209,144130110,0,39433924,0,B,42700,5000,
000055.SZ,000055,20251209,144130270,0,39434383,0,S,42700,9400,
000055.SZ,000055,20251209,144131560,0,39437410,0,S,43000,100,
000055.SZ,000055,20251209,144141840,0,39462494,0,B,42600,13000,
000055.SZ,000055,20251209,144142270,0,39463509,0,B,42700,20000,
000055.SZ,000055,20251209,144144060,0,39469298,0,S,42800,300,
000055.SZ,000055,20251209,144144060,0,39469330,0,S,42800,300,
000055.SZ,000055,20251209,144144060,0,39469342,0,S,42800,200,
000055.SZ,000055,20251209,144144060,0,39469345,0,S,42800,200,
000055.SZ,000055,20251209,144144060,0,39469364,0,S,42800,100,
000055.SZ,000055,20251209,144144070,0,39469378,0,S,42600,100,
000055.SZ,000055,20251209,144155260,0,39497046,0,S,42800,900,
000055.SZ,000055,20251209,144155260,0,39497077,0,S,42800,100,
000055.SZ,000055,20251209,144157310,0,39502035,0,S,42700,1900,
000055.SZ,000055,20251209,144157330,0,39502079,0,S,42700,6800,
000055.SZ,000055,20251209,144159740,0,39508975,0,B,42700,23800,
000055.SZ,000055,20251209,144159740,0,39508979,0,S,42800,1000,
000055.SZ,000055,20251209,144159770,0,39509088,0,S,42800,1600,
000055.SZ,000055,20251209,144200310,0,39510180,0,B,42700,900,
000055.SZ,000055,20251209,144203540,0,39520693,0,S,42700,100,
000055.SZ,000055,20251209,144204130,0,39522626,0,S,42700,100,
000055.SZ,000055,20251209,144204580,0,39524269,0,S,42800,100,
000055.SZ,000055,20251209,144210880,0,39547462,0,B,42600,1300,
000055.SZ,000055,20251209,144212230,0,39550908,0,B,42700,1300,
000055.SZ,000055,20251209,144217760,0,39566159,0,S,43100,5000,
000055.SZ,000055,20251209,144230490,0,39599133,0,B,42800,5400,
000055.SZ,000055,20251209,144230500,0,39599156,0,S,42800,100,
000055.SZ,000055,20251209,144230500,0,39599159,0,S,42800,200,
000055.SZ,000055,20251209,144230500,0,39599161,0,S,42800,200,
000055.SZ,000055,20251209,144230500,0,39599162,0,S,42800,200,
000055.SZ,000055,20251209,144230500,0,39599163,0,S,42800,200,
000055.SZ,000055,20251209,144230500,0,39599165,0,S,42800,500,
000055.SZ,000055,20251209,144230500,0,39599168,0,S,42800,200,
000055.SZ,000055,20251209,144230530,0,39599231,0,S,42700,100,
000055.SZ,000055,20251209,144233210,0,39605092,0,S,42800,100,
000055.SZ,000055,20251209,144233210,0,39605094,0,S,42800,100,
000055.SZ,000055,20251209,144233220,0,39605113,0,S,42800,100,
000055.SZ,000055,20251209,144239460,0,39619240,0,S,42900,1000,
000055.SZ,000055,20251209,144242150,0,39624513,0,S,42800,100,
000055.SZ,000055,20251209,144244770,0,39630320,0,S,42700,900,
000055.SZ,000055,20251209,144252340,0,39646857,0,S,42800,2700,
000055.SZ,000055,20251209,144252350,0,39646863,0,S,42800,100,
000055.SZ,000055,20251209,144252350,0,39646866,0,S,42800,800,
000055.SZ,000055,20251209,144257310,0,39657430,0,B,42700,10800,
000055.SZ,000055,20251209,144300200,0,39663335,0,B,42700,6400,
000055.SZ,000055,20251209,144300200,0,39663336,0,B,42700,3500,
000055.SZ,000055,20251209,144303750,0,39672977,0,S,42700,100,
000055.SZ,000055,20251209,144316360,0,39704041,0,S,42700,2000,
000055.SZ,000055,20251209,144317820,0,39707676,0,B,42800,400,
000055.SZ,000055,20251209,144321050,0,39715970,0,B,42800,100,
000055.SZ,000055,20251209,144327340,0,39731048,0,S,42800,200,
000055.SZ,000055,20251209,144331920,0,39743016,0,B,42700,1100,
000055.SZ,000055,20251209,144333150,0,39746297,0,S,42800,2100,
000055.SZ,000055,20251209,144341060,0,39765544,0,S,42800,300,
000055.SZ,000055,20251209,144341080,0,39765705,0,S,42800,300,
000055.SZ,000055,20251209,144356240,0,39799530,0,S,42700,200,
000055.SZ,000055,20251209,144359950,0,39807592,0,B,43100,700,
000055.SZ,000055,20251209,144403700,0,39819098,0,S,42700,100,
000055.SZ,000055,20251209,144403710,0,39819129,0,S,42800,100,
000055.SZ,000055,20251209,144403710,0,39819132,0,S,42800,100,
000055.SZ,000055,20251209,144406240,0,39825254,0,S,42800,100,
000055.SZ,000055,20251209,144407690,0,39828826,0,B,42800,100,
000055.SZ,000055,20251209,144407880,0,39829326,0,S,42700,100,
000055.SZ,000055,20251209,144408640,0,39831338,0,S,42900,6000,
000055.SZ,000055,20251209,144409490,0,39833297,0,S,42800,23200,
000055.SZ,000055,20251209,144420050,0,39856373,0,S,42800,500,
000055.SZ,000055,20251209,144420060,0,39856384,0,S,42700,2800,
000055.SZ,000055,20251209,144420060,0,39856398,0,B,42800,100,
000055.SZ,000055,20251209,144420720,0,39858442,0,S,42900,600,
000055.SZ,000055,20251209,144420720,0,39858443,0,B,42700,600,
000055.SZ,000055,20251209,144433360,0,39890861,0,B,42800,200,
000055.SZ,000055,20251209,144433540,0,39891324,0,B,42500,10000,
000055.SZ,000055,20251209,144451120,0,39935597,0,B,42700,100,
000055.SZ,000055,20251209,144451150,0,39935670,0,B,42800,100,
000055.SZ,000055,20251209,144454290,0,39943241,0,S,42700,6800,
000055.SZ,000055,20251209,144501830,0,39963988,0,B,42600,100,
000055.SZ,000055,20251209,144503150,0,39967928,0,S,42800,100,
000055.SZ,000055,20251209,144503760,0,39970248,0,S,42700,200,
000055.SZ,000055,20251209,144503920,0,39970856,0,S,42700,300,
000055.SZ,000055,20251209,144506900,0,39979783,0,S,42700,300,
000055.SZ,000055,20251209,144506960,0,39979989,0,S,42700,100,
000055.SZ,000055,20251209,144507030,0,39980272,0,S,42700,100,
000055.SZ,000055,20251209,144507270,0,39981220,0,S,42800,3000,
000055.SZ,000055,20251209,144507830,0,39982577,0,B,42700,100,
000055.SZ,000055,20251209,144508800,0,39984890,0,S,42800,100,
000055.SZ,000055,20251209,144508830,0,39984962,0,B,42700,300,
000055.SZ,000055,20251209,144508830,0,39984963,0,B,42700,100,
000055.SZ,000055,20251209,144513000,0,39995718,0,S,42700,8000,
000055.SZ,000055,20251209,144518150,0,40006462,0,S,42700,700,
000055.SZ,000055,20251209,144518160,0,40006484,0,S,42700,100,
000055.SZ,000055,20251209,144518540,0,40007498,0,S,42700,2000,
000055.SZ,000055,20251209,144518550,0,40007514,0,S,42600,800,
000055.SZ,000055,20251209,144521210,0,40014831,0,S,42700,100,
000055.SZ,000055,20251209,144521220,0,40014845,0,S,42700,600,
000055.SZ,000055,20251209,144521220,0,40014847,0,S,42700,800,
000055.SZ,000055,20251209,144521220,0,40014849,0,S,42700,7900,
000055.SZ,000055,20251209,144521220,0,40014852,0,S,42700,500,
000055.SZ,000055,20251209,144521230,0,40015055,0,S,42600,600,
000055.SZ,000055,20251209,144521230,0,40015100,0,S,42700,5400,
000055.SZ,000055,20251209,144522140,0,40017787,0,S,42700,100,
000055.SZ,000055,20251209,144522150,0,40017803,0,S,42700,400,
000055.SZ,000055,20251209,144522150,0,40017805,0,S,42700,1800,
000055.SZ,000055,20251209,144522150,0,40017811,0,S,42700,300,
000055.SZ,000055,20251209,144522150,0,40017825,0,S,42700,100,
000055.SZ,000055,20251209,144533130,0,40049529,0,B,42700,100,
000055.SZ,000055,20251209,144535510,0,40056522,0,B,42600,1400,
000055.SZ,000055,20251209,144536850,0,40060561,0,B,42700,30000,
000055.SZ,000055,20251209,144540950,0,40070955,0,B,42700,300,
000055.SZ,000055,20251209,144543320,0,40077353,0,S,42800,5000,
000055.SZ,000055,20251209,144545090,0,40081758,0,B,42700,800,
000055.SZ,000055,20251209,144548860,0,40091528,0,S,42700,200,
000055.SZ,000055,20251209,144548860,0,40091545,0,B,42700,300,
000055.SZ,000055,20251209,144554380,0,40106294,0,S,42700,300,
000055.SZ,000055,20251209,144559060,0,40118412,0,S,42700,200,
000055.SZ,000055,20251209,144559060,0,40118415,0,S,42700,200,
000055.SZ,000055,20251209,144602470,0,40128415,0,S,42600,200,
000055.SZ,000055,20251209,144603620,0,40133226,0,S,42700,100,
000055.SZ,000055,20251209,144603700,0,40133890,0,S,42700,100,
000055.SZ,000055,20251209,144606200,0,40142193,0,S,42700,100,
000055.SZ,000055,20251209,144606200,0,40142209,0,S,42800,1400,
000055.SZ,000055,20251209,144606220,0,40142259,0,S,42700,100,
000055.SZ,000055,20251209,144606830,0,40144194,0,S,42700,100,
000055.SZ,000055,20251209,144606830,0,40144235,0,S,42700,100,
000055.SZ,000055,20251209,144612680,0,40160255,0,S,42800,100,
000055.SZ,000055,20251209,144613130,0,40161433,0,B,42700,100,
000055.SZ,000055,20251209,144613130,0,40161454,0,S,42800,500,
000055.SZ,000055,20251209,144620460,0,40181437,0,B,42700,600,
000055.SZ,000055,20251209,144635360,0,40225498,0,B,42600,1900,
000055.SZ,000055,20251209,144635430,0,40225667,0,S,42600,600,
000055.SZ,000055,20251209,144636900,0,40230266,0,B,42700,800,
000055.SZ,000055,20251209,144644960,0,40252461,0,S,43500,200,
000055.SZ,000055,20251209,144645150,0,40252974,0,S,42700,200,
000055.SZ,000055,20251209,144659000,0,40295133,0,S,42700,200,
000055.SZ,000055,20251209,144703790,0,40315233,0,S,42700,100,
000055.SZ,000055,20251209,144706260,0,40324037,0,B,42700,100,
000055.SZ,000055,20251209,144709150,0,40333596,0,S,42700,800,
000055.SZ,000055,20251209,144711290,0,40339531,0,B,42700,20000,
000055.SZ,000055,20251209,144711570,0,40340216,0,S,42700,7500,
000055.SZ,000055,20251209,144716440,0,40353743,0,S,42700,100,
000055.SZ,000055,20251209,144718510,0,40359498,0,S,43100,100,
000055.SZ,000055,20251209,144721050,0,40366791,0,S,42700,20000,
000055.SZ,000055,20251209,144721050,0,40366816,0,S,42700,1600,
000055.SZ,000055,20251209,144721050,0,40366818,0,S,42700,300,
000055.SZ,000055,20251209,144721050,0,40366820,0,S,42700,700,
000055.SZ,000055,20251209,144721060,0,40366833,0,S,42700,300,
000055.SZ,000055,20251209,144721060,0,40366840,0,S,42600,900,
000055.SZ,000055,20251209,144721080,0,40367004,0,S,42700,100,
000055.SZ,000055,20251209,144721090,0,40367019,0,S,42700,100,
000055.SZ,000055,20251209,144721090,0,40367022,0,S,42700,100,
000055.SZ,000055,20251209,144721090,0,40367042,0,S,42700,13000,
000055.SZ,000055,20251209,144721250,0,40367572,0,S,42700,100,
000055.SZ,000055,20251209,144721260,0,40367653,0,S,42700,4000,
000055.SZ,000055,20251209,144721270,0,40367666,0,S,42700,100,
000055.SZ,000055,20251209,144721290,0,40367757,0,S,42700,16300,
000055.SZ,000055,20251209,144721310,0,40367813,0,S,42700,20000,
000055.SZ,000055,20251209,144721330,0,40368022,0,B,42700,100,
000055.SZ,000055,20251209,144721330,0,40368060,0,S,42700,100,
000055.SZ,000055,20251209,144721520,0,40368717,0,S,43000,100,
000055.SZ,000055,20251209,144721750,0,40369465,0,B,42600,600,
000055.SZ,000055,20251209,144721750,0,40369466,0,S,42800,600,
000055.SZ,000055,20251209,144721760,0,40369486,0,S,42700,100,
000055.SZ,000055,20251209,144721760,0,40369487,0,S,42700,100,
000055.SZ,000055,20251209,144721760,0,40369500,0,B,42700,700,
000055.SZ,000055,20251209,144721780,0,40369562,0,B,42600,400,
000055.SZ,000055,20251209,144721970,0,40370215,0,B,42700,2800,
000055.SZ,000055,20251209,144722030,0,40370477,0,S,42700,200,
000055.SZ,000055,20251209,144722060,0,40370644,0,S,42700,300,
000055.SZ,000055,20251209,144722150,0,40370980,0,B,42700,100,
000055.SZ,000055,20251209,144723060,0,40373877,0,S,42700,200,
000055.SZ,000055,20251209,144723060,0,40373878,0,S,42700,200,
000055.SZ,000055,20251209,144723130,0,40374107,0,S,42700,300,
000055.SZ,000055,20251209,144723130,0,40374108,0,S,42700,300,
000055.SZ,000055,20251209,144723130,0,40374122,0,S,42700,300,
000055.SZ,000055,20251209,144723140,0,40374145,0,S,42700,300,
000055.SZ,000055,20251209,144723150,0,40374180,0,S,42700,500,
000055.SZ,000055,20251209,144724240,0,40376852,0,S,42700,200,
000055.SZ,000055,20251209,144724780,0,40378491,0,S,42700,300,
000055.SZ,000055,20251209,144725000,0,40379073,0,B,42700,1600,
000055.SZ,000055,20251209,144727220,0,40385325,0,S,42700,300,
000055.SZ,000055,20251209,144727230,0,40385327,0,S,42700,4100,
000055.SZ,000055,20251209,144727320,0,40385564,0,B,42700,100,
000055.SZ,000055,20251209,144730810,0,40395156,0,S,42700,200,
000055.SZ,000055,20251209,144731000,0,40395664,0,B,42700,1900,
000055.SZ,000055,20251209,144736900,0,40412753,0,S,42700,200,
000055.SZ,000055,20251209,144740590,0,40422712,0,S,42700,3000,
000055.SZ,000055,20251209,144740610,0,40422769,0,S,42700,300,
000055.SZ,000055,20251209,144742150,0,40425960,0,S,42700,200,
000055.SZ,000055,20251209,144742520,0,40426945,0,S,42700,100,
000055.SZ,000055,20251209,144749740,0,40445440,0,B,42700,1300,
000055.SZ,000055,20251209,144751190,0,40448553,0,S,42700,100,
000055.SZ,000055,20251209,144809870,0,40499144,0,B,42700,11900,
000055.SZ,000055,20251209,144811130,0,40502417,0,B,42700,100,
000055.SZ,000055,20251209,144811140,0,40502428,0,S,42800,200,
000055.SZ,000055,20251209,144811140,0,40502429,0,S,42800,200,
000055.SZ,000055,20251209,144811140,0,40502431,0,S,42800,200,
000055.SZ,000055,20251209,144811140,0,40502432,0,S,42800,200,
000055.SZ,000055,20251209,144811140,0,40502434,0,S,42800,2100,
000055.SZ,000055,20251209,144811140,0,40502436,0,S,42600,100,
000055.SZ,000055,20251209,144811160,0,40502473,0,S,42700,2200,
000055.SZ,000055,20251209,144812780,0,40505984,0,S,42700,500,
000055.SZ,000055,20251209,144815280,0,40512453,0,S,42600,50,
000055.SZ,000055,20251209,144816460,0,40516377,0,S,42700,200,
000055.SZ,000055,20251209,144816460,0,40516378,0,S,42700,200,
000055.SZ,000055,20251209,144816460,0,40516379,0,S,42700,200,
000055.SZ,000055,20251209,144821850,0,40532231,0,S,42800,1700,
000055.SZ,000055,20251209,144822530,0,40533940,0,S,42700,1000,
000055.SZ,000055,20251209,144824160,0,40537771,0,B,42600,300,
000055.SZ,000055,20251209,144824940,0,40539793,0,B,42700,400,
000055.SZ,000055,20251209,144827330,0,40545917,0,S,42700,1000,
000055.SZ,000055,20251209,144835150,0,40565136,0,B,42600,1200,
000055.SZ,000055,20251209,144850500,0,40603396,0,S,42700,200,
000055.SZ,000055,20251209,144851700,0,40606587,0,S,42700,2800,
000055.SZ,000055,20251209,144859750,0,40626714,0,S,42700,8500,
000055.SZ,000055,20251209,144859760,0,40626718,0,S,42700,2100,
000055.SZ,000055,20251209,144903750,0,40640038,0,S,42700,1000,
000055.SZ,000055,20251209,144903780,0,40640137,0,S,42700,100,
000055.SZ,000055,20251209,144903780,0,40640138,0,S,42700,100,
000055.SZ,000055,20251209,144903800,0,40640196,0,S,42700,100,
000055.SZ,000055,20251209,144906900,0,40650054,0,S,42700,200,
000055.SZ,000055,20251209,144909150,0,40657421,0,S,42700,300,
000055.SZ,000055,20251209,144911050,0,40662668,0,B,42700,22200,
000055.SZ,000055,20251209,144911050,0,40662690,0,S,42700,100,
000055.SZ,000055,20251209,144911050,0,40662692,0,S,42800,200,
000055.SZ,000055,20251209,144911050,0,40662693,0,S,42800,100,
000055.SZ,000055,20251209,144911050,0,40662697,0,S,42800,900,
000055.SZ,000055,20251209,144911050,0,40662698,0,S,42600,700,
000055.SZ,000055,20251209,144911070,0,40662753,0,S,42800,200,
000055.SZ,000055,20251209,144911070,0,40662754,0,S,42800,200,
000055.SZ,000055,20251209,144911070,0,40662755,0,S,42800,200,
000055.SZ,000055,20251209,144911100,0,40662824,0,S,42700,100,
000055.SZ,000055,20251209,144911120,0,40662885,0,S,42700,100,
000055.SZ,000055,20251209,144911460,0,40663777,0,S,42700,100,
000055.SZ,000055,20251209,144912000,0,40665099,0,B,42600,9400,
000055.SZ,000055,20251209,144912010,0,40665110,0,S,42800,100,
000055.SZ,000055,20251209,144912010,0,40665112,0,S,42800,800,
000055.SZ,000055,20251209,144912950,0,40667953,0,B,42600,13000,
000055.SZ,000055,20251209,144913670,0,40670070,0,B,42800,100,
000055.SZ,000055,20251209,144913930,0,40670684,0,B,42700,9100,
000055.SZ,000055,20251209,144915000,0,40673658,0,B,42600,8600,
000055.SZ,000055,20251209,144924760,0,40699588,0,B,42700,1500,
000055.SZ,000055,20251209,144924770,0,40699603,0,S,42800,100,
000055.SZ,000055,20251209,144924770,0,40699610,0,S,42800,500,
000055.SZ,000055,20251209,144927190,0,40705934,0,S,42800,100,
000055.SZ,000055,20251209,144928000,0,40708069,0,S,42900,9100,
000055.SZ,000055,20251209,144928010,0,40708084,0,S,42900,8700,
000055.SZ,000055,20251209,144929440,0,40712173,0,S,42600,100,
000055.SZ,000055,20251209,144930200,0,40714332,0,B,42900,500,
000055.SZ,000055,20251209,144930680,0,40715862,0,S,42700,4400,
000055.SZ,000055,20251209,144932510,0,40721918,0,S,42800,1200,
000055.SZ,000055,20251209,144935790,0,40731641,0,B,42700,35000,
000055.SZ,000055,20251209,144935800,0,40731659,0,B,42700,900,
000055.SZ,000055,20251209,144936320,0,40733471,0,S,42800,500,
000055.SZ,000055,20251209,144940980,0,40747370,0,B,42500,29800,
000055.SZ,000055,20251209,144948190,0,40765807,0,B,42700,5000,
000055.SZ,000055,20251209,144948190,0,40765826,0,S,42800,100,
000055.SZ,000055,20251209,144950010,0,40770731,0,B,42700,2000,
000055.SZ,000055,20251209,144950040,0,40770882,0,S,42800,500,
000055.SZ,000055,20251209,145002080,0,40811374,0,B,42800,100,
000055.SZ,000055,20251209,145009860,0,40837159,0,S,42700,100,
000055.SZ,000055,20251209,145009870,0,40837177,0,S,42800,2100,
000055.SZ,000055,20251209,145015150,0,40853636,0,S,42800,100,
000055.SZ,000055,20251209,145019330,0,40869096,0,S,42700,200,
000055.SZ,000055,20251209,145019340,0,40869175,0,S,42800,1000,
000055.SZ,000055,20251209,145025930,0,40894047,0,B,42700,800,
000055.SZ,000055,20251209,145027180,0,40898219,0,B,42900,100,
000055.SZ,000055,20251209,145027910,0,40900990,0,B,42700,500,
000055.SZ,000055,20251209,145043640,0,40959527,0,S,42800,100,
000055.SZ,000055,20251209,145045150,0,40963907,0,B,42800,300,
000055.SZ,000055,20251209,145052240,0,40987790,0,S,42300,3000,
000055.SZ,000055,20251209,145054470,0,40994189,0,S,42900,100,
000055.SZ,000055,20251209,145104180,0,41049940,0,S,42700,100,
000055.SZ,000055,20251209,145104210,0,41050168,0,S,42800,100,
000055.SZ,000055,20251209,145105050,0,41054560,0,S,42700,100,
000055.SZ,000055,20251209,145105050,0,41054570,0,S,42800,100,
000055.SZ,000055,20251209,145105050,0,41054574,0,S,42700,100,
000055.SZ,000055,20251209,145109280,0,41072768,0,S,42700,800,
000055.SZ,000055,20251209,145109410,0,41073267,0,S,43000,22700,
000055.SZ,000055,20251209,145109460,0,41073434,0,S,43000,1000,
000055.SZ,000055,20251209,145109500,0,41073815,0,S,43000,3400,
000055.SZ,000055,20251209,145109510,0,41073863,0,S,43000,22700,
000055.SZ,000055,20251209,145112160,0,41084710,0,S,42700,1900,
000055.SZ,000055,20251209,145113590,0,41090127,0,S,42700,100,
000055.SZ,000055,20251209,145113600,0,41090251,0,S,42700,200,
000055.SZ,000055,20251209,145113820,0,41090866,0,S,43000,100,
000055.SZ,000055,20251209,145115440,0,41096265,0,S,42900,100,
000055.SZ,000055,20251209,145119480,0,41111901,0,S,42700,600,
000055.SZ,000055,20251209,145119700,0,41112643,0,S,42700,8700,
000055.SZ,000055,20251209,145123040,0,41123711,0,B,42700,2600,
000055.SZ,000055,20251209,145124280,0,41127761,0,S,42700,1600,
000055.SZ,000055,20251209,145124280,0,41127765,0,S,42700,3600,
000055.SZ,000055,20251209,145124280,0,41127801,0,S,42700,500,
000055.SZ,000055,20251209,145124340,0,41128008,0,S,42700,5500,
000055.SZ,000055,20251209,145125330,0,41131314,0,S,42700,100,
000055.SZ,000055,20251209,145125340,0,41131327,0,S,42700,200,
000055.SZ,000055,20251209,145125340,0,41131329,0,S,42700,300,
000055.SZ,000055,20251209,145125340,0,41131332,0,S,42800,1500,
000055.SZ,000055,20251209,145125340,0,41131338,0,S,42700,100,
000055.SZ,000055,20251209,145130000,0,41145523,0,S,42900,24300,
000055.SZ,000055,20251209,145130010,0,41145559,0,S,42700,500,
000055.SZ,000055,20251209,145136820,0,41166517,0,S,42700,100,
000055.SZ,000055,20251209,145139150,0,41173113,0,S,42700,100,
000055.SZ,000055,20251209,145142090,0,41181601,0,S,42700,5000,
000055.SZ,000055,20251209,145145930,0,41192853,0,B,42700,800,
000055.SZ,000055,20251209,145148320,0,41199434,0,S,42700,200,
000055.SZ,000055,20251209,145151320,0,41207582,0,S,42700,200,
000055.SZ,000055,20251209,145151320,0,41207592,0,S,42700,9700,
000055.SZ,000055,20251209,145203030,0,41244721,0,S,42700,1000,
000055.SZ,000055,20251209,145203040,0,41244761,0,S,42700,100,
000055.SZ,000055,20251209,145203040,0,41244765,0,S,42700,100,
000055.SZ,000055,20251209,145203040,0,41244773,0,S,42700,100,
000055.SZ,000055,20251209,145203040,0,41244775,0,S,42700,100,
000055.SZ,000055,20251209,145203040,0,41244777,0,S,42700,100,
000055.SZ,000055,20251209,145203040,0,41244789,0,S,42700,400,
000055.SZ,000055,20251209,145203040,0,41244794,0,S,42700,100,
000055.SZ,000055,20251209,145203040,0,41244796,0,S,42700,100,
000055.SZ,000055,20251209,145203040,0,41244802,0,S,42800,2200,
000055.SZ,000055,20251209,145203240,0,41245639,0,S,42700,900,
000055.SZ,000055,20251209,145203310,0,41245854,0,S,42700,8500,
000055.SZ,000055,20251209,145203340,0,41245951,0,B,42600,400,
000055.SZ,000055,20251209,145206230,0,41256833,0,S,42700,100,
000055.SZ,000055,20251209,145206250,0,41256944,0,B,42700,100,
000055.SZ,000055,20251209,145206250,0,41256947,0,B,42700,100,
000055.SZ,000055,20251209,145206250,0,41256972,0,B,42700,100,
000055.SZ,000055,20251209,145206250,0,41256974,0,B,42700,100,
000055.SZ,000055,20251209,145206250,0,41256979,0,B,42700,100,
000055.SZ,000055,20251209,145206250,0,41256985,0,B,42700,200,
000055.SZ,000055,20251209,145206260,0,41256999,0,B,42700,200,
000055.SZ,000055,20251209,145206260,0,41257001,0,B,42700,200,
000055.SZ,000055,20251209,145206260,0,41257015,0,B,42700,7900,
000055.SZ,000055,20251209,145206270,0,41257041,0,S,42600,300,
000055.SZ,000055,20251209,145206280,0,41257069,0,B,42700,100,
000055.SZ,000055,20251209,145206370,0,41257506,0,B,42700,300,
000055.SZ,000055,20251209,145206460,0,41257796,0,S,42800,100,
000055.SZ,000055,20251209,145206550,0,41258228,0,S,42700,400,
000055.SZ,000055,20251209,145206580,0,41258343,0,B,42700,200,
000055.SZ,000055,20251209,145206610,0,41258437,0,S,42700,200,
000055.SZ,000055,20251209,145206960,0,41259949,0,S,42700,100,
000055.SZ,000055,20251209,145206980,0,41259999,0,S,42600,100,
000055.SZ,000055,20251209,145207590,0,41262754,0,S,42700,1900,
000055.SZ,000055,20251209,145209150,0,41267950,0,S,42700,200,
000055.SZ,000055,20251209,145209170,0,41268014,0,S,42700,200,
000055.SZ,000055,20251209,145211600,0,41276273,0,S,42700,300,
000055.SZ,000055,20251209,145211600,0,41276274,0,S,42700,200,
000055.SZ,000055,20251209,145211600,0,41276275,0,S,42700,300,
000055.SZ,000055,20251209,145211600,0,41276278,0,S,42700,1400,
000055.SZ,000055,20251209,145211860,0,41276940,0,S,42900,100,
000055.SZ,000055,20251209,145212170,0,41277654,0,S,42700,300,
000055.SZ,000055,20251209,145219870,0,41304671,0,B,42700,600,
000055.SZ,000055,20251209,145219900,0,41304782,0,B,42700,600,
000055.SZ,000055,20251209,145219900,0,41304789,0,B,42700,600,
000055.SZ,000055,20251209,145221150,0,41308913,0,S,42700,500,
000055.SZ,000055,20251209,145221150,0,41308922,0,S,42700,2100,
000055.SZ,000055,20251209,145233710,0,41348259,0,B,42700,400,
000055.SZ,000055,20251209,145236390,0,41356780,0,S,42600,2200,
000055.SZ,000055,20251209,145239160,0,41365433,0,S,42700,100,
000055.SZ,000055,20251209,145239170,0,41365448,0,B,42800,600,
000055.SZ,000055,20251209,145242190,0,41374736,0,S,42700,200,
000055.SZ,000055,20251209,145245160,0,41383917,0,S,42700,200,
000055.SZ,000055,20251209,145248170,0,41392953,0,S,42700,800,
000055.SZ,000055,20251209,145248180,0,41392965,0,S,42700,100,
000055.SZ,000055,20251209,145250760,0,41401271,0,S,42700,5000,
000055.SZ,000055,20251209,145250770,0,41401296,0,S,42700,200,
000055.SZ,000055,20251209,145251470,0,41403582,0,S,42800,100,
000055.SZ,000055,20251209,145303940,0,41450433,0,B,42600,800,
000055.SZ,000055,20251209,145312620,0,41482603,0,B,42700,20500,
000055.SZ,000055,20251209,145312630,0,41482620,0,S,42700,600,
000055.SZ,000055,20251209,145312630,0,41482622,0,B,42800,100,
000055.SZ,000055,20251209,145312630,0,41482624,0,S,42700,100,
000055.SZ,000055,20251209,145312630,0,41482626,0,S,42700,300,
000055.SZ,000055,20251209,145312630,0,41482628,0,B,42800,300,
000055.SZ,000055,20251209,145312630,0,41482630,0,B,42800,100,
000055.SZ,000055,20251209,145312630,0,41482632,0,B,42800,300,
000055.SZ,000055,20251209,145312630,0,41482635,0,B,42800,100,
000055.SZ,000055,20251209,145312630,0,41482637,0,B,42800,100,
000055.SZ,000055,20251209,145312630,0,41482640,0,B,42800,200,
000055.SZ,000055,20251209,145312630,0,41482651,0,B,42800,100,
000055.SZ,000055,20251209,145312630,0,41482653,0,B,42800,100,
000055.SZ,000055,20251209,145312720,0,41482919,0,B,42600,2000,
000055.SZ,000055,20251209,145315230,0,41491957,0,B,42800,300,
000055.SZ,000055,20251209,145315230,0,41491973,0,S,42800,200,
000055.SZ,000055,20251209,145315240,0,41491981,0,S,42800,900,
000055.SZ,000055,20251209,145315240,0,41491982,0,S,42700,800,
000055.SZ,000055,20251209,145315240,0,41491984,0,S,42800,200,
000055.SZ,000055,20251209,145315240,0,41491985,0,S,42800,500,
000055.SZ,000055,20251209,145315240,0,41491986,0,S,42800,200,
000055.SZ,000055,20251209,145315240,0,41491987,0,S,42800,300,
000055.SZ,000055,20251209,145315240,0,41491988,0,S,42700,300,
000055.SZ,000055,20251209,145315240,0,41491997,0,S,42800,200,
000055.SZ,000055,20251209,145315290,0,41492270,0,B,43100,1400,
000055.SZ,000055,20251209,145315540,0,41493231,0,S,42700,4100,
000055.SZ,000055,20251209,145316480,0,41496643,0,B,42700,200,
000055.SZ,000055,20251209,145316490,0,41496664,0,S,42700,100,
000055.SZ,000055,20251209,145316490,0,41496666,0,S,42700,300,
000055.SZ,000055,20251209,145316490,0,41496669,0,S,42700,100,
000055.SZ,000055,20251209,145316490,0,41496702,0,B,42700,300,
000055.SZ,000055,20251209,145316490,0,41496707,0,B,42700,100,
000055.SZ,000055,20251209,145316500,0,41496722,0,B,42700,300,
000055.SZ,000055,20251209,145316500,0,41496736,0,B,42700,100,
000055.SZ,000055,20251209,145316890,0,41497910,0,S,42900,100,
000055.SZ,000055,20251209,145318220,0,41502510,0,B,43100,400,
000055.SZ,000055,20251209,145318890,0,41504825,0,B,42700,200,
000055.SZ,000055,20251209,145322890,0,41518155,0,S,42700,100,
000055.SZ,000055,20251209,145322890,0,41518157,0,S,42700,100,
000055.SZ,000055,20251209,145322900,0,41518165,0,S,42700,300,
000055.SZ,000055,20251209,145324130,0,41521996,0,S,42700,200,
000055.SZ,000055,20251209,145324520,0,41523239,0,B,42700,100,
000055.SZ,000055,20251209,145327210,0,41532338,0,S,42700,200,
000055.SZ,000055,20251209,145327220,0,41532384,0,S,42700,100,
000055.SZ,000055,20251209,145328480,0,41536661,0,B,42700,300,
000055.SZ,000055,20251209,145330760,0,41545016,0,B,43100,100,
000055.SZ,000055,20251209,145342140,0,41583832,0,S,42800,3400,
000055.SZ,000055,20251209,145342150,0,41583850,0,S,42800,100,
000055.SZ,000055,20251209,145344220,0,41590781,0,S,42800,1200,
000055.SZ,000055,20251209,145344820,0,41592445,0,S,42700,400,
000055.SZ,000055,20251209,145344850,0,41592519,0,B,42800,200,
000055.SZ,000055,20251209,145344980,0,41592841,0,S,42700,100,
000055.SZ,000055,20251209,145345280,0,41593969,0,B,42700,100,
000055.SZ,000055,20251209,145346100,0,41596845,0,B,42700,1000,
000055.SZ,000055,20251209,145401080,0,41649576,0,S,42700,4000,
000055.SZ,000055,20251209,145401090,0,41649594,0,B,42700,100,
000055.SZ,000055,20251209,145401090,0,41649596,0,B,42700,100,
000055.SZ,000055,20251209,145401090,0,41649598,0,B,42700,100,
000055.SZ,000055,20251209,145401090,0,41649600,0,B,42700,100,
000055.SZ,000055,20251209,145401090,0,41649602,0,B,42700,100,
000055.SZ,000055,20251209,145401090,0,41649604,0,B,42700,100,
000055.SZ,000055,20251209,145401090,0,41649606,0,B,42700,100,
000055.SZ,000055,20251209,145401090,0,41649608,0,B,42700,1100,
000055.SZ,000055,20251209,145401090,0,41649621,0,S,42700,1000,
000055.SZ,000055,20251209,145401090,0,41649627,0,B,42700,600,
000055.SZ,000055,20251209,145401090,0,41649629,0,B,42700,200,
000055.SZ,000055,20251209,145401090,0,41649632,0,B,42700,300,
000055.SZ,000055,20251209,145401090,0,41649636,0,B,42700,200,
000055.SZ,000055,20251209,145401090,0,41649638,0,B,42700,400,
000055.SZ,000055,20251209,145401100,0,41649651,0,B,42700,400,
000055.SZ,000055,20251209,145401140,0,41649853,0,B,42700,200,
000055.SZ,000055,20251209,145401180,0,41650106,0,B,42700,100,
000055.SZ,000055,20251209,145401220,0,41650324,0,B,42700,400,
000055.SZ,000055,20251209,145403290,0,41659361,0,S,42800,600,
000055.SZ,000055,20251209,145403820,0,41661465,0,S,42700,400,
000055.SZ,000055,20251209,145404210,0,41663312,0,S,42700,100,
000055.SZ,000055,20251209,145405110,0,41667070,0,B,43100,200,
000055.SZ,000055,20251209,145406510,0,41672549,0,S,42700,100,
000055.SZ,000055,20251209,145407150,0,41675343,0,S,42700,100,
000055.SZ,000055,20251209,145407150,0,41675400,0,S,42800,200,
000055.SZ,000055,20251209,145407200,0,41675695,0,S,42700,100,
000055.SZ,000055,20251209,145407840,0,41678278,0,B,42700,300,
000055.SZ,000055,20251209,145408120,0,41679253,0,S,42700,100,
000055.SZ,000055,20251209,145409220,0,41682921,0,B,43100,100,
000055.SZ,000055,20251209,145412910,0,41697856,0,S,42700,200,
000055.SZ,000055,20251209,145415250,0,41707181,0,S,42800,100,
000055.SZ,000055,20251209,145421790,0,41733520,0,B,42700,3000,
000055.SZ,000055,20251209,145422950,0,41738425,0,B,42700,800,
000055.SZ,000055,20251209,145426990,0,41752036,0,S,42800,100,
000055.SZ,000055,20251209,145439010,0,41800379,0,S,42700,3300,
000055.SZ,000055,20251209,145439220,0,41801140,0,B,42700,300,
000055.SZ,000055,20251209,145441280,0,41808631,0,S,42800,3000,
000055.SZ,000055,20251209,145441290,0,41808644,0,S,42700,200,
000055.SZ,000055,20251209,145442280,0,41811594,0,S,42700,200,
000055.SZ,000055,20251209,145443300,0,41815203,0,S,42800,200,
000055.SZ,000055,20251209,145443310,0,41815238,0,S,42700,100,
000055.SZ,000055,20251209,145445780,0,41822992,0,B,42700,100,
000055.SZ,000055,20251209,145446430,0,41825235,0,B,42700,800,
000055.SZ,000055,20251209,145446430,0,41825246,0,S,42700,300,
000055.SZ,000055,20251209,145446440,0,41825248,0,S,42700,1300,
000055.SZ,000055,20251209,145446440,0,41825306,0,B,42700,100,
000055.SZ,000055,20251209,145446440,0,41825310,0,B,42800,200,
000055.SZ,000055,20251209,145446450,0,41825341,0,B,42800,200,
000055.SZ,000055,20251209,145447290,0,41828135,0,B,42700,2700,
000055.SZ,000055,20251209,145447340,0,41828333,0,S,42700,3400,
000055.SZ,000055,20251209,145447350,0,41828352,0,B,42700,100,
000055.SZ,000055,20251209,145447350,0,41828354,0,B,42700,100,
000055.SZ,000055,20251209,145447350,0,41828356,0,B,42700,100,
000055.SZ,000055,20251209,145447350,0,41828361,0,B,42700,500,
000055.SZ,000055,20251209,145447350,0,41828367,0,B,42700,300,
000055.SZ,000055,20251209,145447350,0,41828378,0,B,42700,200,
000055.SZ,000055,20251209,145448310,0,41831545,0,B,43100,100,
000055.SZ,000055,20251209,145449470,0,41835576,0,B,42700,400,
000055.SZ,000055,20251209,145452460,0,41845707,0,B,42700,4000,
000055.SZ,000055,20251209,145454900,0,41853661,0,B,42700,300,
000055.SZ,000055,20251209,145454900,0,41853672,0,S,42700,1200,
000055.SZ,000055,20251209,145454900,0,41853679,0,S,42700,3900,
000055.SZ,000055,20251209,145457250,0,41861346,0,B,42700,400,
000055.SZ,000055,20251209,145457260,0,41861402,0,S,42800,5100,
000055.SZ,000055,20251209,145457550,0,41862415,0,B,42600,100,
000055.SZ,000055,20251209,145458530,0,41865754,0,B,42700,4600,
000055.SZ,000055,20251209,145500060,0,41870903,0,B,42700,800,
000055.SZ,000055,20251209,145500060,0,41870953,0,B,42800,500,
000055.SZ,000055,20251209,145500080,0,41871056,0,S,42700,1300,
000055.SZ,000055,20251209,145500310,0,41872250,0,B,42700,200,
000055.SZ,000055,20251209,145500940,0,41876962,0,B,42700,1300,
000055.SZ,000055,20251209,145500950,0,41876999,0,S,42700,1400,
000055.SZ,000055,20251209,145503150,0,41886629,0,S,42700,100,
000055.SZ,000055,20251209,145503150,0,41886634,0,S,42700,900,
000055.SZ,000055,20251209,145503160,0,41886659,0,S,42800,2300,
000055.SZ,000055,20251209,145503160,0,41886707,0,B,42900,900,
000055.SZ,000055,20251209,145504410,0,41892719,0,S,42700,600,
000055.SZ,000055,20251209,145504410,0,41892771,0,S,42700,100,
000055.SZ,000055,20251209,145504410,0,41892777,0,S,42800,200,
000055.SZ,000055,20251209,145504410,0,41892779,0,S,42800,200,
000055.SZ,000055,20251209,145504420,0,41892876,0,S,42800,1700,
000055.SZ,000055,20251209,145505570,0,41898994,0,S,42700,100,
000055.SZ,000055,20251209,145505630,0,41899201,0,S,42700,500,
000055.SZ,000055,20251209,145505890,0,41900085,0,S,42700,4600,
000055.SZ,000055,20251209,145506190,0,41901756,0,B,42600,500,
000055.SZ,000055,20251209,145507530,0,41907916,0,S,42700,10500,
000055.SZ,000055,20251209,145507930,0,41909205,0,S,42800,100,
000055.SZ,000055,20251209,145509150,0,41913826,0,S,42700,300,
000055.SZ,000055,20251209,145511870,0,41925164,0,S,42700,200,
000055.SZ,000055,20251209,145511870,0,41925169,0,S,42700,300,
000055.SZ,000055,20251209,145513250,0,41931127,0,S,42700,100,
000055.SZ,000055,20251209,145515210,0,41938613,0,S,42700,200,
000055.SZ,000055,20251209,145516030,0,41941954,0,S,42700,100,
000055.SZ,000055,20251209,145518180,0,41951778,0,S,42700,300,
000055.SZ,000055,20251209,145518190,0,41951802,0,S,42700,200,
000055.SZ,000055,20251209,145518770,0,41954184,0,S,42300,100,
000055.SZ,000055,20251209,145518830,0,41954417,0,B,42700,100,
000055.SZ,000055,20251209,145528290,0,41992835,0,S,42900,5000,
000055.SZ,000055,20251209,145530150,0,41999892,0,S,42700,800,
000055.SZ,000055,20251209,145530150,0,41999894,0,S,42700,200,
000055.SZ,000055,20251209,145531950,0,42007260,0,B,43000,800,
000055.SZ,000055,20251209,145533100,0,42012847,0,B,42600,100,
000055.SZ,000055,20251209,145544950,0,42067552,0,B,42700,500,
000055.SZ,000055,20251209,145544970,0,42067608,0,S,42700,100,
000055.SZ,000055,20251209,145553430,0,42101182,0,B,42700,1200,
000055.SZ,000055,20251209,145553440,0,42101196,0,S,42700,2100,
000055.SZ,000055,20251209,145554230,0,42104045,0,B,42700,100,
000055.SZ,000055,20251209,145554230,0,42104047,0,B,42700,100,
000055.SZ,000055,20251209,145601110,0,42138156,0,B,42700,19000,
000055.SZ,000055,20251209,145601120,0,42138188,0,S,42700,300,
000055.SZ,000055,20251209,145601120,0,42138192,0,S,42700,300,
000055.SZ,000055,20251209,145601120,0,42138194,0,S,42700,100,
000055.SZ,000055,20251209,145601120,0,42138196,0,S,42700,100,
000055.SZ,000055,20251209,145601120,0,42138198,0,S,42700,100,
000055.SZ,000055,20251209,145601120,0,42138200,0,S,42800,300,
000055.SZ,000055,20251209,145601120,0,42138201,0,S,42800,200,
000055.SZ,000055,20251209,145601120,0,42138202,0,S,42800,1200,
000055.SZ,000055,20251209,145601240,0,42138916,0,S,42700,100,
000055.SZ,000055,20251209,145601250,0,42138952,0,S,42700,100,
000055.SZ,000055,20251209,145601300,0,42139181,0,S,42700,2400,
000055.SZ,000055,20251209,145603150,0,42147704,0,S,42800,200,
000055.SZ,000055,20251209,145603150,0,42147712,0,S,42800,500,
000055.SZ,000055,20251209,145603150,0,42147717,0,S,42700,100,
000055.SZ,000055,20251209,145603150,0,42147728,0,S,42700,200,
000055.SZ,000055,20251209,145603150,0,42147733,0,S,42700,100,
000055.SZ,000055,20251209,145603150,0,42147740,0,S,42700,100,
000055.SZ,000055,20251209,145603150,0,42147762,0,S,42700,100,
000055.SZ,000055,20251209,145603150,0,42147808,0,S,42700,1100,
000055.SZ,000055,20251209,145603220,0,42148363,0,S,42700,100,
000055.SZ,000055,20251209,145603220,0,42148366,0,S,42700,100,
000055.SZ,000055,20251209,145604240,0,42153125,0,S,42700,100,
000055.SZ,000055,20251209,145604240,0,42153215,0,S,42800,300,
000055.SZ,000055,20251209,145604270,0,42153429,0,S,42700,100,
000055.SZ,000055,20251209,145607650,0,42168241,0,S,42700,100,
000055.SZ,000055,20251209,145609250,0,42174922,0,S,42700,100,
000055.SZ,000055,20251209,145609260,0,42174947,0,S,42700,100,
000055.SZ,000055,20251209,145609260,0,42174949,0,S,42700,100,
000055.SZ,000055,20251209,145609260,0,42174951,0,S,42700,100,
000055.SZ,000055,20251209,145609260,0,42174955,0,S,42700,100,
000055.SZ,000055,20251209,145610670,0,42181363,0,S,42800,200,
000055.SZ,000055,20251209,145610670,0,42181366,0,S,42700,100,
000055.SZ,000055,20251209,145613250,0,42193123,0,B,42700,2400,
000055.SZ,000055,20251209,145615190,0,42201985,0,S,42700,200,
000055.SZ,000055,20251209,145615190,0,42201987,0,S,42800,300,
000055.SZ,000055,20251209,145615190,0,42201990,0,S,42800,200,
000055.SZ,000055,20251209,145616400,0,42207950,0,S,42800,20000,
000055.SZ,000055,20251209,145623020,0,42237285,0,S,42700,700,
000055.SZ,000055,20251209,145626330,0,42252008,0,B,43300,500,
000055.SZ,000055,20251209,145627460,0,42257545,0,B,43300,100,
000055.SZ,000055,20251209,145629420,0,42267974,0,S,42700,10000,
000055.SZ,000055,20251209,145630380,0,42273155,0,S,42600,100,
000055.SZ,000055,20251209,145632010,0,42282729,0,S,42200,100,
000055.SZ,000055,20251209,145633290,0,42289835,0,B,42400,100,
000055.SZ,000055,20251209,145634170,0,42295235,0,S,42700,200,
000055.SZ,000055,20251209,145634360,0,42296238,0,B,42700,1900,
000055.SZ,000055,20251209,145635170,0,42300117,0,S,42700,200,
000055.SZ,000055,20251209,145635180,0,42300168,0,S,42700,300,
000055.SZ,000055,20251209,145635360,0,42301177,0,S,42600,300,
000055.SZ,000055,20251209,145636290,0,42306327,0,S,42700,800,
000055.SZ,000055,20251209,145636820,0,42308934,0,B,42700,56400,
000055.SZ,000055,20251209,145638490,0,42318548,0,S,42800,200,
000055.SZ,000055,20251209,145638490,0,42318550,0,S,42800,100,
000055.SZ,000055,20251209,145638500,0,42318598,0,S,42800,200,
000055.SZ,000055,20251209,145638500,0,42318599,0,S,42800,100,
000055.SZ,000055,20251209,145638500,0,42318600,0,S,42800,200,
000055.SZ,000055,20251209,145638690,0,42319537,0,B,42700,100,
000055.SZ,000055,20251209,145639620,0,42324350,0,S,42700,8600,
000055.SZ,000055,20251209,145642260,0,42334768,0,S,42800,1000,
000055.SZ,000055,20251209,145644020,0,42340823,0,S,42700,8300,
000055.SZ,000055,20251209,145645890,0,42348272,0,B,42800,100,
000055.SZ,000055,20251209,145646130,0,42349293,0,S,42700,3400,
000055.SZ,000055,20251209,145646220,0,42349756,0,S,42700,13100,
000055.SZ,000055,20251209,145646560,0,42351271,0,S,42700,4600,
000055.SZ,000055,20251209,145651180,0,42367459,0,S,42700,100,
000055.SZ,000055,20251209,145652500,0,42371645,0,B,42800,100,
000055.SZ,000055,20251209,145704220,0,42400493,0,S,42800,200,
000055.SZ,000055,20251209,145716740,0,42412733,0,S,42300,4800,
000055.SZ,000055,20251209,145727190,0,42422221,0,B,42700,5000,
000055.SZ,000055,20251209,145740040,0,42432682,0,S,42700,5000,
000055.SZ,000055,20251209,145754860,0,42443605,0,B,42800,600,
000055.SZ,000055,20251209,145800060,0,42447203,0,S,38900,11700,
000055.SZ,000055,20251209,145800190,0,42447335,0,S,38900,30400,
000055.SZ,000055,20251209,145800410,0,42447586,0,S,38900,7000,
000055.SZ,000055,20251209,145800450,0,42447627,0,S,38900,7000,
000055.SZ,000055,20251209,145804430,0,42450592,0,S,42700,200,
000055.SZ,000055,20251209,145817270,0,42458981,0,S,42900,5000,
000055.SZ,000055,20251209,145819180,0,42460188,0,B,42600,5000,
000055.SZ,000055,20251209,145821170,0,42461386,0,B,42600,10000,
000055.SZ,000055,20251209,145834750,0,42470272,0,S,41900,900,
000055.SZ,000055,20251209,145839330,0,42473647,0,B,42700,35000,
000055.SZ,000055,20251209,145857300,0,42485981,0,S,42900,1900,
000055.SZ,000055,20251209,145857390,0,42486054,0,S,42900,2400,
000055.SZ,000055,20251209,145857400,0,42486066,0,S,42800,100,
000055.SZ,000055,20251209,145857420,0,42486088,0,S,42800,400,
000055.SZ,000055,20251209,145900960,0,42488345,0,B,42700,65000,
000055.SZ,000055,20251209,145903830,0,42490291,0,B,42800,200,
000055.SZ,000055,20251209,145913050,0,42495541,0,B,42800,2600,
000055.SZ,000055,20251209,145930710,0,42506901,0,B,42600,1000,
000055.SZ,000055,20251209,145931100,0,42507184,0,S,42100,3300,
000055.SZ,000055,20251209,145941550,0,42514372,0,B,43600,600,
000055.SZ,000055,20251209,145943760,0,42516969,0,B,43600,700,
000055.SZ,000055,20251209,145944760,0,42518192,0,B,43600,600,
000055.SZ,000055,20251209,145945280,0,42519344,0,B,43600,600,
000055.SZ,000055,20251209,145945380,0,42519479,0,B,43600,600,
000055.SZ,000055,20251209,145945750,0,42519982,0,B,43600,600,
000055.SZ,000055,20251209,145946240,0,42520945,0,B,43600,600,
000055.SZ,000055,20251209,145946930,0,42522214,0,B,43600,600,
000055.SZ,000055,20251209,145946930,0,42522216,0,B,43600,600,
000055.SZ,000055,20251209,145947250,0,42522966,0,B,43600,600,
000055.SZ,000055,20251209,145947250,0,42522969,0,B,43600,600,
000055.SZ,000055,20251209,145947340,0,42523106,0,B,43600,800,
000055.SZ,000055,20251209,145947900,0,42524007,0,B,43600,600,
000055.SZ,000055,20251209,145947900,0,42524014,0,B,43600,600,
000055.SZ,000055,20251209,145948210,0,42524669,0,B,43600,600,
000055.SZ,000055,20251209,145949440,0,42526645,0,B,43600,600,
000055.SZ,000055,20251209,145949540,0,42526836,0,B,43600,1000,
000055.SZ,000055,20251209,145949620,0,42526949,0,B,43600,600,
000055.SZ,000055,20251209,145950890,0,42529638,0,B,43600,600,
000055.SZ,000055,20251209,145951190,0,42530050,0,B,43600,600,
000055.SZ,000055,20251209,145951220,0,42530117,0,B,43600,600,
000055.SZ,000055,20251209,145952830,0,42531880,0,B,43600,1000,
000055.SZ,000055,20251209,145953940,0,42532619,0,B,43600,600,
000055.SZ,000055,20251209,145956320,0,42535095,0,S,42300,13000,
000055.SZ,000055,20251209,145959120,0,42537418,0,B,42700,10600,
